64
;
#(72 84 60 69 12 9 24 )
#(71 81 59 69 10 10 22 )
#(71 84 55 69 13 14 29 )
#(71 81 53 69 10 16 28 )
#(60 88 36 69 28 33 52 )
#(60 84 36 60 24 24 48 )
#(60 81 52 65 21 13 29 )
#(60 84 43 60 24 17 41 )
#(72 84 47 60 12 13 37 )
#(74 84 53 72 10 19 31 )
#(71 88 55 71 17 16 33 )
#(69 86 54 62 17 8 32 )
#(61 86 47 60 25 13 39 )
#(62 84 50 69 22 19 34 )
#(74 86 54 72 12 18 32 )
#(64 86 48 72 22 24 38 )
#(55 81 38 71 26 33 43 )
#(69 86 54 72 17 18 32 )
#(55 88 43 71 33 28 45 )
#(62 79 38 63 17 25 41 )
#(66 88 43 67 22 24 45 )
#(59 84 35 72 25 37 49 )
#(67 89 31 62 22 31 58 )
#(72 86 55 69 14 14 31 )
#(71 81 59 69 10 10 22 )
#(71 84 55 69 13 14 29 )
#(71 84 53 69 13 16 31 )
#(69 88 47 69 19 22 41 )
#(72 84 52 70 12 18 32 )
#(72 86 60 72 14 12 26 )
#(64 86 60 72 22 12 26 )
#(60 74 36 48 14 12 38 )
#(64 77 41 62 13 21 36 )
#(73 89 60 72 16 12 29 )
#(62 88 50 74 26 24 38 )
#(54 81 42 65 27 23 39 )
#(64 79 47 57 15 10 32 )
#(62 86 48 60 24 12 38 )
#(62 86 53 60 24 7 33 )
#(65 79 55 62 14 7 24 )
#(67 79 47 65 12 18 32 )
#(67 81 41 65 14 24 40 )
#(60 86 43 76 26 33 43 )
#(67 79 47 74 12 27 32 )
#(67 82 47 64 15 17 35 )
#(74 84 52 62 10 10 32 )
#(67 89 43 62 22 19 46 )
#(71 84 60 69 13 9 24 )
#(71 81 59 70 10 11 22 )
#(71 84 48 64 13 16 36 )
#(71 88 47 65 17 18 41 )
#(60 88 41 64 28 23 47 )
#(54 72 42 60 18 18 30 )
#(71 81 43 62 10 19 38 )
#(71 83 36 65 12 29 47 )
#(67 81 47 65 14 18 34 )
#(63 84 44 64 21 20 40 )
#(67 88 54 72 21 18 34 )
#(60 88 36 60 28 24 52 )
#(60 83 36 60 23 24 47 )
#(67 84 48 67 17 19 36 )
#(60 84 36 64 24 28 48 )
#(52 69 36 50 17 14 33 )
#(52 60 36 48 8 12 24 )
