64
;
#(11 0 1 0 9 8 0 6 0 3 0 1)
#(8 0 8 0 10 10 0 8 0 4 0 3)
#(13 0 3 0 10 8 0 8 0 3 0 3)
#(5 1 8 0 10 14 0 8 0 6 0 2)
#(9 2 7 0 12 9 0 12 0 6 0 4)
#(17 0 4 0 15 3 0 18 0 0 0 0)
#(5 1 3 1 6 7 1 5 1 4 0 1)
#(17 0 4 0 13 3 0 12 0 0 0 0)
#(13 1 3 2 10 8 1 6 1 5 0 1)
#(5 0 3 0 3 4 3 10 0 7 0 3)
#(9 0 5 5 8 0 3 10 0 9 0 5)
#(5 1 14 0 2 1 4 8 1 5 0 8)
#(6 10 11 1 15 0 7 9 1 8 0 8)
#(15 0 8 6 0 0 13 0 0 13 0 0)
#(7 0 36 3 0 0 12 4 0 11 0 4)
#(8 0 37 0 4 0 6 9 0 3 0 9)
#(1 4 9 2 6 0 2 8 0 5 0 5)
#(7 0 52 0 0 0 7 6 0 4 4 3)
#(3 1 25 12 5 0 3 13 0 1 12 12)
#(3 1 9 1 1 0 2 6 0 2 0 3)
#(5 1 3 1 3 0 2 5 0 2 0 3)
#(3 0 12 0 1 2 1 11 0 1 0 12)
#(0 0 13 0 0 6 0 12 0 0 0 13)
#(11 0 3 0 9 10 0 6 0 3 0 3)
#(8 0 8 0 10 10 0 8 0 4 0 3)
#(13 0 3 0 12 9 1 10 0 3 0 3)
#(6 1 8 0 9 14 0 8 0 9 1 2)
#(20 1 9 1 11 6 1 10 1 8 0 3)
#(50 0 0 0 5 5 0 10 0 6 6 2)
#(19 0 2 0 4 11 0 11 0 11 7 1)
#(14 0 2 0 5 8 0 8 0 9 8 0)
#(17 0 2 0 5 11 0 13 0 11 7 0)
#(10 0 8 0 6 11 0 6 0 10 8 1)
#(3 6 4 0 6 8 1 8 0 10 2 2)
#(9 0 12 0 4 7 4 9 0 11 0 12)
#(7 0 8 0 11 5 10 15 0 11 0 4)
#(9 1 11 0 3 9 0 5 5 7 1 4)
#(10 0 3 0 8 3 3 16 0 4 0 2)
#(11 0 9 0 6 12 0 2 1 10 0 3)
#(1 1 16 0 2 13 0 7 6 1 0 15)
#(4 0 11 0 4 7 0 36 3 0 0 12)
#(9 0 3 0 9 8 0 37 0 4 0 6)
#(8 0 5 0 4 1 4 9 2 6 0 2)
#(6 0 3 4 3 7 0 52 0 0 0 7)
#(5 1 2 0 8 7 0 24 12 8 13 3)
#(4 2 6 0 10 13 0 9 0 9 5 2)
#(3 1 12 1 3 8 1 9 0 3 0 12)
#(12 0 2 0 9 9 1 7 1 4 1 3)
#(7 1 5 0 9 13 0 9 1 7 1 2)
#(25 0 2 0 7 9 1 6 0 2 0 3)
#(11 1 6 0 9 9 3 11 0 9 0 2)
#(15 1 12 0 12 8 0 9 2 6 1 7)
#(8 2 8 0 6 6 2 9 0 12 0 9)
#(3 0 5 0 3 3 1 4 1 2 0 4)
#(5 1 4 0 5 7 2 6 1 3 1 2)
#(8 0 4 0 7 6 0 50 1 2 0 5)
#(10 1 2 12 6 4 1 21 1 6 12 14)
#(19 0 0 6 9 1 10 9 1 9 0 3)
#(18 0 6 0 8 3 0 18 0 2 0 4)
#(15 0 3 0 16 2 0 21 0 1 0 2)
#(16 0 8 0 14 2 0 20 0 0 0 6)
#(12 0 1 0 7 6 0 11 0 5 2 0)
#(10 0 6 0 7 7 0 16 0 6 0 5)
#(3 0 0 0 1 0 0 1 0 0 0 0)
