64
;
#(0.8125 0.75 0.8125 0.0 0.0625 0.0 R )
#(1.0 1.0 1.0 0.0 0.0 0.0 B )
#(1.0 0.9375 1.0 0.0 0.0625 0.0 R )
#(1.0 1.0 1.0 0.0 0.0 0.0 B )
#(0.9375 1.0 1.0 0.0625 0.0 0.0 L )
#(0.875 1.0 1.0 0.125 0.0 0.0 L )
#(0.875 0.8125 1.0 0.125 0.1875 0.0 R )
#(0.875 0.75 1.0 0.125 0.25 0.0 R )
#(1.0 1.0 1.0 0.0 0.0 0.0 B )
#(0.8438 0.875 0.9688 0.1563 0.125 0.0313 L )
#(0.9375 0.4375 1.0 0.0625 0.5625 0.0 R )
#(0.9375 0.4375 1.0 0.0625 0.5625 0.0 R )
#(1.0 0.75 1.0 0.0 0.25 0.0 R )
#(0.9063 0.8125 1.0 0.0938 0.1875 0.0 R )
#(0.875 0.875 1.0 0.125 0.125 0.0 B )
#(1.0 0.5 1.0 0.0 0.5 0.0 R )
#(0.6875 0.5625 0.6875 0.3125 0.4375 0.3125 R )
#(1.0 0.6875 1.0 0.0 0.3125 0.0 R )
#(1.0 0.8542 1.0 0.0 0.1458 0.0 R )
#(0.6875 0.3125 0.8125 0.3125 0.6875 0.1875 R )
#(0.75 0.4375 1.0 0.25 0.5625 0.0 R )
#(0.75 0.8125 1.0 0.25 0.1875 0.0 L )
#(0.8125 0.75 1.0 0.1875 0.25 0.0 R )
#(0.9375 0.875 1.0 0.0625 0.125 0.0 R )
#(1.0 1.0 1.0 0.0 0.0 0.0 B )
#(1.0 0.9375 1.0 0.0 0.0625 0.0 R )
#(1.0 1.0 1.0 0.0 0.0 0.0 B )
#(1.0 0.9375 1.0 0.0 0.0625 0.0 R )
#(1.0 0.625 1.0 0.0 0.375 0.0 R )
#(1.0 1.0 1.0 0.0 0.0 0.0 B )
#(1.0 0.8125 1.0 0.0 0.1875 0.0 R )
#(1.0 1.0 1.0 0.0 0.0 0.0 B )
#(1.0 0.625 1.0 0.0 0.375 0.0 R )
#(1.0 0.6875 1.0 0.0 0.3125 0.0 R )
#(1.0 0.75 1.0 0.0 0.25 0.0 R )
#(0.5625 0.875 1.0 0.4375 0.125 0.0 L )
#(0.9375 0.5 1.0 0.0625 0.5 0.0 R )
#(0.9375 0.5 1.0 0.0625 0.5 0.0 R )
#(0.9375 0.5 1.0 0.0625 0.5 0.0 R )
#(0.9063 0.75 1.0 0.0938 0.25 0.0 R )
#(0.875 0.875 1.0 0.125 0.125 0.0 B )
#(1.0 0.5 1.0 0.0 0.5 0.0 R )
#(0.6875 0.5625 0.6875 0.3125 0.4375 0.3125 R )
#(1.0 0.6875 1.0 0.0 0.3125 0.0 R )
#(1.0 0.75 1.0 0.0 0.25 0.0 R )
#(1.0 0.4375 1.0 0.0 0.5625 0.0 R )
#(1.0 0.5625 1.0 0.0 0.4375 0.0 R )
#(1.0 0.75 1.0 0.0 0.25 0.0 R )
#(0.9375 1.0 1.0 0.0625 0.0 0.0 L )
#(1.0 0.9375 1.0 0.0 0.0625 0.0 R )
#(1.0 1.0 1.0 0.0 0.0 0.0 B )
#(1.0 0.75 1.0 0.0 0.25 0.0 R )
#(0.875 0.625 0.9375 0.125 0.375 0.0625 R )
#(0.75 0.25 1.0 0.25 0.75 0.0 R )
#(0.375 0.8125 1.0 0.625 0.1875 0.0 L )
#(0.9792 0.75 1.0 0.0208 0.25 0.0 R )
#(1.0 0.9375 1.0 0.0 0.0625 0.0 R )
#(0.6667 0.6667 1.0 0.3333 0.3333 0.0 B )
#(0.9375 1.0 1.0 0.0625 0.0 0.0 L )
#(0.875 1.0 1.0 0.125 0.0 0.0 L )
#(0.75 0.875 1.0 0.25 0.125 0.0 L )
#(0.9375 0.875 0.9375 0.0625 0.125 0.0625 R )
#(1.0 1.0 1.0 0.0 0.0 0.0 B )
#(0.5 0.5 0.5 0.25 0.25 0.25 B )
