#(11 14 0 0 0 0 0 0 0 0 )
#(12 15 3 0 0 0 0 0 0 0 )
#(11 13 2 0 1 0 0 0 0 0 )
#(12 14 3 0 1 0 0 0 0 0 )
#(6 18 5 1 0 0 0 0 0 0 )
#(6 7 7 4 0 0 0 0 0 0 )
#(14 3 5 0 0 0 0 0 0 0 )
#(14 7 7 0 0 0 0 0 0 0 )
#(16 13 3 0 0 0 0 0 0 0 )
#(11 3 7 0 0 0 0 0 0 0 )
#(31 0 5 2 0 0 0 0 0 0 )
#(31 4 2 1 0 0 0 0 0 0 )
#(22 24 2 0 0 0 0 0 0 0 )
#(10 9 9 0 0 0 0 0 0 0 )
#(34 5 11 0 0 0 0 0 0 0 )
#(36 0 10 1 0 1 0 0 0 0 )
#(5 1 3 4 2 0 0 0 0 0 )
#(40 1 11 2 0 0 0 0 0 0 )
#(45 5 8 2 0 0 0 0 0 0 )
#(10 3 0 0 0 2 0 0 0 0 )
#(13 3 2 0 0 0 0 0 0 0 )
#(2 7 4 0 3 0 0 0 0 0 )
#(6 2 2 4 0 2 0 0 0 0 )
#(13 14 0 1 0 0 0 0 0 0 )
#(12 15 3 0 0 0 0 0 0 0 )
#(6 21 2 0 0 0 0 0 0 0 )
#(5 22 3 0 0 0 0 0 0 0 )
#(14 22 3 1 0 0 0 0 0 0 )
#(42 0 14 0 0 0 0 0 0 0 )
#(10 22 4 0 0 0 0 0 0 0 )
#(17 14 3 0 0 0 0 0 0 0 )
#(10 22 4 0 0 0 0 0 0 0 )
#(12 14 4 2 0 0 0 0 0 0 )
#(15 2 5 4 0 0 0 0 0 0 )
#(23 13 3 1 0 1 0 0 0 0 )
#(11 27 2 0 0 0 0 0 0 0 )
#(31 0 4 3 0 0 0 0 0 0 )
#(31 4 2 1 0 0 0 0 0 0 )
#(31 0 5 2 0 0 0 0 0 0 )
#(19 8 9 0 0 0 0 0 0 0 )
#(34 5 11 0 0 0 0 0 0 0 )
#(36 0 10 1 0 1 0 0 0 0 )
#(5 1 4 3 2 0 0 0 0 0 )
#(40 1 12 1 0 0 0 0 0 0 )
#(50 0 7 3 0 0 0 0 0 0 )
#(44 0 0 4 0 0 0 0 0 0 )
#(31 1 0 2 0 2 0 0 0 0 )
#(18 13 0 0 1 0 0 0 0 0 )
#(12 19 0 0 1 0 0 0 0 0 )
#(12 18 1 1 0 0 0 0 0 0 )
#(9 23 2 0 0 0 0 0 0 0 )
#(24 11 2 4 1 0 0 0 0 0 )
#(9 25 1 0 0 0 0 0 0 0 )
#(16 2 2 0 0 0 0 0 0 0 )
#(3 11 4 0 0 0 0 0 0 0 )
#(42 1 13 0 0 0 0 0 0 0 )
#(53 0 7 4 0 0 0 0 0 0 )
#(40 1 3 4 0 0 0 0 0 0 )
#(17 5 8 2 0 0 0 0 0 0 )
#(5 8 5 6 0 0 0 0 0 0 )
#(36 0 3 4 1 0 0 0 0 0 )
#(11 14 0 0 1 0 0 0 0 0 )
#(13 16 0 3 0 0 0 0 0 0 )
#(0 0 0 0 1 0 0 0 0 0 )
