47
;
#(57 78 30 57 21 27 48 )
#(54 80 29 62 26 33 51 )
#(53 74 37 62 21 25 37 )
#(60 83 49 64 23 15 34 )
#(55 74 37 62 19 25 37 )
#(60 91 43 64 31 21 48 )
#(61 86 37 62 25 25 49 )
#(65 93 42 62 28 20 51 )
#(65 85 44 63 20 19 41 )
#(71 88 47 73 17 26 41 )
#(64 91 32 64 27 32 59 )
#(30 86 49 59 56 10 37 )
#(30 86 49 59 56 10 37 )
#(66 91 50 73 25 23 41 )
#(55 91 30 71 36 41 61 )
#(57 90 26 59 33 33 64 )
#(66 93 33 66 27 33 60 )
#(62 93 40 68 31 28 53 )
#(50 90 37 82 40 45 53 )
#(63 85 43 73 22 30 42 )
#(57 92 39 78 35 39 53 )
#(56 86 30 68 30 38 56 )
#(69 93 35 62 24 27 58 )
#(65 85 44 69 20 25 41 )
#(65 95 44 62 30 18 51 )
#(57 97 25 64 40 39 72 )
#(55 83 31 61 28 30 52 )
#(53 81 29 61 28 32 52 )
#(76 93 37 69 17 32 56 )
#(70 93 34 69 23 35 59 )
#(66 90 32 73 24 41 58 )
#(68 95 36 71 27 35 59 )
#(34 95 37 63 61 26 58 )
#(34 90 53 63 56 10 37 )
#(70 94 53 75 24 22 41 )
#(62 95 34 76 33 42 61 )
#(61 75 30 63 14 33 45 )
#(61 92 34 70 31 36 58 )
#(70 94 30 59 24 29 64 )
#(35 91 35 64 56 29 56 )
#(73 90 48 69 17 21 42 )
#(57 90 32 69 33 37 58 )
#(54 83 31 52 29 21 52 )
#(53 91 30 50 38 20 61 )
#(70 94 30 54 24 24 64 )
#(58 74 29 61 16 32 45 )
#(58 85 30 58 27 28 55 )
