47
;
#(18 0 5 15 0 8 0 20 6 0 0 3)
#(10 0 19 8 0 11 10 4 8 5 0 8)
#(12 0 16 13 0 11 4 29 7 4 0 13)
#(9 10 8 6 1 4 2 17 6 1 4 8)
#(14 1 16 17 0 11 3 25 7 2 1 12)
#(19 13 5 9 1 5 3 18 7 2 5 5)
#(20 3 3 14 0 4 0 37 3 0 0 7)
#(10 0 19 7 1 27 1 25 16 0 3 25)
#(23 0 16 11 4 20 2 23 12 3 2 17)
#(12 5 7 15 1 33 1 11 4 8 19 2)
#(16 3 21 6 7 16 11 18 7 11 1 14)
#(19 0 8 0 14 4 4 30 0 6 0 4)
#(25 0 8 0 15 6 4 37 2 22 0 7)
#(21 4 24 2 22 25 2 20 6 17 8 14)
#(12 11 7 3 25 17 2 24 4 13 10 4)
#(3 8 5 0 17 4 0 17 0 18 0 3)
#(6 1 13 0 15 6 0 28 0 2 0 6)
#(5 3 8 2 17 7 3 6 7 7 1 4)
#(11 5 7 0 19 11 0 16 5 3 1 3)
#(1 11 1 15 2 6 1 15 13 0 15 6)
#(8 5 6 3 12 2 10 5 3 11 1 12)
#(10 0 23 9 0 20 1 33 15 0 0 15)
#(18 0 27 10 3 28 1 27 35 0 6 16)
#(30 1 35 26 2 32 9 19 5 8 0 10)
#(16 21 21 20 1 21 3 29 24 2 2 13)
#(29 12 14 28 0 10 5 45 10 1 10 10)
#(8 17 14 10 2 14 20 28 12 2 1 11)
#(22 21 8 17 0 11 5 34 8 2 2 10)
#(27 6 1 25 1 8 0 18 17 1 13 0)
#(26 17 0 5 22 10 2 15 17 1 20 2)
#(36 5 11 5 13 26 14 29 15 15 10 10)
#(22 1 19 6 13 18 8 26 2 13 1 15)
#(17 0 10 0 12 8 6 23 2 8 0 4)
#(25 0 8 0 15 4 4 33 2 16 0 7)
#(18 0 22 0 24 21 0 33 0 19 3 14)
#(15 10 12 2 20 17 2 24 3 17 14 6)
#(11 9 3 2 18 5 1 16 3 18 0 4)
#(7 0 7 0 15 4 0 35 0 6 0 5)
#(15 4 0 0 7 13 0 7 17 0 4 0)
#(32 0 5 1 20 5 4 24 2 16 0 6)
#(4 5 8 3 12 7 2 43 5 15 5 34)
#(12 8 10 6 10 0 2 35 0 5 29 2)
#(18 13 5 11 1 6 4 21 8 1 4 3)
#(36 6 6 1 12 14 0 21 13 0 5 10)
#(42 0 8 0 16 12 0 33 10 0 1 2)
#(19 0 5 6 6 9 0 14 9 0 0 8)
#(9 0 0 0 9 0 0 9 0 0 0 0)
