47
;
#(1.0 1.0 1.0 0.0 0.0 0.0 B )
#(1.0 1.0 1.0 0.0 0.0 0.0 B )
#(1.0 1.0 1.0 0.0 0.0 0.0 B )
#(1.0 1.0 1.0 0.0 0.0 0.0 B )
#(1.0 1.0 1.0 0.0 0.0 0.0 B )
#(1.0 1.0 1.0 0.0 0.0 0.0 B )
#(0.7917 0.625 0.8542 0.2083 0.1458 0.1458 R )
#(1.0 0.2292 0.9495 0.0 0.2113 0.0505 R )
#(1.0 0.25 0.9931 0.0 0.25 0.0069 R )
#(1.0 0.8125 1.0 0.0 0.1875 0.0 R )
#(1.0 1.0 1.0 0.0 0.0 0.0 B )
#(0.9167 1.0 1.0 0.0833 0.0 0.0 L )
#(0.9167 1.0 1.0 0.0833 0.0 0.0 L )
#(1.0 1.0 1.0 0.0 0.0 0.0 R )
#(0.875 0.9583 0.9583 0.125 0.0417 0.0417 L )
#(0.875 1.0 1.0 0.125 0.0 0.0 L )
#(1.0 1.0 1.0 0.0 0.0 0.0 R )
#(1.0 1.0 1.0 0.0 0.0 0.0 B )
#(1.0 1.0 1.0 0.0 0.0 0.0 B )
#(1.0 1.0 1.0 0.0 0.0 0.0 B )
#(1.0 1.0 1.0 0.0 0.0 0.0 B )
#(0.8333 0.7083 0.9583 0.125 0.2917 0.0 R )
#(0.9583 1.0 1.0 0.0417 0.0 0.0 L )
#(0.9375 0.8125 1.0 0.0625 0.1875 0.0 R )
#(0.875 1.0 1.0 0.125 0.0 0.0 L )
#(0.8854 1.0 1.0 0.1146 0.0 0.0 L )
#(1.0 1.0 1.0 0.0 0.0 0.0 B )
#(1.0 1.0 1.0 0.0 0.0 0.0 B )
#(0.7917 0.25 0.825 0.2083 0.2708 0.175 R )
#(1.0 0.2292 0.8939 0.0 0.2708 0.1061 R )
#(1.0 0.5208 1.0 0.0 0.2292 0.0 R )
#(1.0 1.0 1.0 0.0 0.0 0.0 B )
#(0.9167 1.0 1.0 0.0833 0.0 0.0 L )
#(0.9167 1.0 1.0 0.0833 0.0 0.0 L )
#(1.0 1.0 1.0 0.0 0.0 0.0 R )
#(0.9583 0.9583 0.9583 0.0417 0.0417 0.0417 B )
#(0.7917 1.0 1.0 0.2083 0.0 0.0 L )
#(1.0 1.0 1.0 0.0 0.0 0.0 B )
#(0.8333 0.9167 0.9167 0.1667 0.0833 0.0833 L )
#(0.9167 1.0 1.0 0.0833 0.0 0.0 L )
#(0.9583 1.0 1.0 0.0417 0.0 0.0 L )
#(1.0 1.0 1.0 0.0 0.0 0.0 L )
#(1.0 1.0 1.0 0.0 0.0 0.0 B )
#(1.0 1.0 1.0 0.0 0.0 0.0 L )
#(1.0 1.0 1.0 0.0 0.0 0.0 R )
#(1.0 1.0 1.0 0.0 0.0 0.0 B )
#(0.7778 0.7778 0.7778 0.2222 0.2222 0.2222 B )
