47
;
#(1 0 2 0 7 2 3 0 0 0 )
#(1 0 0 0 3 10 1 0 0 0 )
#(5 3 1 2 6 6 3 0 0 0 )
#(2 4 1 2 3 2 4 0 0 0 )
#(6 8 1 4 8 0 4 0 0 0 )
#(1 6 1 4 6 5 0 0 0 0 )
#(12 2 3 6 7 0 1 0 0 0 )
#(38 9 0 6 7 2 1 0 0 0 )
#(39 9 6 7 6 0 0 0 0 0 )
#(14 18 10 7 2 0 0 0 0 0 )
#(14 15 1 8 8 2 0 0 0 0 )
#(26 8 9 5 0 0 0 0 0 0 )
#(44 9 12 7 0 0 0 0 0 0 )
#(8 48 3 13 0 0 0 0 0 0 )
#(1 20 8 8 1 5 0 0 0 0 )
#(0 5 1 2 2 5 2 0 0 0 )
#(6 2 1 4 6 3 0 0 0 0 )
#(10 5 1 8 3 0 0 0 0 0 )
#(11 3 2 7 6 0 0 0 0 0 )
#(29 5 11 1 2 0 0 0 0 0 )
#(29 8 11 0 0 0 0 0 0 0 )
#(39 9 0 11 5 0 0 0 0 0 )
#(71 1 1 20 3 0 0 0 0 0 )
#(71 0 4 11 10 0 0 0 0 0 )
#(69 1 7 14 5 0 0 0 0 0 )
#(50 8 7 11 5 3 0 0 0 0 )
#(9 14 12 5 5 2 0 0 1 0 )
#(18 4 8 11 4 2 2 0 0 0 )
#(28 9 1 8 6 1 0 0 0 0 )
#(32 7 4 5 7 4 0 0 0 0 )
#(13 9 9 9 8 8 1 0 0 0 )
#(11 11 4 11 11 0 0 0 0 0 )
#(22 14 9 2 1 0 0 0 0 0 )
#(40 10 10 6 0 0 0 0 0 0 )
#(18 38 4 12 0 0 0 0 0 0 )
#(8 17 6 10 6 2 0 0 0 0 )
#(5 6 3 4 3 3 1 1 0 0 )
#(3 6 2 2 6 1 2 0 0 0 )
#(0 10 2 5 3 1 0 0 0 0 )
#(34 9 10 7 1 0 0 0 0 0 )
#(44 6 4 15 3 0 0 0 0 0 )
#(12 18 4 0 1 9 0 0 0 0 )
#(2 6 4 2 5 6 0 0 0 0 )
#(18 2 17 6 3 2 0 0 0 0 )
#(56 1 3 6 4 1 1 0 0 0 )
#(1 6 1 1 4 6 0 0 0 0 )
#(0 0 1 0 0 4 0 0 0 0 )
