19
;
#(1 0 4 0 3 3 1 11 0 4 0 8)
#(10 0 8 7 11 8 0 14 0 6 0 6)
#(10 0 4 8 2 4 8 0 4 10 0 4)
#(16 0 4 7 8 4 7 10 3 2 0 1)
#(16 0 4 7 7 3 7 10 3 3 0 2)
#(13 2 6 0 9 12 0 26 0 4 0 11)
#(17 2 11 0 16 4 1 25 0 3 1 10)
#(10 0 10 0 8 12 0 28 0 4 0 16)
#(25 0 3 1 11 5 2 18 4 7 3 2)
#(10 2 6 0 3 6 0 9 3 0 3 3)
#(6 2 15 6 3 16 1 3 1 5 14 0)
#(23 0 9 6 16 12 2 18 2 10 0 3)
#(16 0 15 2 17 6 4 18 0 3 1 10)
#(19 4 4 2 14 14 0 15 0 19 5 0)
#(18 0 7 2 3 7 2 8 1 12 1 4)
#(22 3 5 2 23 5 0 18 0 2 1 6)
#(13 2 13 3 12 4 1 15 0 5 0 7)
#(13 0 8 0 20 5 0 4 8 12 0 2)
#(16 0 3 1 9 2 3 18 0 3 0 2)
