#( 2 9 19 16 22 0 0 )
#( 0 12 20 20 34 4 0 )
#( 0 3 17 19 18 0 0 )
#( 0 3 17 23 28 0 0 )
#( 1 5 14 19 18 0 0 )
#( 0 4 14 21 20 0 0 )
#( 0 4 16 8 35 21 0 )
#( 0 1 19 17 9 2 0 )
#( 0 4 18 8 37 21 0 )
#( 0 3 14 23 14 2 0 )
#( 0 4 16 8 35 21 0 )
#( 0 1 19 17 9 2 0 )
#( 0 1 19 17 9 2 0 )
#( 0 3 17 23 17 6 0 )
#( 0 3 15 14 7 0 0 )
#( 0 1 18 18 4 0 0 )
#( 0 3 18 16 4 0 0 )
#( 0 1 18 21 5 0 0 )
#( 0 3 16 13 3 0 0 )
#( 0 1 17 14 5 0 0 )
#( 0 1 15 14 11 2 0 )
#( 0 1 10 13 12 1 0 )
#( 0 3 13 19 6 1 0 )
#( 0 1 17 14 5 0 0 )
#( 0 1 15 14 11 2 0 )
#( 0 1 12 12 15 1 0 )
#( 1 8 14 16 25 1 0 )
#( 1 4 18 12 11 0 0 )
#( 0 4 24 16 2 0 0 )
#( 0 4 24 13 9 0 0 )
#( 0 1 23 4 19 0 0 )
#( 0 3 17 12 10 0 0 )
#( 0 1 15 13 9 0 0 )
#( 0 2 14 17 13 0 0 )
#( 0 1 14 13 10 0 0 )
#( 0 3 7 9 9 5 0 )
#( 0 0 12 16 20 0 0 )
#( 0 0 12 16 16 3 0 )
#( 0 1 13 18 20 0 0 )
#( 2 6 10 11 18 4 0 )
#( 0 3 3 4 9 0 0 )
