26
;
#(61 85 40 69 24 29 45 )
#(68 80 50 62 12 12 30 )
#(66 83 47 62 17 15 36 )
#(68 88 47 59 20 12 41 )
#(64 85 52 69 21 17 33 )
#(68 79 52 66 11 14 27 )
#(69 83 41 64 14 23 42 )
#(61 84 40 61 23 21 44 )
#(68 85 52 69 17 17 33 )
#(68 81 49 62 13 13 32 )
#(61 88 52 64 27 12 36 )
#(68 88 45 62 20 17 43 )
#(57 79 38 57 22 19 41 )
#(59 86 45 52 27 7 41 )
#(59 88 40 52 29 12 48 )
#(64 88 50 62 24 12 38 )
#(59 84 35 59 25 24 49 )
#(64 83 40 59 19 19 43 )
#(79 84 59 67 5 8 25 )
#(73 88 56 67 15 11 32 )
#(68 81 57 69 13 12 24 )
#(57 86 38 50 29 12 48 )
#(57 83 38 45 26 7 45 )
#(57 86 45 59 29 14 41 )
#(57 81 43 62 24 19 38 )
#(62 62 38 54 -1 16 24 )
