26
;
#( 0 3 6 11 9 1 0 )
#( 0 0 12 12 12 0 0 )
#( 0 1 14 12 14 0 0 )
#( 0 1 12 12 24 5 0 )
#( 0 0 4 16 10 1 0 )
#( 0 0 10 14 10 0 0 )
#( 0 2 11 11 11 0 0 )
#( 0 3 12 9 9 1 0 )
#( 0 0 5 10 14 1 0 )
#( 0 0 12 15 15 0 0 )
#( 0 0 18 19 17 4 0 )
#( 0 1 13 10 21 5 0 )
#( 0 4 8 34 6 0 0 )
#( 0 1 4 32 10 4 0 )
#( 0 6 3 26 10 10 0 )
#( 0 0 8 26 7 2 0 )
#( 2 6 13 24 13 1 0 )
#( 0 12 12 12 16 0 0 )
#( 0 0 3 28 9 2 0 )
#( 0 0 7 14 16 2 0 )
#( 0 0 6 18 18 0 0 )
#( 0 5 6 32 6 2 0 )
#( 0 4 4 36 8 0 0 )
#( 0 1 13 25 15 3 0 )
#( 0 4 9 27 4 0 0 )
#( 0 1 2 1 0 0 0 )
