26
;
#(7 0 6 0 1 0 0 0 0 0 )
#(12 12 0 0 0 0 0 0 0 0 )
#(16 7 2 0 1 0 0 0 0 0 )
#(34 10 0 0 0 0 0 0 0 0 )
#(8 5 3 1 0 0 0 0 0 0 )
#(20 7 0 0 0 0 0 0 0 0 )
#(19 5 2 0 0 0 0 0 0 0 )
#(12 1 5 0 1 0 0 0 0 0 )
#(13 4 3 0 0 0 0 0 0 0 )
#(9 11 1 2 0 0 0 0 0 0 )
#(20 17 0 1 0 0 0 0 0 0 )
#(24 1 4 3 0 0 0 0 0 0 )
#(8 8 4 4 0 0 0 0 0 0 )
#(9 3 12 0 0 0 0 0 0 0 )
#(8 4 9 3 0 0 0 0 0 0 )
#(14 1 9 0 0 0 0 0 0 0 )
#(5 6 6 6 0 0 0 0 0 0 )
#(4 0 0 12 0 0 0 0 0 0 )
#(12 9 4 0 0 0 0 0 0 0 )
#(18 3 5 0 0 0 0 0 0 0 )
#(18 0 0 6 0 0 0 0 0 0 )
#(8 7 7 2 0 0 0 0 0 0 )
#(8 4 12 0 0 0 0 0 0 0 )
#(8 3 9 4 0 0 0 0 0 0 )
#(14 0 10 0 0 0 0 0 0 0 )
#(1 0 1 0 0 0 0 0 0 0 )
