#(58 77 41 62 19 21 36 )
#(65 86 38 63 21 25 48 )
#(69 84 36 65 15 29 48 )
#(65 87 38 62 22 24 49 )
#(62 82 39 63 20 24 43 )
#(62 77 41 62 15 21 36 )
#(65 77 45 65 12 20 32 )
#(65 77 41 62 12 21 36 )
#(62 80 41 65 18 24 39 )
#(62 79 40 65 17 25 39 )
#(70 86 38 63 16 25 48 )
#(65 84 36 65 19 29 48 )
#(70 87 38 63 17 25 49 )
#(62 87 39 63 25 24 48 )
#(65 87 34 63 22 29 53 )
#(70 87 34 63 17 29 53 )
#(73 87 41 63 14 22 46 )
#(67 84 41 63 17 22 43 )
#(67 84 34 63 17 29 50 )
#(69 89 29 67 20 38 60 )
#(68 84 34 63 16 29 50 )
#(69 89 32 67 20 35 57 )
#(67 87 39 58 20 19 48 )
