#(0 17 0 0 0 1 0 0 0 0 )
#(6 6 6 5 2 0 0 0 0 0 )
#(10 2 10 4 1 1 0 0 0 0 )
#(9 4 7 6 1 0 0 0 0 0 )
#(6 6 7 3 6 0 0 0 0 0 )
#(11 3 9 2 1 1 0 0 0 0 )
#(8 6 5 7 0 4 0 0 0 0 )
#(12 3 8 2 0 2 0 0 0 0 )
#(8 4 4 5 0 4 0 0 0 0 )
#(9 8 5 3 2 0 0 0 0 0 )
#(6 6 6 6 1 0 0 0 0 0 )
#(10 2 10 4 1 1 0 0 0 0 )
#(8 5 6 7 1 0 0 0 0 0 )
#(4 4 7 4 6 1 0 0 0 0 )
#(8 6 5 2 7 2 0 0 0 0 )
#(3 7 2 3 5 5 1 0 0 0 )
#(11 5 2 4 6 0 0 0 0 0 )
#(6 1 8 4 7 0 0 0 0 0 )
#(6 1 11 3 5 1 0 0 0 0 )
#(10 2 3 6 7 2 0 0 0 0 )
#(6 2 11 3 5 1 0 0 0 0 )
#(9 3 2 8 5 2 0 0 0 0 )
#(1 1 2 0 4 0 0 0 0 0 )
