
Grupo 0
#(0.18631977 0 0 0 0 0) - 0
#(0.19681074 0 0 0 0 0) - 0
#(0.1330256 0 0 0 0 0) - 0
#(0.21107848 0 0 0 0 0) - 0
#(0.08057071 0 0 0 0 0) - 0
#(0.10910617 0 0 0 0 0) - 0
#(0.21653378 0 0 0 0 0) - 0
#(0.11624003 0 0 0 0 0) - 0
#(0.15904322 0 0 0 0 0) - 0
#(0.1661771 0 0 0 0 0) - 0
#(0.23206043 0 0 0 0 0) - 0
#(0.11204364 0 0 0 0 0) - 0
#(0.17792699 0 0 0 0 0) - 0
#(0.22031054 0 0 0 0 0) - 0
#(0.15484683 0 0 0 0 0) - 0

Grupo 0
#(0 0 0 0 1.0140754e-5 0) - 4
#(0 0 0 1.1313369e-5 0 0) - 3
#(0 0 0 5.6566845e-5 8.112603e-5 0.05263158) - 5
#(0 0.16666667 0 2.2626738e-5 2.0281508e-5 0) - 1
#(0 0.083333336 0 1.1313369e-5 2.0281508e-5 0) - 1
#(0 0.16666667 0 3.394011e-5 7.0985276e-5 0) - 1
#(0 0.75 0 3.394011e-5 0 0.02631579) - 1
#(0 0 0 5.6566845e-5 5.070377e-5 0) - 3
#(4.196391e-4 0 0 0 4.0563016e-5 0) - 0
#(0.00461603 0 0.008826125 1.8101391e-4 9.126678e-5 0) - 2
#(0.0012589174 0.5833333 0 0 3.0422261e-5 0) - 1
#(0.0025178348 0.083333336 0 7.919358e-5 1.0140754e-5 0.02631579) - 1
#(0.0012589174 0 0 3.1677433e-4 0 0) - 0
#(0 0 0.0026478376 1.1313369e-5 2.0281508e-5 0) - 2
#(0 0 0 9.0506954e-5 6.0844523e-5 0) - 3
#(0 0 0 3.394011e-5 2.0281508e-5 0) - 3
#(0 0 0 6.788022e-5 4.0563016e-5 0) - 3
#(0 0 0 2.2626738e-5 0 0) - 3
#(0 0 0.0017652251 1.1313369e-5 0 0.05263158) - 5
#(0 0.6666667 0 2.2626738e-5 4.0563016e-5 0) - 1
#(0 0.083333336 0 2.2626738e-5 3.0422261e-5 0) - 1
#(0 0 0 3.394011e-5 3.0422261e-5 0.02631579) - 5
#(0 0.16666667 0 0 4.0563016e-5 0) - 1
#(0 0.16666667 0 4.5253477e-5 0 0.05263158) - 1
#(0 0 0 0 4.0563016e-5 0) - 4
#(0.0025178348 0.5833333 0 9.0506954e-5 0 0) - 1
#(0.0016785564 0.16666667 0 1.1313369e-5 0 0) - 1
#(0 0 0 1.1313369e-5 0 0) - 3
#(0 0 0.019417476 0 2.0281508e-5 0) - 2
#(4.196391e-4 0 0.0017652251 3.394011e-5 0 0) - 2
#(0 0 0.0044130627 0 0 0) - 2
#(0 0.16666667 0 2.2626738e-5 3.0422261e-5 0) - 1
#(0.0020981955 0 8.8261254e-4 7.919358e-5 0 0) - 0
#(0 0.16666667 0 0 0 0) - 1
#(0 0 0 0 7.0985276e-5 0) - 4
#(0 0 0.0044130627 6.788022e-5 1.0140754e-5 0) - 2
#(0 0 0 1.1313369e-5 0 0) - 3
#(0 0.083333336 0 0 0 0) - 1
#(0 0 0 3.394011e-5 0 0) - 3
#(0 0 0 2.2626738e-4 2.0281508e-5 0) - 3
#(4.196391e-4 0 0.011473963 1.1313369e-5 1.0140754e-5 0) - 2
#(4.196391e-4 0 0.015004413 0 3.0422261e-5 0.02631579) - 5
#(0 0.41666666 0 0 3.0422261e-5 0) - 1
#(0.0012589174 0.25 0 1.1313369e-5 2.0281508e-5 0) - 1
#(0 0 0 3.394011e-5 6.0844523e-5 0) - 4
#(8.392782e-4 0.5833333 0 0 0 0) - 1
#(0.0025178348 0 0 0 0 0) - 0
#(8.392782e-4 0.5833333 0.0017652251 0 3.0422261e-5 0.05263158) - 1

Grupo 0
#(0 0 0 0 0 0) - 6
#(0 0 0.082965575 0 0 0) - 2
#(0 0 0.23654015 0 0 0) - 2
#(0 0 0.41835833 0 0 0) - 2
#(0 0 0.078552514 0 0 0) - 2
#(0 0 0.3733451 0 0 0) - 2
#(0 0 0.21359223 0 0 0) - 2
#(0 0 0.054721978 0 0 0) - 2
#(0 0 0.13150927 0 0 0) - 2
#(0 0 0.056487203 0 0 0) - 2
#(0 0 0.021182701 0 0 0) - 2
#(0 0 0.075022064 0 0 0) - 2
#(0 0 0.117387466 0 0 0) - 2
#(0 0 0.027360989 0 0 0) - 2
#(0 0 0.2674316 0 0 0) - 2
#(0 0 0.029126214 0 0 0) - 2
#(0 0 0.016769638 0 0 0) - 2
#(0 0 0.0105913505 0 0 0) - 2

Grupo 0
#(0 0 0 0.11104072 0 0) - 3
#(0 0 0 0.11121042 0 0) - 3
#(0 0 0 0.11173083 0 0) - 3
#(0 0 0 0.111674264 0 0) - 3
#(0 0 0 0.11158376 0 0) - 3
#(0 0 0 0.111063346 0 0) - 3
#(0 0 0 0.11114254 0 0) - 3
#(0 0 0 0.111764774 0 0) - 3
#(0 0 0 0.10902694 0 0) - 3

Grupo 0
#(0 0 0 0 0.099937126 0) - 4
#(0 0 0 0 0.099744454 0) - 4
#(0 0 0 0 0.10017037 0) - 4
#(0 0 0 0 0.10018051 0) - 4
#(0 0 0 0 0.100160226 0) - 4
#(0 0 0 0 0.099987835 0) - 4
#(0 0 0 0 0.100028396 0) - 4
#(0 0 0 0 0.10006896 0) - 4
#(0 0 0 0 0.09995741 0) - 4
#(0 0 0 0 0.099876285 0) - 4

Grupo 0
#(0 0 0 2.2626738e-5 0 0) - 3
#(0 0 0 0 0 0.02631579) - 5
#(0 0 0 2.2626738e-5 3.0422261e-5 0.02631579) - 5
#(0 0 8.8261254e-4 2.2626738e-5 0 0.18421052) - 5
#(0 0 0 1.3576043e-4 1.0140754e-5 0.13157895) - 5
#(0 0 0 9.0506954e-5 1.0140754e-5 0.21052632) - 5
#(4.196391e-4 0 0 1.1313369e-5 5.070377e-5 0.10526316) - 5
#(4.196391e-4 0 0 9.0506954e-5 0 0) - 0
#(0 0.5833333 0 2.2626738e-5 1.0140754e-5 0.13157895) - 1
#(0 0.083333336 0 1.1313369e-5 1.7239281e-4 0) - 1
#(0 0 0 0 0 0.10526316) - 5
#(0 0 0 9.0506954e-5 4.0563016e-5 0.31578946) - 5
#(0 0 0 3.394011e-5 1.0140754e-5 0.10526316) - 5
#(0 0 0 0 0 0.13157895) - 5
#(0 0 0 0 5.070377e-5 0.13157895) - 5
#(0 0 0 1.1313369e-5 0 0) - 3
#(0 0 0 1.1313369e-5 0 0.078947365) - 5
#(4.196391e-4 0 0 0 0 0.078947365) - 5
#(0 0 0 0 0 0.21052632) - 5
#(0 0 0 2.2626738e-5 1.0140754e-5 0.02631579) - 5
#(0 0 0.0017652251 4.5253477e-5 0 0) - 2
#(4.196391e-4 0 0 1.1313369e-5 1.0140754e-5 0.078947365) - 5
#(0 0 0.0035304502 0 1.0140754e-5 0.18421052) - 5
#(0 0 0 0 4.0563016e-5 0.05263158) - 5
#(0 0 0 6.788022e-5 8.112603e-5 0.10526316) - 5
#(0 0 0 2.2626738e-5 2.0281508e-5 0.18421052) - 5
#(4.196391e-4 0 8.8261254e-4 0 4.0563016e-5 0.05263158) - 5
#(0 0 0 0 1.0140754e-5 0.15789473) - 5
#(0 0 0 1.1313369e-5 1.0140754e-5 0.31578946) - 5
#(0 0 0 4.5253477e-5 3.0422261e-5 0.10526316) - 5
#(0 0 0.014121801 2.2626738e-5 3.0422261e-5 0) - 2
#(0 0 0.0017652251 0 2.0281508e-5 0.21052632) - 5
#(0 0 0 3.394011e-5 1.0140754e-5 0.2631579) - 5
#(0 0 0.0026478376 0 1.0140754e-5 0.05263158) - 5
#(0 0 0.0070609003 0 0 0.02631579) - 5
#(0 0 0 0 0 0.02631579) - 5
#(0 0 0 2.2626738e-5 0 0.13157895) - 5
#(0 0 0 0 0 0.13157895) - 5
#(4.196391e-4 0 0 1.1313369e-5 7.0985276e-5 0.2631579) - 5
#(0 0 0 1.1313369e-5 7.0985276e-5 0.078947365) - 5
#(0 0 8.8261254e-4 4.5253477e-5 0 0.02631579) - 5
#(0 0 0 4.5253477e-5 1.0140754e-5 0.18421052) - 5
