
Grupo 0
#(0.18166165 0 0 0 0 0) - 0
#(0.19328454 0 0 0 0 0) - 0
#(0.13344812 0 0 0 0 0) - 0
#(0.21179509 0 0 0 0 0) - 0
#(0.07748601 0 0 0 0 0) - 0
#(0.11192424 0 0 0 0 0) - 0
#(0.21868274 0 0 0 0 0) - 0
#(0.11364615 0 0 0 0 0) - 0
#(0.15626346 0 0 0 0 0) - 0
#(0.16659492 0 0 0 0 0) - 0
#(0.23331898 0 0 0 0 0) - 0
#(0.11192424 0 0 0 0 0) - 0
#(0.174774 0 0 0 0 0) - 0
#(0.223418 0 0 0 0 0) - 0
#(0.15583298 0 0 0 0 0) - 0

Grupo 0
#(0 0 0 0 0 0) - 6
#(0 0.11764706 0 0 0 0) - 1
#(0 0.05882353 0 0 0 0) - 1
#(0 0.23529412 0 0 0 0) - 1
#(0 0.05882353 0 0 0 0) - 1
#(0 0.47058824 0 0 0 0) - 1
#(0 0.23529412 0 0 0 0) - 1
#(0 0.05882353 0 0 0 0) - 1
#(0 0 0 0 0 0) - 6
#(0 0 0 0 0 0) - 6
#(0 0 0 0 0 0) - 6
#(0 0 0 0 0 0) - 6
#(0 0.1764706 0 0 0 0) - 1
#(0 0 0 0 0 0) - 6
#(0 0 0 0 0 0) - 6
#(0 0.3529412 0 0 0 0) - 1
#(0 0 0 0 0 0) - 6
#(0 0.23529412 0 0 0 0) - 1
#(0 0 0 0 0 0) - 6
#(0 0.11764706 0 0 0 0) - 1
#(0 0.1764706 0 0 0 0) - 1
#(0 0 0 0 0 0) - 6
#(0 0.11764706 0 0 0 0) - 1
#(0 0.1764706 0 0 0 0) - 1
#(0 0 0 0 0 0) - 6
#(0 0 0 0 0 0) - 6
#(0 0.23529412 0 0 0 0) - 1
#(0 0.05882353 0 0 0 0) - 1
#(0 0 0 0 0 0) - 6
#(0 0 0 0 0 0) - 6
#(0 0 0 0 0 0) - 6
#(0 0.29411766 0 0 0 0) - 1
#(0 0 0 0 0 0) - 6
#(0 0.1764706 0 0 0 0) - 1
#(0 0 0 0 0 0) - 6
#(0 0 0 0 0 0) - 6
#(0 0 0 0 0 0) - 6
#(0 0.05882353 0 0 0 0) - 1
#(0 0 0 0 0 0) - 6
#(0 0 0 0 0 0) - 6
#(0 0 0 0 0 0) - 6
#(0 0 0 0 0 0) - 6
#(0 0.1764706 0 0 0 0) - 1
#(0 0.11764706 0 0 0 0) - 1
#(0 0.05882353 0 0 0 0) - 1
#(0 0.11764706 0 0 0 0) - 1
#(0 0 0 0 0 0) - 6
#(0 0.3529412 0 0 0 0) - 1

Grupo 0
#(0 0 0 0 0 0) - 6
#(0 0 0.077299416 0 0 0) - 2
#(0 0 0.23972602 0 0 0) - 2
#(0 0 0.43835616 0 0 0) - 2
#(0 0 0.072407044 0 0 0) - 2
#(0 0 0.37475538 0 0 0) - 2
#(0 0 0.21819961 0 0 0) - 2
#(0 0 0.04109589 0 0 0) - 2
#(0 0 0.13209394 0 0 0) - 2
#(0 0 0.050880626 0 0 0) - 2
#(0 0 0.01663405 0 0 0) - 2
#(0 0 0.077299416 0 0 0) - 2
#(0 0 0.11643836 0 0 0) - 2
#(0 0 0.017612524 0 0 0) - 2
#(0 0 0.25342464 0 0 0) - 2
#(0 0 0.023483366 0 0 0) - 2
#(0 0 0.018590998 0 0 0) - 2
#(0 0 0.008806262 0 0 0) - 2

Grupo 0
#(0 0 0 0.11070274 0 0) - 3
#(0 0 0 0.11090693 0 0) - 3
#(0 0 0 0.11200726 0 0) - 3
#(0 0 0 0.11185979 0 0) - 3
#(0 0 0 0.11171232 0 0) - 3
#(0 0 0 0.111088425 0 0) - 3
#(0 0 0 0.111099765 0 0) - 3
#(0 0 0 0.112052634 0 0) - 3
#(0 0 0 0.108808346 0 0) - 3

Grupo 0
#(0 0 0 0 0.09986487 0) - 4
#(0 0 0 0 0.09952958 0) - 4
#(0 0 0 0 0.10030176 0) - 4
#(0 0 0 0 0.10032208 0) - 4
#(0 0 0 0 0.10030176 0) - 4
#(0 0 0 0 0.09976327 0) - 4
#(0 0 0 0 0.10013919 0) - 4
#(0 0 0 0 0.10016967 0) - 4
#(0 0 0 0 0.10001727 0) - 4
#(0 0 0 0 0.099702306 0) - 4

Grupo 0
#(0 0 0 0 0 0.028985508) - 5
#(0 0 0 0 0 0.10869565) - 5
#(0 0 0 0 0 0.014492754) - 5
#(0 0 0 0 0 0.1884058) - 5
#(0 0 0 0 0 0.02173913) - 5
#(0 0 0 0 0 0.07971015) - 5
#(0 0 0 0 0 0.04347826) - 5
#(0 0 0 0 0 0.050724637) - 5
#(0 0 0 0 0 0.057971016) - 5
#(0 0 0 0 0 0.007246377) - 5
#(0 0 0 0 0 0.057971016) - 5
#(0 0 0 0 0 0.13768116) - 5
#(0 0 0 0 0 0.0942029) - 5
#(0 0 0 0 0 0.10144927) - 5
#(0 0 0 0 0 0.11594203) - 5
#(0 0 0 0 0 0.02173913) - 5
#(0 0 0 0 0 0.028985508) - 5
#(0 0 0 0 0 0.06521739) - 5
#(0 0 0 0 0 0.08695652) - 5
#(0 0 0 0 0 0.07971015) - 5
#(0 0 0 0 0 0.028985508) - 5
#(0 0 0 0 0 0.10144927) - 5
#(0 0 0 0 0 0.02173913) - 5
#(0 0 0 0 0 0.04347826) - 5
#(0 0 0 0 0 0.02173913) - 5
#(0 0 0 0 0 0.13043478) - 5
#(0 0 0 0 0 0.06521739) - 5
#(0 0 0 0 0 0.07971015) - 5
#(0 0 0 0 0 0.16666667) - 5
#(0 0 0 0 0 0.050724637) - 5
#(0 0 0 0 0 0.02173913) - 5
#(0 0 0 0 0 0.17391305) - 5
#(0 0 0 0 0 0.20289855) - 5
#(0 0 0 0 0 0.10869565) - 5
#(0 0 0 0 0 0.036231883) - 5
#(0 0 0 0 0 0.02173913) - 5
#(0 0 0 0 0 0.10144927) - 5
#(0 0 0 0 0 0.123188406) - 5
#(0 0 0 0 0 0.22463769) - 5
#(0 0 0 0 0 0.057971016) - 5
#(0 0 0 0 0 0.028985508) - 5
#(0 0 0 0 0 0.10869565) - 5
