
Grupo 0
#(0.30499077 0 0 0 0 0) - 0
#(0.27356747 0 0 0 0 0) - 0
#(0.14602588 0 0 0 0 0) - 0
#(0.34935305 0 0 0 0 0) - 0
#(0.22550832 0 0 0 0 0) - 0
#(0.17190388 0 0 0 0 0) - 0
#(0.36783734 0 0 0 0 0) - 0
#(0.1090573 0 0 0 0 0) - 0
#(0.3585952 0 0 0 0 0) - 0
#(0.29205176 0 0 0 0 0) - 0
#(0.3770795 0 0 0 0 0) - 0
#(0.13308688 0 0 0 0 0) - 0
#(0.27726433 0 0 0 0 0) - 0
#(0.44547135 0 0 0 0 0) - 0
#(0.24768947 0 0 0 0 0) - 0

Grupo 0
#(0 0 0 0 0 0) - 6
#(0 0 0 0 0 0) - 6
#(0 0 0 0 0 0) - 6
#(0 0 0 0 0 0) - 6
#(0 0 0 0 0 0) - 6
#(0 0 0 0 0 0) - 6
#(0 1.0 0 0 0 0) - 1
#(0 0 0 0 0 0) - 6
#(0 0 0 0 0 0) - 6
#(0.018484289 0 0.019354839 0 0 0) - 2
#(0.0018484289 1.0 0 0 0 0) - 1
#(0.0036968577 0 0 0 0 0) - 0
#(0 0 0 0 0 0) - 6
#(0 0 0 0 0 0) - 6
#(0 0 0 0 0 0) - 6
#(0 0 0 0 0 0) - 6
#(0 0 0 0 0 0) - 6
#(0 0 0 0 0 0) - 6
#(0 0 0 0 0 0) - 6
#(0 1.0 0 0 0 0) - 1
#(0 0 0 0 0 0) - 6
#(0 0 0 0 0 0.125) - 5
#(0 0 0 0 0 0) - 6
#(0 0 0 0 0 0) - 6
#(0 0 0 0 0 0) - 6
#(0.0055452865 1.0 0 0 0 0) - 1
#(0.0018484289 0 0 0 0 0) - 0
#(0 0 0 0 0 0) - 6
#(0 0 0.09677419 0 0 0) - 2
#(0 0 0.012903226 0 0 0) - 2
#(0 0 0 0 0 0) - 6
#(0 0 0 0 0 0) - 6
#(0.0036968577 0 0 0 0 0) - 0
#(0 0 0 0 0 0) - 6
#(0 0 0 0 0 0) - 6
#(0 0 0.012903226 0 0 0) - 2
#(0 0 0 0 0 0) - 6
#(0 0 0 0 0 0) - 6
#(0 0 0 0 0 0) - 6
#(0 0 0 0 0 0) - 6
#(0 0 0 0 0 0) - 6
#(0 0 0 0 0 0) - 6
#(0 1.0 0 0 0 0) - 1
#(0 0 0 0 0 0) - 6
#(0 0 0 0 0 0) - 6
#(0 1.0 0 0 0 0) - 1
#(0 0 0 0 0 0) - 6
#(0 1.0 0.012903226 0 0 0.25) - 1

Grupo 0
#(0 0 0 0 0 0) - 6
#(0 0 0.27741936 0 0 0) - 2
#(0 0 0.06451613 0 0 0) - 2
#(0 0 0.67741936 0 0 0) - 2
#(0 0 0.2 0 0 0) - 2
#(0 0 0.32903227 0 0 0) - 2
#(0 0 0.4967742 0 0 0) - 2
#(0 0 0.08387097 0 0 0) - 2
#(0 0 0.59354836 0 0 0) - 2
#(0 0 0.090322584 0 0 0) - 2
#(0 0 0.032258064 0 0 0) - 2
#(0 0 0.090322584 0 0 0) - 2
#(0 0 0.20645161 0 0 0) - 2
#(0 0 0.012903226 0 0 0) - 2
#(0 0 0.33548388 0 0 0) - 2
#(0 0 0.019354839 0 0 0) - 2
#(0 0 0.019354839 0 0 0) - 2
#(0 0 0.012903226 0 0 0) - 2

Grupo 0
#(0 0 0 0 0 0) - 6
#(0 0 0 0.9047619 0 0) - 3
#(0 0 0 0 0 0) - 6
#(0 0 0 0 0 0) - 6
#(0 0 0 0 0 0) - 6
#(0 0 0 0.0952381 0 0) - 3
#(0 0 0 0 0 0) - 6
#(0 0 0 0 0 0) - 6
#(0 0 0 1.0 0 0) - 3

Grupo 0
#(0 0 0 0 0.18181819 0) - 4
#(0 0 0 0 0.09090909 0) - 4
#(0 0 0 0 0 0) - 6
#(0 0 0 0 0 0) - 6
#(0 0 0 0 0.27272728 0) - 4
#(0 0 0 0 0.54545456 0) - 4
#(0 0 0 0 0.18181819 0) - 4
#(0 0 0 0 0.18181819 0) - 4
#(0 0 0 0 0.09090909 0) - 4
#(0 0 0 0 0.45454547 0) - 4

Grupo 0
#(0 0 0 0 0 0) - 6
#(0 0 0 0 0 0) - 6
#(0 0 0 0 0 0) - 6
#(0 0 0 0 0 0.375) - 5
#(0 0 0 0 0 0) - 6
#(0 0 0 0 0 0) - 6
#(0 0 0 0 0 0.375) - 5
#(0 0 0 0 0 0) - 6
#(0 1.0 0 0 0 0.25) - 1
#(0 0 0 0 0 0) - 6
#(0 0 0 0 0 0.125) - 5
#(0 0 0 0 0 0.75) - 5
#(0 0 0 0 0 0.125) - 5
#(0 0 0 0 0 0.375) - 5
#(0 0 0 0 0 0.25) - 5
#(0 0 0 0 0 0) - 6
#(0 0 0 0 0 0.25) - 5
#(0 0 0 0 0 0) - 6
#(0 0 0 0 0 0.375) - 5
#(0 0 0 0 0 0) - 6
#(0 0 0 0 0 0) - 6
#(0 0 0 0 0 0.125) - 5
#(0 0 0.012903226 0 0 0.25) - 5
#(0 0 0 0 0 0) - 6
#(0 0 0 0 0 0.25) - 5
#(0 0 0 0 0 0) - 6
#(0 0 0 0 0 0.25) - 5
#(0 0 0 0 0 0.125) - 5
#(0 0 0 0 0 0.375) - 5
#(0 0 0 0 0 0.125) - 5
#(0 0 0.006451613 0 0 0) - 2
#(0 0 0 0 0 0.25) - 5
#(0 0 0 0 0 0.25) - 5
#(0 0 0 0 0 0) - 6
#(0 0 0 0 0 0) - 6
#(0 0 0 0 0 0) - 6
#(0 0 0 0 0 0.25) - 5
#(0 0 0 0 0 0.25) - 5
#(0 0 0 0 0 0.25) - 5
#(0 0 0 0 0 0.125) - 5
#(0 0 0 0 0 0) - 6
#(0 0 0 0 0 0.25) - 5
