
Grupo 0
#(0.18631977 0 0 0 0 0) - 0
#(0.19681074 0 0 0 0 0) - 0
#(0.1330256 0 0 0 0 0) - 0
#(0.21107848 0 0 0 0 0) - 0
#(0.08057071 0 0 0 0 0) - 0
#(0.10910617 0 0 0 0 0) - 0
#(0.21653378 0 0 0 0 0) - 0
#(0.11624003 0 0 0 0 0) - 0
#(0.15904322 0 0 0 0 0) - 0
#(0.1661771 0 0 0 0 0) - 0
#(0.23206043 0 0 0 0 0) - 0
#(0.11204364 0 0 0 0 0) - 0
#(0.17792699 0 0 0 0 0) - 0
#(0.22031054 0 0 0 0 0) - 0
#(0.15484683 0 0 0 0 0) - 0

Grupo 0
#(0 0 0 0 0 0) - 6
#(0 0 0 0 0 0) - 6
#(0 0 0 0 0 0) - 6
#(0 0 0 0 0 0) - 6
#(0 0 0 0 0 0) - 6
#(0 0 0 0 0 0) - 6
#(0 1.0 0 0 0 0) - 1
#(0 0 0 0 0 0) - 6
#(4.196391e-4 0 0 0 0 0) - 0
#(0.00461603 0 0.019354839 0 0 0) - 2
#(0.0012589174 1.0 0 0 0 0) - 1
#(0.0025178348 0 0 0 0 0) - 0
#(0.0012589174 0 0 0 0 0) - 0
#(0 0 0 0 0 0) - 6
#(0 0 0 0 0 0) - 6
#(0 0 0 0 0 0) - 6
#(0 0 0 0 0 0) - 6
#(0 0 0 0 0 0) - 6
#(0 0 0 0 0 0) - 6
#(0 1.0 0 0 0 0) - 1
#(0 0 0 0 0 0) - 6
#(0 0 0 0 0 0.125) - 5
#(0 0 0 0 0 0) - 6
#(0 0 0 0 0 0) - 6
#(0 0 0 0 0 0) - 6
#(0.0025178348 1.0 0 0 0 0) - 1
#(0.0016785564 0 0 0 0 0) - 0
#(0 0 0 0 0 0) - 6
#(0 0 0.09677419 0 0 0) - 2
#(4.196391e-4 0 0.012903226 0 0 0) - 2
#(0 0 0 0 0 0) - 6
#(0 0 0 0 0 0) - 6
#(0.0020981955 0 0 0 0 0) - 0
#(0 0 0 0 0 0) - 6
#(0 0 0 0 0 0) - 6
#(0 0 0.012903226 0 0 0) - 2
#(0 0 0 0 0 0) - 6
#(0 0 0 0 0 0) - 6
#(0 0 0 0 0 0) - 6
#(0 0 0 0 0 0) - 6
#(4.196391e-4 0 0 0 0 0) - 0
#(4.196391e-4 0 0 0 0 0) - 0
#(0 1.0 0 0 0 0) - 1
#(0.0012589174 0 0 0 0 0) - 0
#(0 0 0 0 0 0) - 6
#(8.392782e-4 1.0 0 0 0 0) - 1
#(0.0025178348 0 0 0 0 0) - 0
#(8.392782e-4 1.0 0.012903226 0 0 0.25) - 1

Grupo 0
#(0 0 0 0 0 0) - 6
#(0 0 0.27741936 0 0 0) - 2
#(0 0 0.06451613 0 0 0) - 2
#(0 0 0.67741936 0 0 0) - 2
#(0 0 0.2 0 0 0) - 2
#(0 0 0.32903227 0 0 0) - 2
#(0 0 0.4967742 0 0 0) - 2
#(0 0 0.08387097 0 0 0) - 2
#(0 0 0.59354836 0 0 0) - 2
#(0 0 0.090322584 0 0 0) - 2
#(0 0 0.032258064 0 0 0) - 2
#(0 0 0.090322584 0 0 0) - 2
#(0 0 0.20645161 0 0 0) - 2
#(0 0 0.012903226 0 0 0) - 2
#(0 0 0.33548388 0 0 0) - 2
#(0 0 0.019354839 0 0 0) - 2
#(0 0 0.019354839 0 0 0) - 2
#(0 0 0.012903226 0 0 0) - 2

Grupo 0
#(0 0 0 0 0 0) - 6
#(0 0 0 0.9047619 0 0) - 3
#(0 0 0 0 0 0) - 6
#(0 0 0 0 0 0) - 6
#(0 0 0 0 0 0) - 6
#(0 0 0 0.0952381 0 0) - 3
#(0 0 0 0 0 0) - 6
#(0 0 0 0 0 0) - 6
#(0 0 0 1.0 0 0) - 3

Grupo 0
#(0 0 0 0 0.18181819 0) - 4
#(0 0 0 0 0.09090909 0) - 4
#(0 0 0 0 0 0) - 6
#(0 0 0 0 0 0) - 6
#(0 0 0 0 0.27272728 0) - 4
#(0 0 0 0 0.54545456 0) - 4
#(0 0 0 0 0.18181819 0) - 4
#(0 0 0 0 0.18181819 0) - 4
#(0 0 0 0 0.09090909 0) - 4
#(0 0 0 0 0.45454547 0) - 4

Grupo 0
#(0 0 0 0 0 0) - 6
#(0 0 0 0 0 0) - 6
#(0 0 0 0 0 0) - 6
#(0 0 0 0 0 0.375) - 5
#(0 0 0 0 0 0) - 6
#(0 0 0 0 0 0) - 6
#(4.196391e-4 0 0 0 0 0.375) - 5
#(4.196391e-4 0 0 0 0 0) - 0
#(0 1.0 0 0 0 0.25) - 1
#(0 0 0 0 0 0) - 6
#(0 0 0 0 0 0.125) - 5
#(0 0 0 0 0 0.75) - 5
#(0 0 0 0 0 0.125) - 5
#(0 0 0 0 0 0.375) - 5
#(0 0 0 0 0 0.25) - 5
#(0 0 0 0 0 0) - 6
#(0 0 0 0 0 0.25) - 5
#(4.196391e-4 0 0 0 0 0) - 0
#(0 0 0 0 0 0.375) - 5
#(0 0 0 0 0 0) - 6
#(0 0 0 0 0 0) - 6
#(4.196391e-4 0 0 0 0 0.125) - 5
#(0 0 0.012903226 0 0 0.25) - 5
#(0 0 0 0 0 0) - 6
#(0 0 0 0 0 0.25) - 5
#(0 0 0 0 0 0) - 6
#(4.196391e-4 0 0 0 0 0.25) - 5
#(0 0 0 0 0 0.125) - 5
#(0 0 0 0 0 0.375) - 5
#(0 0 0 0 0 0.125) - 5
#(0 0 0.006451613 0 0 0) - 2
#(0 0 0 0 0 0.25) - 5
#(0 0 0 0 0 0.25) - 5
#(0 0 0 0 0 0) - 6
#(0 0 0 0 0 0) - 6
#(0 0 0 0 0 0) - 6
#(0 0 0 0 0 0.25) - 5
#(0 0 0 0 0 0.25) - 5
#(4.196391e-4 0 0 0 0 0.25) - 5
#(0 0 0 0 0 0.125) - 5
#(0 0 0 0 0 0) - 6
#(0 0 0 0 0 0.25) - 5
