
Grupo 0
#(0.18634841 0 0 0 0 0) - 0
#(0.19639866 0 0 0 0 0) - 0
#(0.13316584 0 0 0 0 0) - 0
#(0.21063651 0 0 0 0 0) - 0
#(0.08082077 0 0 0 0 0) - 0
#(0.10887772 0 0 0 0 0) - 0
#(0.2160804 0 0 0 0 0) - 0
#(0.11725293 0 0 0 0 0) - 0
#(0.1599665 0 0 0 0 0) - 0
#(0.16582915 0 0 0 0 0) - 0
#(0.2319933 0 0 0 0 0) - 0
#(0.111809045 0 0 0 0 0) - 0
#(0.1779732 0 0 0 0 0) - 0
#(0.22068676 0 0 0 0 0) - 0
#(0.15452261 0 0 0 0 0) - 0

Grupo 0
#(0 0 0 0 0 0) - 6
#(0 0 0 0 0 0) - 6
#(0 0 0 0 0 0) - 6
#(0 0 0 0 0 0) - 6
#(0 0 0 0 0 0) - 6
#(0 0 0 0 0 0) - 6
#(0 1.0 0 0 0 0) - 1
#(0 0 0 0 0 0) - 6
#(4.1876046e-4 0 0 0 0 0) - 0
#(0.0050251256 0 0.018867925 0 0 0) - 2
#(0.0025125628 1.0 0 0 0 0) - 1
#(0.0025125628 0 0 0 0 0) - 0
#(0.0012562814 0 0 0.08695652 0 0) - 3
#(0 0 0.006289308 0 0 0) - 2
#(0 0 0 0.08695652 0 0) - 3
#(0 0 0 0 0 0) - 6
#(0 0 0 0 0 0) - 6
#(0 0 0 0 0 0) - 6
#(0 0 0 0 0 0) - 6
#(0 1.0 0 0 0 0) - 1
#(0 0 0 0 0 0) - 6
#(0 0 0 0 0 0.125) - 5
#(0 0 0 0 0 0) - 6
#(0 0 0 0 0 0) - 6
#(0 0 0 0 0 0) - 6
#(0.0025125628 1.0 0 0 0 0) - 1
#(0.0016750419 0 0 0 0 0) - 0
#(0 0 0 0 0 0) - 6
#(0 0 0.094339624 0 0 0) - 2
#(4.1876046e-4 0 0.012578616 0 0 0) - 2
#(0 0 0.012578616 0 0 0) - 2
#(0 0 0 0 0 0) - 6
#(0.0025125628 0 0 0 0 0) - 0
#(0 0 0 0 0 0) - 6
#(0 0 0 0 0 0) - 6
#(0 0 0.018867925 0 0 0) - 2
#(0 0 0 0 0 0) - 6
#(0 0 0 0 0 0) - 6
#(0 0 0 0 0 0) - 6
#(0 0 0 0 0 0) - 6
#(4.1876046e-4 0 0 0 0 0) - 0
#(4.1876046e-4 0 0 0 0 0) - 0
#(4.1876046e-4 1.0 0 0 0 0) - 1
#(0.0012562814 0 0 0 0 0) - 0
#(0 0 0 0 0 0) - 6
#(8.375209e-4 1.0 0 0 0 0) - 1
#(0.0037688443 0 0.006289308 0 0 0) - 2
#(0.0012562814 1.0 0.012578616 0 0 0.25) - 1

Grupo 0
#(0 0 0 0 0 0) - 6
#(0 0 0.27044025 0 0 0) - 2
#(0 0 0.062893085 0 0 0) - 2
#(0 0 0.6603774 0 0 0) - 2
#(0 0 0.19496855 0 0 0) - 2
#(0 0 0.3207547 0 0 0) - 2
#(0 0 0.48427674 0 0 0) - 2
#(0 0 0.08176101 0 0 0) - 2
#(0 0 0.5786164 0 0 0) - 2
#(0 0 0.10062893 0 0 0) - 2
#(0 0 0.03773585 0 0 0) - 2
#(0 0 0.094339624 0 0 0) - 2
#(0 0 0.2264151 0 0 0) - 2
#(0 0 0.012578616 0 0 0) - 2
#(0 0 0.34591195 0 0 0) - 2
#(0 0 0.031446543 0 0 0) - 2
#(0 0 0.018867925 0 0 0) - 2
#(0 0 0.012578616 0 0 0) - 2

Grupo 0
#(0 0 0 0.08695652 0 0) - 3
#(0 0 0 0.9130435 0 0) - 3
#(0 0 0 0 0 0) - 6
#(0 0 0 0 0 0) - 6
#(0 0 0 0 0 0) - 6
#(0 0 0 0.08695652 0 0) - 3
#(0 0 0 0 0 0) - 6
#(0 0 0 0 0 0) - 6
#(0 0 0 0.9130435 0 0) - 3

Grupo 0
#(0 0 0 0 0.16666667 0) - 4
#(0 0 0 0 0.083333336 0) - 4
#(0 0 0 0 0 0) - 6
#(0 0 0 0 0 0) - 6
#(0 0 0 0 0.25 0) - 4
#(0 0 0 0 0.5833333 0) - 4
#(0 0 0 0 0.16666667 0) - 4
#(0 0 0 0 0.16666667 0) - 4
#(0 0 0 0 0.083333336 0) - 4
#(0 0 0 0 0.5 0) - 4

Grupo 0
#(0 0 0 0 0 0) - 6
#(0 0 0 0 0 0) - 6
#(0 0 0 0 0 0) - 6
#(0 0 0 0 0 0.375) - 5
#(0 0 0 0 0 0) - 6
#(0 0 0 0 0 0) - 6
#(4.1876046e-4 0 0 0 0.083333336 0.375) - 5
#(4.1876046e-4 0 0 0 0 0) - 0
#(0 1.0 0 0 0 0.25) - 1
#(0 0 0 0 0 0) - 6
#(0 0 0 0 0 0.125) - 5
#(0 0 0 0 0 0.75) - 5
#(0 0 0 0 0 0.125) - 5
#(0 0 0 0 0 0.375) - 5
#(0 0 0 0 0 0.25) - 5
#(0 0 0 0 0 0) - 6
#(0 0 0 0 0 0.25) - 5
#(4.1876046e-4 0 0 0 0 0) - 0
#(0 0 0 0 0 0.375) - 5
#(0 0 0 0 0 0) - 6
#(0 0 0 0.08695652 0 0) - 3
#(4.1876046e-4 0 0 0 0 0.125) - 5
#(0 0 0.012578616 0 0 0.25) - 5
#(0 0 0 0 0 0) - 6
#(0 0 0 0.08695652 0 0.25) - 5
#(0 0 0 0 0 0) - 6
#(4.1876046e-4 0 0.018867925 0 0 0.25) - 5
#(0 0 0 0 0 0.125) - 5
#(0 0 0 0 0 0.375) - 5
#(0 0 0 0 0 0.125) - 5
#(0 0 0.006289308 0 0 0) - 2
#(0 0 0 0 0 0.25) - 5
#(0 0 0 0 0 0.25) - 5
#(0 0 0.018867925 0 0 0) - 2
#(0 0 0 0 0 0) - 6
#(0 0 0 0 0 0) - 6
#(0 0 0 0 0 0.25) - 5
#(0 0 0 0 0 0.25) - 5
#(4.1876046e-4 0 0 0 0 0.25) - 5
#(0 0 0 0 0.083333336 0.125) - 5
#(0 0 0 0 0 0) - 6
#(0 0 0 0 0 0.25) - 5
