
Grupo 0
#(0.18634841 0 0 0 0 0) - 0
#(0.19639866 0 0 0 0 0) - 0
#(0.13316584 0 0 0 0 0) - 0
#(0.21063651 0 0 0 0 0) - 0
#(0.08082077 0 0 0 0 0) - 0
#(0.10887772 0 0 0 0 0) - 0
#(0.2160804 0 0 0 0 0) - 0
#(0.11725293 0 0 0 0 0) - 0
#(0.1599665 0 0 0 0 0) - 0
#(0.16582915 0 0 0 0 0) - 0
#(0.2319933 0 0 0 0 0) - 0
#(0.111809045 0 0 0 0 0) - 0
#(0.1779732 0 0 0 0 0) - 0
#(0.22068676 0 0 0 0 0) - 0
#(0.15452261 0 0 0 0 0) - 0

Grupo 0
#(0 0 8.6805556e-4 7.917746e-5 2.0277806e-5 0) - 2
#(0 0 0 2.2622131e-5 0 0) - 3
#(0 0 0 5.6555327e-5 9.125013e-5 0) - 4
#(0 0.16666667 0 2.2622131e-5 2.0277806e-5 0) - 1
#(0 0.083333336 0 1.13110655e-5 2.0277806e-5 0) - 1
#(0 0.16666667 0 3.3933196e-5 9.125013e-5 0) - 1
#(0 0.75 0 3.3933196e-5 1.0138903e-5 0.06666667) - 1
#(0 0 0 5.6555327e-5 5.0694514e-5 0) - 3
#(4.1876046e-4 0 0 0 4.0555613e-5 0) - 0
#(0.0050251256 0 0.013020833 2.0359918e-4 9.125013e-5 0) - 2
#(0.0025125628 0.5833333 0 0 4.0555613e-5 0) - 1
#(0.0025125628 0.083333336 0 7.917746e-5 2.0277806e-5 0) - 1
#(0.0012562814 0 0.0017361111 4.298205e-4 2.0277806e-5 0) - 2
#(0 0 0.0052083335 3.3933196e-5 3.041671e-5 0) - 2
#(0 0 0 9.0488524e-5 8.1111226e-5 0) - 3
#(0 0 0 3.3933196e-5 2.0277806e-5 0) - 3
#(0 0 0 6.786639e-5 6.083342e-5 0) - 3
#(0 0 0 3.3933196e-5 0 0) - 3
#(0 0 0.0017361111 1.13110655e-5 0 0) - 2
#(0 0.6666667 8.6805556e-4 3.3933196e-5 6.083342e-5 0) - 1
#(0 0.083333336 0 2.2622131e-5 3.041671e-5 0) - 1
#(0 0 0 3.3933196e-5 3.041671e-5 0.06666667) - 5
#(0 0.16666667 0 1.13110655e-5 6.083342e-5 0) - 1
#(0 0.16666667 0 5.6555327e-5 2.0277806e-5 0) - 1
#(0 0 0 0 5.0694514e-5 0) - 4
#(0.0025125628 0.5833333 0 1.0179959e-4 2.0277806e-5 0) - 1
#(0.0016750419 0.16666667 0 1.13110655e-5 1.0138903e-5 0) - 1
#(0 0 0 1.13110655e-5 0 0) - 3
#(0 0 0.019097222 0 2.0277806e-5 0) - 2
#(4.1876046e-4 0 0.0052083335 4.5244262e-5 1.0138903e-5 0) - 2
#(0 0 0.006076389 0 0 0) - 2
#(0 0.16666667 0 3.3933196e-5 4.0555613e-5 0) - 1
#(0.0025125628 0 8.6805556e-4 7.917746e-5 0 0) - 0
#(0 0.16666667 0 2.2622131e-5 0 0) - 1
#(0 0 0 0 8.1111226e-5 0.13333334) - 5
#(0 0 0.008680556 6.786639e-5 2.0277806e-5 0) - 2
#(0 0 0 1.13110655e-5 0 0.13333334) - 5
#(0 0.083333336 0 0 0 0) - 1
#(0 0 0 5.6555327e-5 0 0) - 3
#(0 0 0 2.4884345e-4 3.041671e-5 0) - 3
#(4.1876046e-4 0 0.015625 2.2622131e-5 1.0138903e-5 0) - 2
#(4.1876046e-4 0 0.018229166 0 4.0555613e-5 0) - 2
#(4.1876046e-4 0.41666666 0 0 4.0555613e-5 0) - 1
#(0.0012562814 0.25 0 1.13110655e-5 5.0694514e-5 0) - 1
#(0 0 0 3.3933196e-5 6.083342e-5 0) - 4
#(8.375209e-4 0.5833333 0 0 2.0277806e-5 0) - 1
#(0.0037688443 0 0.0052083335 0 0 0) - 2
#(0.0012562814 0.5833333 0.0017361111 0 3.041671e-5 0.13333334) - 1

Grupo 0
#(0 0 8.6805556e-4 0 0 0) - 2
#(0 0 0.083333336 0 0 0) - 2
#(0 0 0.2326389 0 0 0) - 2
#(0 0 0.4157986 0 0 0) - 2
#(0 0 0.07725695 0 0 0) - 2
#(0 0 0.3671875 0 0 0) - 2
#(0 0 0.21440972 0 0 0) - 2
#(0 0 0.057291668 0 0 0) - 2
#(0 0 0.12934028 0 0 0) - 2
#(0 0 0.057291668 0 0 0) - 2
#(0 0 0.0234375 0 0 0) - 2
#(0 0 0.073784724 0 0 0) - 2
#(0 0 0.11631945 0 0 0) - 2
#(0 0 0.032118056 0 0 0) - 2
#(0 0 0.2673611 0 0 0) - 2
#(0 0 0.032118056 0 0 0) - 2
#(0 0 0.017361112 0 0 0) - 2
#(0 0 0.010416667 0 0 0) - 2

Grupo 0
#(0 0 0 0.11109728 0 0) - 3
#(0 0 0 0.11122171 0 0) - 3
#(0 0 0 0.11171939 0 0) - 3
#(0 0 0 0.11166284 0 0) - 3
#(0 0 0 0.11156104 0 0) - 3
#(0 0 0 0.11107466 0 0) - 3
#(0 0 0 0.11111991 0 0) - 3
#(0 0 0 0.11174202 0 0) - 3
#(0 0 0 0.10903867 0 0) - 3

Grupo 0
#(0 0 0 0 0.09993917 0) - 4
#(0 0 0 0 0.09980736 0) - 4
#(0 0 0 0 0.10015208 0) - 4
#(0 0 0 0 0.10016222 0) - 4
#(0 0 0 0 0.10014194 0) - 4
#(0 0 0 0 0.09998986 0) - 4
#(0 0 0 0 0.100020275 0) - 4
#(0 0 0 0 0.100050695 0) - 4
#(0 0 0 0 0.09996958 0) - 4
#(0 0 0 0 0.09987833 0) - 4

Grupo 0
#(0 0 0 2.2622131e-5 0 0) - 3
#(0 0 0 2.2622131e-5 0 0.13333334) - 5
#(0 0 0 2.2622131e-5 3.041671e-5 0) - 4
#(0 0 8.6805556e-4 2.2622131e-5 0 0.33333334) - 5
#(0 0 0 1.3573279e-4 1.0138903e-5 0) - 3
#(0 0 0 9.0488524e-5 1.0138903e-5 0.06666667) - 5
#(4.1876046e-4 0 0 1.13110655e-5 5.0694514e-5 0.26666668) - 5
#(4.1876046e-4 0 8.6805556e-4 9.0488524e-5 0 0.13333334) - 5
#(0 0.5833333 0 2.2622131e-5 1.0138903e-5 0.13333334) - 1
#(0 0.083333336 0 1.13110655e-5 1.7236135e-4 0) - 1
#(0 0 0 0 0 0.06666667) - 5
#(0 0 0 9.0488524e-5 4.0555613e-5 0.46666667) - 5
#(0 0 0 3.3933196e-5 1.0138903e-5 0.06666667) - 5
#(0 0 0 0 0 0.33333334) - 5
#(0 0 0 0 5.0694514e-5 0.13333334) - 5
#(0 0 0 1.13110655e-5 0 0) - 3
#(0 0 0 1.13110655e-5 0 0.13333334) - 5
#(4.1876046e-4 0 0 0 0 0.06666667) - 5
#(0 0 0 0 0 0.26666668) - 5
#(0 0 0 2.2622131e-5 1.0138903e-5 0.06666667) - 5
#(0 0 0.0017361111 4.5244262e-5 0 0) - 2
#(4.1876046e-4 0 0 1.13110655e-5 1.0138903e-5 0.13333334) - 5
#(0 0 0.0069444445 0 1.0138903e-5 0.13333334) - 5
#(0 0 0 0 4.0555613e-5 0.13333334) - 5
#(0 0 0 6.786639e-5 8.1111226e-5 0.13333334) - 5
#(0 0 0 2.2622131e-5 2.0277806e-5 0) - 3
#(4.1876046e-4 0 8.6805556e-4 0 4.0555613e-5 0.13333334) - 5
#(0 0 0 0 2.0277806e-5 0.2) - 5
#(0 0 0 1.13110655e-5 1.0138903e-5 0.4) - 5
#(0 0 0 4.5244262e-5 4.0555613e-5 0.13333334) - 5
#(0 0 0.013888889 2.2622131e-5 4.0555613e-5 0) - 2
#(0 0 0.0017361111 0 2.0277806e-5 0.13333334) - 5
#(0 0 0 3.3933196e-5 1.0138903e-5 0.33333334) - 5
#(0 0 0.0026041667 0 1.0138903e-5 0) - 2
#(0 0 0.0069444445 0 0 0) - 2
#(0 0 0 0 0 0) - 6
#(0 0 0 2.2622131e-5 0 0.26666668) - 5
#(0 0 0 0 0 0.2) - 5
#(4.1876046e-4 0 0 1.13110655e-5 8.1111226e-5 0.4) - 5
#(0 0 0 1.13110655e-5 7.097232e-5 0.06666667) - 5
#(0 0 8.6805556e-4 4.5244262e-5 0 0) - 2
#(0 0 0 4.5244262e-5 1.0138903e-5 0.26666668) - 5
