#(58 81 31 62 23 31 50 )
#(64 81 41 65 17 24 40 )
#(65 84 52 60 19 8 32 )
#(67 89 43 67 22 24 46 )
#(67 84 41 72 17 31 43 )
#(62 86 35 60 24 25 51 )
#(62 89 31 65 27 34 58 )
#(50 84 36 70 34 34 48 )
#(59 69 36 64 10 28 33 )
#(57 84 36 65 27 29 48 )
#(62 79 43 58 17 15 36 )
#(64 82 41 57 18 16 41 )
#(58 77 34 50 19 16 43 )
#(64 84 34 60 20 26 50 )
#(58 81 31 62 23 31 50 )
#(65 89 50 65 24 15 39 )
#(62 86 46 70 24 24 40 )
#(67 79 45 70 12 25 34 )
#(65 84 34 63 19 29 50 )
#(55 86 34 65 31 31 52 )
#(64 89 36 72 25 36 53 )
#(48 89 29 75 41 46 60 )
