#(5 0 0 12 0 10 0 13 12 0 11 0)
#(8 0 7 15 0 8 0 13 9 0 15 2)
#(5 0 10 15 0 16 0 20 16 0 25 0)
#(9 0 9 12 1 23 0 16 12 1 18 2)
#(9 1 8 25 1 19 0 5 0 7 11 1)
#(13 0 12 25 1 13 0 19 0 7 13 3)
#(12 0 11 17 0 16 0 15 0 9 16 2)
#(11 1 11 12 1 12 0 6 2 6 19 0)
#(11 0 14 14 0 21 0 6 0 4 20 0)
#(10 7 15 5 9 20 1 13 0 2 22 0)
#(27 0 11 16 0 12 2 8 21 0 2 9)
#(3 0 6 24 0 36 0 45 18 5 1 3)
#(37 18 7 21 5 8 0 11 16 3 33 0)
#(0 0 5 13 0 6 3 9 5 7 35 6)
#(6 0 2 14 0 12 0 14 13 0 14 0)
#(8 5 5 21 0 6 0 16 9 0 16 2)
#(27 2 2 9 11 10 0 8 18 0 8 0)
#(4 1 7 19 0 9 0 10 17 2 16 0)
#(8 10 2 18 1 7 3 11 18 0 11 0)
#(16 1 7 12 3 15 1 10 24 2 10 1)
#(16 0 10 15 1 10 0 11 17 0 18 0)
#(6 2 8 22 1 10 2 9 12 1 10 0)
