22
;
#(0.8333 0.7083 0.8333 0.0 0.125 0.0 R )
#(1.0 0.75 1.0 0.0 0.25 0.0 R )
#(0.9375 1.0 1.0 0.0625 0.0 0.0 L )
#(0.8438 0.9583 1.0 0.1563 0.0417 0.0 L )
#(0.9792 0.9167 1.0 0.0208 0.0833 0.0 R )
#(0.9792 0.8125 1.0 0.0208 0.1875 0.0 R )
#(0.9792 0.7188 1.0 0.0208 0.2813 0.0 R )
#(0.875 0.7083 0.875 0.0417 0.2083 0.0417 R )
#(0.75 0.7083 0.8333 0.0833 0.125 0.0 R )
#(0.9167 0.9167 1.0 0.0833 0.0833 0.0 R )
#(0.8333 1.0 1.0 0.1667 0.0 0.0 L )
#(1.0 0.8646 1.0 0.0 0.1354 0.0 R )
#(1.0 0.9063 1.0 0.0 0.0938 0.0 R )
#(0.875 0.875 0.9583 0.125 0.125 0.0417 B )
#(1.0 0.8333 1.0 0.0 0.1667 0.0 R )
#(0.9583 0.875 1.0 0.0417 0.125 0.0 R )
#(0.9479 0.875 1.0 0.0521 0.125 0.0 R )
#(0.8542 0.9167 1.0 0.1458 0.0833 0.0 L )
#(1.0 0.875 1.0 0.0 0.125 0.0 R )
#(0.9792 0.8125 1.0 0.0208 0.1875 0.0 R )
#(0.9792 0.7188 1.0 0.0208 0.2813 0.0 R )
#(0.9583 0.8333 0.9583 0.0417 0.1667 0.0417 R )
