#(64 81 41 60 17 19 40 )
#(71 84 59 69 13 10 25 )
#(67 81 47 65 14 18 34 )
#(62 88 36 64 26 28 52 )
#(69 83 38 67 14 29 45 )
#(66 83 59 69 17 10 24 )
#(68 79 59 67 11 8 20 )
#(66 84 48 64 18 16 36 )
#(60 83 38 60 23 22 45 )
#(55 83 43 55 28 12 40 )
#(62 82 38 53 20 15 44 )
#(69 84 40 72 15 32 44 )
#(67 86 43 72 19 29 43 )
#(55 86 43 69 31 26 43 )
#(64 81 41 60 17 19 40 )
#(69 84 41 67 15 26 43 )
#(62 84 31 64 22 33 53 )
#(57 88 31 62 31 31 57 )
#(62 88 43 73 26 30 45 )
#(64 86 48 74 22 26 38 )
#(62 86 41 62 24 21 45 )
#(73 88 53 72 15 19 35 )
#(67 86 55 69 19 14 31 )
#(54 88 36 67 34 31 52 )
#(55 84 31 64 29 33 53 )
