#( 0 2 14 16 46 0 0 )
#( 0 0 4 61 26 2 0 )
#( 0 2 21 25 31 0 0 )
#( 0 4 12 30 32 3 0 )
#( 0 7 15 26 35 0 0 )
#( 0 0 3 39 47 0 0 )
#( 0 0 3 67 12 0 0 )
#( 0 0 26 33 31 1 0 )
#( 0 6 23 29 29 0 0 )
#( 0 6 17 21 21 0 0 )
#( 0 8 12 30 22 0 0 )
#( 0 1 22 19 43 3 0 )
#( 0 2 12 38 36 1 0 )
#( 0 3 20 30 31 4 0 )
#( 0 1 10 17 45 0 0 )
#( 0 1 16 40 29 1 0 )
#( 1 9 28 26 27 1 0 )
#( 2 5 7 24 21 4 0 )
#( 0 3 7 42 33 9 0 )
#( 0 0 16 42 34 3 0 )
#( 0 6 19 29 18 1 0 )
#( 0 0 5 27 54 3 0 )
#( 0 0 8 34 33 8 0 )
#( 0 9 20 39 26 4 0 )
#( 2 8 25 13 16 3 0 )
