22
;
#(63 75 39 61 12 22 36 )
#(63 76 32 68 13 36 44 )
#(68 92 56 72 24 16 36 )
#(63 84 50 73 21 23 34 )
#(63 87 39 61 24 22 48 )
#(65 80 39 61 15 22 41 )
#(65 87 39 61 22 22 48 )
#(65 80 39 61 15 22 41 )
#(60 80 39 63 20 24 41 )
#(63 76 39 61 13 22 37 )
#(63 92 32 71 29 39 60 )
#(68 92 50 73 24 23 42 )
#(63 80 39 66 17 27 41 )
#(68 80 36 66 12 30 44 )
#(68 82 34 68 14 34 48 )
#(70 85 39 68 15 29 46 )
#(65 85 37 65 20 28 48 )
#(68 84 39 65 16 26 45 )
#(67 77 39 61 10 22 38 )
#(65 84 39 65 19 26 45 )
#(60 75 34 60 15 26 41 )
#(60 80 32 56 20 24 48 )
