#(7 9 0 4 3 0 0 0 0 0 )
#(13 13 0 2 1 0 0 0 0 0 )
#(13 4 2 3 3 4 0 0 0 0 )
#(6 5 2 3 6 4 0 0 0 0 )
#(8 5 2 6 5 0 0 0 0 0 )
#(10 6 4 8 2 0 0 0 0 0 )
#(11 6 4 8 2 0 0 0 0 0 )
#(9 4 5 5 2 1 0 0 0 0 )
#(6 8 1 5 4 0 1 0 0 0 )
#(7 14 0 5 3 0 0 0 0 0 )
#(18 5 0 0 0 4 0 0 0 0 )
#(6 5 2 2 7 4 0 0 0 0 )
#(6 5 3 5 6 2 0 0 0 0 )
#(8 3 8 6 0 4 0 0 0 0 )
#(7 4 8 6 0 4 0 0 0 0 )
#(9 5 4 8 2 2 0 0 0 0 )
#(9 5 3 9 3 0 0 0 0 0 )
#(6 6 4 4 5 0 0 0 0 0 )
#(7 10 4 5 3 0 0 0 0 0 )
#(5 5 4 7 4 0 0 0 0 0 )
#(6 7 1 10 2 0 0 0 0 0 )
#(0 0 0 1 1 1 0 0 0 0 )
