#(0 17 0 3 0 0 0 0 0 0 )
#(8 9 10 4 1 0 0 0 0 0 )
#(8 12 5 5 2 0 0 0 0 0 )
#(7 10 8 6 1 0 0 0 0 0 )
#(2 8 1 8 4 0 0 0 0 0 )
#(2 10 3 6 0 2 0 0 0 0 )
#(3 4 7 8 1 3 0 0 0 0 )
#(4 4 7 5 0 4 0 0 0 0 )
#(4 3 4 7 3 3 0 0 0 0 )
#(1 6 2 9 2 0 0 0 0 0 )
#(8 9 10 4 1 0 0 0 0 0 )
#(8 12 5 5 2 0 0 0 0 0 )
#(8 9 7 5 3 0 0 0 0 0 )
#(0 7 4 4 5 1 0 0 0 0 )
#(6 9 2 5 3 0 0 0 0 0 )
#(6 9 9 3 4 0 0 0 0 0 )
#(4 11 4 5 3 0 0 0 0 0 )
#(4 8 6 3 4 3 0 0 0 0 )
#(2 7 1 6 3 1 0 0 0 0 )
#(4 10 11 4 1 0 0 0 0 0 )
#(4 6 12 2 2 0 0 0 0 0 )
#(5 11 9 6 1 0 0 0 0 0 )
#(2 4 3 4 4 4 0 0 0 0 )
#(0 1 0 1 0 1 0 0 0 0 )
