#(0 17 0 1 0 0 0 0 0 0 )
#(0 8 0 6 0 0 0 0 0 0 )
#(6 3 7 5 1 0 0 0 0 0 )
#(4 10 7 0 0 0 0 0 0 0 )
#(6 5 7 3 1 0 0 0 0 0 )
#(5 4 7 3 1 0 0 0 0 0 )
#(1 7 1 8 1 0 0 0 0 0 )
#(12 0 1 6 0 0 0 0 0 0 )
#(0 12 1 8 0 0 0 0 0 0 )
#(0 11 0 5 0 2 0 0 0 0 )
#(0 4 0 4 0 0 0 0 0 0 )
#(4 3 3 3 0 0 0 0 0 0 )
#(5 2 5 2 0 0 0 0 0 0 )
#(8 2 3 2 0 0 0 0 0 0 )
#(5 2 4 2 0 0 0 0 0 0 )
#(5 0 3 1 0 6 0 0 0 0 )
#(1 1 1 1 0 6 0 0 0 0 )
#(5 6 2 3 0 0 0 0 0 0 )
#(7 1 1 3 0 3 0 0 0 0 )
#(2 4 1 1 0 3 0 0 0 0 )
#(16 3 1 2 1 0 0 0 0 0 )
#(14 1 0 4 0 0 0 0 0 0 )
#(15 1 2 2 0 0 0 0 0 0 )
#(4 10 7 0 0 0 0 0 0 0 )
#(6 5 7 3 1 0 0 0 0 0 )
#(5 4 7 3 1 0 0 0 0 0 )
#(1 7 1 8 1 0 0 0 0 0 )
#(12 0 1 6 0 0 0 0 0 0 )
#(0 13 1 8 0 0 0 0 0 0 )
#(0 11 0 4 1 2 0 0 0 0 )
#(0 4 0 4 0 0 0 0 0 0 )
#(0 6 2 2 0 0 0 0 0 0 )
