40
;
#(67 81 55 72 14 17 26 )
#(60 74 43 67 14 24 31 )
#(59 79 36 67 20 31 43 )
#(71 84 57 67 13 10 27 )
#(66 84 60 74 18 14 24 )
#(66 81 50 62 15 12 31 )
#(67 79 59 74 12 15 20 )
#(55 76 55 74 21 19 21 )
#(54 84 35 76 30 41 49 )
#(57 76 43 64 19 21 33 )
#(55 74 47 67 19 20 27 )
#(67 83 55 69 16 14 28 )
#(59 84 52 69 25 17 32 )
#(57 79 48 60 22 12 31 )
#(67 79 55 71 12 16 24 )
#(64 76 55 67 12 12 21 )
#(69 84 60 69 15 9 24 )
#(65 84 40 65 19 25 44 )
#(75 84 40 72 9 32 44 )
#(59 83 40 68 24 28 43 )
#(57 70 40 57 13 17 30 )
#(55 69 38 55 14 17 31 )
#(64 81 55 72 17 17 26 )
#(65 79 36 60 14 24 43 )
#(59 82 36 70 23 34 46 )
#(72 84 60 69 12 9 24 )
#(59 81 52 69 22 17 29 )
#(59 84 43 79 25 36 41 )
#(72 81 60 76 9 16 21 )
#(59 81 44 79 22 35 37 )
#(55 77 40 69 22 29 37 )
#(60 81 48 60 21 12 33 )
#(62 81 52 74 19 22 29 )
#(59 79 42 79 20 37 37 )
#(75 84 0 0 9 -1 84 )
#(67 79 40 60 12 20 39 )
#(60 81 36 57 21 21 45 )
#(67 88 48 74 21 26 40 )
#(55 76 41 62 21 21 35 )
#(55 84 36 64 29 28 48 )
