40
;
#( 0 0 4 12 11 0 0 )
#( 0 5 12 16 3 0 0 )
#( 0 3 9 22 8 0 0 )
#( 0 0 3 12 27 1 0 )
#( 0 0 0 25 23 1 0 )
#( 0 0 6 24 8 0 0 )
#( 0 0 1 15 6 0 0 )
#( 0 0 4 15 4 0 0 )
#( 1 8 9 6 14 1 0 )
#( 0 1 20 17 5 0 0 )
#( 0 2 21 26 5 0 0 )
#( 0 0 2 23 18 0 0 )
#( 0 0 6 25 11 2 0 )
#( 0 0 22 21 8 0 0 )
#( 0 0 3 6 7 0 0 )
#( 0 0 6 18 3 0 0 )
#( 0 0 0 14 9 1 0 )
#( 0 2 8 8 9 1 0 )
#( 0 2 3 13 26 4 0 )
#( 0 2 13 7 3 0 0 )
#( 0 5 15 14 0 0 0 )
#( 0 7 16 12 0 0 0 )
#( 0 0 5 20 13 0 0 )
#( 0 3 12 11 14 0 0 )
#( 0 2 6 15 18 0 0 )
#( 0 0 0 10 29 3 0 )
#( 0 0 11 22 16 0 0 )
#( 0 2 9 12 9 1 0 )
#( 0 0 0 6 16 0 0 )
#( 0 3 4 10 7 0 0 )
#( 0 4 13 21 5 0 0 )
#( 0 0 14 19 12 0 0 )
#( 0 0 6 19 29 0 0 )
#( 0 2 3 7 15 0 0 )
#( 0 0 0 0 14 1 0 )
#( 0 10 11 4 7 0 0 )
#( 0 10 10 7 9 0 0 )
#( 0 0 8 12 20 4 0 )
#( 0 7 13 20 5 0 0 )
#( 0 3 9 12 13 1 0 )
