40
;
#(0.8125 0.625 0.8125 0.0 0.1875 0.0 R )
#(1.0 0.875 1.0 0.0 0.125 0.0 R )
#(0.9375 0.875 1.0 0.0625 0.125 0.0 R )
#(1.0 0.625 1.0 0.0 0.375 0.0 R )
#(0.9375 1.0 1.0 0.0625 0.0 0.0 L )
#(0.875 0.625 0.9375 0.125 0.375 0.0625 R )
#(1.0 0.375 1.0 0.0 0.625 0.0 R )
#(0.75 0.8125 1.0 0.25 0.1875 0.0 L )
#(0.5625 0.9375 1.0 0.4375 0.0625 0.0 L )
#(0.75 1.0 1.0 0.25 0.0 0.0 L )
#(0.875 1.0 1.0 0.125 0.0 0.0 L )
#(0.9375 0.875 1.0 0.0625 0.125 0.0 R )
#(0.9375 0.8125 0.9375 0.0625 0.1875 0.0625 R )
#(0.9375 0.9375 0.9375 0.0625 0.0625 0.0625 B )
#(0.6875 0.3125 0.6875 0.0625 0.4375 0.0625 R )
#(1.0 0.625 1.0 0.0 0.375 0.0 R )
#(0.375 1.0 1.0 0.625 0.0 0.0 L )
#(0.5625 0.875 1.0 0.4375 0.125 0.0 L )
#(0.9375 0.9375 1.0 0.0625 0.0625 0.0 B )
#(0.9375 0.75 0.9375 0.0625 0.25 0.0625 R )
#(1.0 0.9375 1.0 0.0 0.0625 0.0 R )
#(1.0 0.9375 1.0 0.0 0.0625 0.0 R )
#(1.0 0.875 1.0 0.0 0.125 0.0 R )
#(0.875 1.0 1.0 0.125 0.0 0.0 L )
#(0.9375 0.75 1.0 0.0625 0.25 0.0 R )
#(1.0 0.5 1.0 0.0 0.5 0.0 R )
#(0.875 1.0 1.0 0.125 0.0 0.0 L )
#(0.9375 0.5625 0.9375 0.0625 0.4375 0.0625 R )
#(0.9375 0.375 1.0 0.0625 0.625 0.0 R )
#(0.6875 0.8125 1.0 0.3125 0.1875 0.0 L )
#(0.6875 1.0 1.0 0.3125 0.0 0.0 L )
#(0.6875 1.0 1.0 0.3125 0.0 0.0 L )
#(0.875 1.0 1.0 0.125 0.0 0.0 L )
#(0.75 0.8125 1.0 0.25 0.1875 0.0 L )
#(0.8125 0.0 0.8125 0.1875 1.0 0.1875 R )
#(0.4375 0.8125 1.0 0.5625 0.1875 0.0 L )
#(0.5625 1.0 1.0 0.4375 0.0 0.0 L )
#(0.9375 0.8125 0.9375 0.0625 0.1875 0.0625 R )
#(0.9375 0.8125 0.9375 0.0625 0.1875 0.0625 R )
#(0.875 0.875 0.875 0.0625 0.0625 0.0625 B )
