40
;
#(7 10 0 0 0 0 0 0 0 0 )
#(12 12 0 0 0 0 0 0 0 0 )
#(18 9 0 0 0 1 0 0 0 0 )
#(28 0 1 3 0 0 0 0 0 0 )
#(21 5 6 0 0 0 0 0 0 0 )
#(14 3 3 1 1 0 0 0 0 0 )
#(12 2 2 0 0 0 0 0 0 0 )
#(10 5 1 0 0 0 0 0 0 0 )
#(7 16 0 0 0 0 0 0 0 0 )
#(17 7 4 0 0 0 0 0 0 0 )
#(18 6 8 0 0 0 0 0 0 0 )
#(19 1 6 1 0 0 0 0 0 0 )
#(7 14 3 0 0 0 0 0 0 0 )
#(12 13 3 1 0 0 0 0 0 0 )
#(6 2 2 0 0 0 0 0 0 0 )
#(9 3 4 0 0 0 0 0 0 0 )
#(10 4 2 0 0 0 0 0 0 0 )
#(11 4 3 0 0 0 0 0 0 0 )
#(14 8 6 0 0 0 0 0 0 0 )
#(3 6 2 1 0 0 0 0 0 0 )
#(13 6 3 0 0 0 0 0 0 0 )
#(13 5 4 0 0 0 0 0 0 0 )
#(10 14 0 0 0 0 0 0 0 0 )
#(8 16 0 0 0 0 0 0 0 0 )
#(21 5 0 1 0 1 0 0 0 0 )
#(28 0 2 2 0 0 0 0 0 0 )
#(20 7 5 0 0 0 0 0 0 0 )
#(11 2 3 1 1 0 0 0 0 0 )
#(12 2 2 0 0 0 0 0 0 0 )
#(8 8 0 0 0 0 0 0 0 0 )
#(11 16 0 0 0 0 0 0 0 0 )
#(18 3 7 0 0 0 0 0 0 0 )
#(19 5 7 1 0 0 0 0 0 0 )
#(13 4 2 0 0 0 0 0 0 0 )
#(11 2 0 0 0 0 0 0 0 0 )
#(4 10 0 2 0 0 0 0 0 0 )
#(2 11 0 3 0 0 0 0 0 0 )
#(7 14 3 0 0 0 0 0 0 0 )
#(7 13 4 0 0 0 0 0 0 0 )
#(12 1 4 0 0 2 0 0 0 0 )
