57
;
#( 0 0 8 13 18 0 0 )
#( 0 0 4 23 11 0 0 )
#( 0 0 13 18 22 0 0 )
#( 0 1 11 25 22 0 0 )
#( 0 2 7 10 19 0 0 )
#( 0 0 10 20 27 1 0 )
#( 0 0 16 16 27 0 0 )
#( 0 0 5 16 44 7 0 )
#( 1 1 23 17 25 1 0 )
#( 0 0 16 6 22 6 0 )
#( 0 0 8 13 18 0 0 )
#( 0 0 4 23 11 0 0 )
#( 0 0 13 18 22 0 0 )
#( 0 1 11 25 22 0 0 )
#( 0 2 7 10 19 0 0 )
#( 0 0 16 6 17 0 0 )
#( 0 0 12 16 17 4 0 )
#( 0 0 18 6 30 2 0 )
#( 0 4 29 4 5 0 0 )
#( 0 2 22 15 3 0 0 )
#( 0 2 5 27 11 0 0 )
#( 0 0 19 9 22 0 0 )
#( 0 0 5 14 15 0 0 )
#( 0 0 2 18 18 0 0 )
#( 0 0 9 16 20 0 0 )
#( 0 0 10 5 22 2 0 )
#( 0 0 14 22 20 0 0 )
#( 0 0 8 19 15 0 0 )
#( 0 0 8 13 20 0 0 )
#( 0 0 6 26 9 0 0 )
#( 0 0 13 20 24 0 0 )
#( 0 1 11 18 23 0 0 )
#( 0 5 9 15 15 0 0 )
#( 3 5 7 21 20 0 0 )
#( 0 1 9 5 37 0 0 )
#( 0 0 11 18 35 1 0 )
#( 0 0 17 20 37 10 0 )
#( 0 0 25 21 10 3 0 )
#( 0 1 12 19 39 9 0 )
#( 1 6 12 35 16 6 0 )
#( 0 0 11 23 22 2 0 )
#( 0 4 17 13 29 6 0 )
#( 0 14 14 8 35 13 0 )
#( 0 0 12 28 16 0 0 )
#( 0 0 16 7 18 3 0 )
#( 0 0 10 11 20 6 0 )
#( 0 0 25 9 19 0 0 )
#( 0 14 16 13 54 6 0 )
#( 0 2 27 8 26 2 0 )
#( 1 7 19 19 54 22 0 )
#( 0 0 8 14 18 0 0 )
#( 0 5 18 9 32 0 0 )
#( 0 0 17 9 45 0 0 )
#( 0 0 16 21 13 6 0 )
#( 0 0 13 17 24 0 0 )
#( 0 0 12 22 19 0 0 )
#( 1 3 3 2 12 0 0 )
