#(6 0 5 0 8 8 1 5 0 2 0 4)
#(8 0 5 0 6 7 0 4 0 4 0 4)
#(7 0 7 0 11 11 1 9 0 3 0 4)
#(14 0 7 0 10 11 0 9 0 4 0 4)
#(8 0 7 0 7 5 1 5 0 2 0 3)
#(8 1 12 0 3 0 7 11 0 8 0 8)
#(8 0 20 0 1 0 4 6 4 7 0 9)
#(11 0 10 1 7 2 3 15 0 9 0 14)
#(11 0 8 0 5 0 7 17 0 7 0 13)
#(3 2 6 1 2 3 2 22 0 2 1 6)
#(6 0 5 0 8 8 1 5 0 2 0 4)
#(8 0 5 0 6 7 0 4 0 4 0 4)
#(7 0 7 0 11 11 1 9 0 3 0 4)
#(14 0 7 0 10 11 0 9 0 4 0 4)
#(8 0 7 0 7 6 0 5 0 2 0 3)
#(6 0 3 1 12 3 0 4 2 3 0 5)
#(8 0 10 1 7 7 0 0 1 13 0 2)
#(5 0 2 3 13 4 0 1 6 13 0 9)
#(8 0 0 1 10 5 1 10 0 2 2 3)
#(14 0 0 1 4 6 2 7 0 6 2 0)
#(8 1 7 0 2 11 0 1 0 7 6 2)
#(9 1 3 0 4 8 1 9 0 8 7 0)
#(4 3 3 0 3 5 0 6 0 5 5 0)
#(2 3 5 0 7 8 1 5 2 2 0 3)
#(8 3 5 9 1 4 0 5 3 0 4 3)
#(6 0 4 5 0 2 6 10 4 0 0 2)
#(6 1 3 2 0 0 2 32 0 2 1 7)
#(5 2 3 2 5 2 2 14 1 2 1 3)
#(6 0 6 0 8 9 1 5 0 2 0 4)
#(9 0 4 0 8 6 0 6 0 4 0 4)
#(9 0 8 0 11 12 1 9 0 3 0 4)
#(11 0 7 0 9 12 0 6 0 4 0 4)
#(5 2 8 0 7 4 0 9 0 2 4 3)
#(2 5 14 0 5 7 1 7 2 9 0 4)
#(10 0 4 0 7 10 0 7 0 8 3 3)
#(9 0 10 0 5 7 2 9 0 11 2 10)
#(13 0 12 0 16 11 0 18 0 4 0 10)
#(6 4 7 0 9 8 0 20 0 1 0 4)
#(18 0 10 0 16 10 0 12 1 5 1 7)
#(14 0 6 0 16 8 0 16 0 8 0 8)
#(20 0 4 0 15 5 0 11 0 1 0 2)
#(27 0 7 0 17 3 1 2 1 4 2 5)
#(24 0 4 0 27 7 4 5 0 10 0 3)
#(10 0 4 5 7 14 0 12 1 1 0 2)
#(7 1 5 4 0 0 1 16 3 2 2 3)
#(1 1 9 1 2 7 3 15 0 0 0 8)
#(19 0 1 0 3 7 1 5 3 6 5 3)
#(13 3 14 0 17 14 0 11 4 15 0 12)
#(17 0 8 0 7 8 1 4 1 9 6 4)
#(20 2 15 8 13 13 7 16 2 13 0 13)
#(6 0 5 0 8 8 1 6 0 2 0 4)
#(20 0 6 0 8 10 0 10 0 6 0 4)
#(14 0 8 0 7 10 1 6 3 15 0 7)
#(15 0 4 0 12 6 0 10 0 2 3 4)
#(15 0 6 0 8 7 1 6 1 5 3 2)
#(14 0 9 0 6 10 0 7 0 3 0 4)
#(5 0 2 0 2 2 0 8 0 0 0 2)
