57
;
#(0.9688 0.875 1.0 0.0313 0.125 0.0 R )
#(0.9688 0.75 1.0 0.0313 0.25 0.0 R )
#(0.9688 0.9375 1.0 0.0313 0.0625 0.0 R )
#(0.9375 0.875 1.0 0.0625 0.125 0.0 R )
#(0.9375 0.625 1.0 0.0625 0.375 0.0 R )
#(0.9583 0.6875 1.0 0.0417 0.3125 0.0 R )
#(0.875 1.0 1.0 0.125 0.0 0.0 L )
#(1.0 0.6875 1.0 0.0 0.3125 0.0 R )
#(0.9375 0.8125 1.0 0.0625 0.1875 0.0 R )
#(0.875 0.6875 1.0 0.125 0.3125 0.0 R )
#(0.9688 0.875 1.0 0.0313 0.125 0.0 R )
#(0.9688 0.75 1.0 0.0313 0.25 0.0 R )
#(0.9688 0.9375 1.0 0.0313 0.0625 0.0 R )
#(0.9375 0.875 1.0 0.0625 0.125 0.0 R )
#(0.9375 0.625 1.0 0.0625 0.375 0.0 R )
#(0.9531 0.75 0.9531 0.0469 0.25 0.0469 R )
#(0.9219 0.8438 1.0 0.0781 0.1563 0.0 R )
#(1.0 0.6875 1.0 0.0 0.3125 0.0 R )
#(1.0 0.8125 1.0 0.0 0.1875 0.0 R )
#(0.9688 0.875 1.0 0.0313 0.125 0.0 R )
#(0.9063 0.625 1.0 0.0938 0.375 0.0 R )
#(0.8125 0.75 0.8438 0.1875 0.25 0.1563 R )
#(0.8125 0.625 0.8125 0.1875 0.375 0.1875 R )
#(0.9375 0.75 0.9688 0.0625 0.25 0.0313 R )
#(0.8125 0.75 1.0 0.1875 0.25 0.0 R )
#(0.9375 0.875 1.0 0.0625 0.125 0.0 R )
#(0.875 0.75 1.0 0.125 0.25 0.0 R )
#(0.9375 0.6875 1.0 0.0625 0.3125 0.0 R )
#(0.9687 0.875 1.0 0.0313 0.125 0.0 R )
#(0.9688 0.8125 1.0 0.0313 0.1875 0.0 R )
#(0.9687 0.9375 1.0 0.0313 0.0625 0.0 R )
#(0.9375 0.8125 1.0 0.0625 0.1875 0.0 R )
#(0.9375 0.625 1.0 0.0625 0.375 0.0 R )
#(0.9063 0.6875 1.0 0.0938 0.3125 0.0 R )
#(0.9167 0.5938 1.0 0.0833 0.4063 0.0 R )
#(0.9792 0.9063 1.0 0.0208 0.0938 0.0 R )
#(1.0 0.9375 1.0 0.0 0.0625 0.0 R )
#(0.875 1.0 1.0 0.125 0.0 0.0 L )
#(1.0 0.6875 1.0 0.0 0.3125 0.0 R )
#(1.0 0.5 1.0 0.0 0.5 0.0 R )
#(0.9375 0.6875 1.0 0.0625 0.3125 0.0 R )
#(0.8438 0.875 1.0 0.1563 0.125 0.0 L )
#(0.9688 0.5313 0.9688 0.0313 0.4688 0.0313 R )
#(0.875 1.0 1.0 0.125 0.0 0.0 L )
#(0.875 0.6875 1.0 0.125 0.3125 0.0 R )
#(0.9375 0.75 1.0 0.0625 0.25 0.0 R )
#(1.0 0.8125 1.0 0.0 0.1875 0.0 R )
#(0.75 1.0 1.0 0.25 0.0 0.0 L )
#(0.875 1.0 1.0 0.125 0.0 0.0 L )
#(1.9766 0.875 2.2891 0.3359 1.4375 0.0234 R )
#(0.9688 0.875 1.0 0.0313 0.125 0.0 R )
#(0.9688 0.875 1.0 0.0313 0.125 0.0 R )
#(1.0 0.625 1.0 0.0 0.375 0.0 R )
#(0.8438 1.0 1.0 0.1563 0.0 0.0 L )
#(0.9687 0.8125 1.0 0.0313 0.1875 0.0 R )
#(0.9063 0.875 0.9375 0.0938 0.125 0.0625 R )
#(0.5625 0.625 0.625 0.4375 0.375 0.375 L )
