57
;
#(14 8 3 0 0 0 0 0 0 0 )
#(16 8 2 0 0 0 0 0 0 0 )
#(17 9 4 0 0 1 0 0 0 0 )
#(22 11 3 0 0 1 0 0 0 0 )
#(14 0 8 0 0 0 0 0 0 0 )
#(38 7 2 0 0 0 0 0 0 0 )
#(19 20 0 0 0 0 0 0 0 0 )
#(46 8 2 1 0 0 0 0 0 0 )
#(33 11 1 0 2 0 0 0 0 0 )
#(24 2 2 4 0 0 0 0 0 0 )
#(14 8 3 0 0 0 0 0 0 0 )
#(16 8 2 0 0 0 0 0 0 0 )
#(17 9 4 0 0 1 0 0 0 0 )
#(22 11 3 0 0 1 0 0 0 0 )
#(14 0 8 0 0 0 0 0 0 0 )
#(16 1 7 0 0 0 0 0 0 0 )
#(25 12 0 0 0 0 0 0 0 0 )
#(22 1 4 5 0 0 0 0 0 0 )
#(4 6 6 2 0 0 0 0 0 0 )
#(17 11 1 0 0 0 0 0 0 0 )
#(22 1 7 0 0 0 0 0 0 0 )
#(13 2 7 3 0 0 0 0 0 0 )
#(8 2 6 1 0 0 0 0 0 0 )
#(15 4 5 0 0 0 0 0 0 0 )
#(21 9 2 0 0 0 0 0 0 0 )
#(20 5 3 0 0 0 0 0 0 0 )
#(18 6 6 2 0 0 0 0 0 0 )
#(22 4 0 3 0 0 0 0 0 0 )
#(16 8 3 0 0 0 0 0 0 0 )
#(15 10 2 0 0 0 0 0 0 0 )
#(17 11 4 0 0 1 0 0 0 0 )
#(19 5 6 0 0 1 0 0 0 0 )
#(14 0 5 0 3 0 0 0 0 0 )
#(22 0 3 0 5 0 0 0 0 0 )
#(43 3 1 0 0 0 0 0 0 0 )
#(37 11 2 0 0 0 0 0 0 0 )
#(26 26 0 0 0 1 0 0 0 0 )
#(19 20 0 0 0 0 0 0 0 0 )
#(47 10 3 1 0 0 0 0 0 0 )
#(58 0 2 3 0 0 0 0 0 0 )
#(34 7 0 0 2 0 0 0 0 0 )
#(23 5 12 0 0 0 0 0 0 0 )
#(39 0 13 0 0 1 0 0 0 0 )
#(16 14 0 0 0 2 0 0 0 0 )
#(23 6 3 0 0 0 0 0 0 0 )
#(23 6 0 3 0 0 0 0 0 0 )
#(16 11 5 0 0 0 0 0 0 0 )
#(0 8 16 1 7 0 0 0 0 0 )
#(4 26 0 1 1 0 0 0 0 0 )
#(96 0 4 1 2 0 0 0 0 0 )
#(14 7 4 0 0 0 0 0 0 0 )
#(26 13 2 0 0 1 0 0 0 0 )
#(42 3 6 0 1 0 0 0 0 0 )
#(24 14 0 1 0 0 0 0 0 0 )
#(15 18 1 0 0 0 0 0 0 0 )
#(13 14 4 0 0 0 0 0 0 0 )
#(2 1 0 0 1 2 0 0 0 0 )
