1635
;
#(64 81 41 60 17 19 40 )
#(71 84 59 69 13 10 25 )
#(67 81 47 65 14 18 34 )
#(62 88 36 64 26 28 52 )
#(69 83 38 67 14 29 45 )
#(66 83 59 69 17 10 24 )
#(68 79 59 67 11 8 20 )
#(66 84 48 64 18 16 36 )
#(60 83 38 60 23 22 45 )
#(55 83 43 55 28 12 40 )
#(62 82 38 53 20 15 44 )
#(69 84 40 72 15 32 44 )
#(67 86 43 72 19 29 43 )
#(55 86 43 69 31 26 43 )
#(64 81 41 60 17 19 40 )
#(69 84 41 67 15 26 43 )
#(62 84 31 64 22 33 53 )
#(57 88 31 62 31 31 57 )
#(62 88 43 73 26 30 45 )
#(64 86 48 74 22 26 38 )
#(62 86 41 62 24 21 45 )
#(73 88 53 72 15 19 35 )
#(67 86 55 69 19 14 31 )
#(54 88 36 67 34 31 52 )
#(55 84 31 64 29 33 53 )
#(64 82 46 60 18 14 36 )
#(63 82 36 60 19 24 46 )
#(64 86 41 65 22 24 45 )
#(72 84 54 67 12 13 30 )
#(69 84 42 65 15 23 42 )
#(65 81 35 65 16 30 46 )
#(53 79 43 65 26 22 36 )
#(52 81 36 67 29 31 45 )
#(69 82 50 67 13 17 32 )
#(72 86 50 74 14 24 36 )
#(74 86 60 79 12 19 26 )
#(64 82 46 60 18 14 36 )
#(67 84 48 65 17 17 36 )
#(69 86 64 72 17 8 22 )
#(62 77 35 65 15 30 42 )
#(58 84 41 70 26 29 43 )
#(65 84 40 69 19 29 44 )
#(63 84 36 70 21 34 48 )
#(57 84 36 70 27 34 48 )
#(67 81 55 72 14 17 26 )
#(60 74 43 67 14 24 31 )
#(59 79 36 67 20 31 43 )
#(71 84 57 67 13 10 27 )
#(66 84 60 74 18 14 24 )
#(66 81 50 62 15 12 31 )
#(67 79 59 74 12 15 20 )
#(55 76 55 74 21 19 21 )
#(54 84 35 76 30 41 49 )
#(57 76 43 64 19 21 33 )
#(55 74 47 67 19 20 27 )
#(67 83 55 69 16 14 28 )
#(59 84 52 69 25 17 32 )
#(57 79 48 60 22 12 31 )
#(67 79 55 71 12 16 24 )
#(64 76 55 67 12 12 21 )
#(69 84 60 69 15 9 24 )
#(65 84 40 65 19 25 44 )
#(75 84 40 72 9 32 44 )
#(59 83 40 68 24 28 43 )
#(57 70 40 57 13 17 30 )
#(55 69 38 55 14 17 31 )
#(64 81 55 72 17 17 26 )
#(65 79 36 60 14 24 43 )
#(59 82 36 70 23 34 46 )
#(72 84 60 69 12 9 24 )
#(59 81 52 69 22 17 29 )
#(59 84 43 79 25 36 41 )
#(72 81 60 76 9 16 21 )
#(59 81 44 79 22 35 37 )
#(55 77 40 69 22 29 37 )
#(60 81 48 60 21 12 33 )
#(62 81 52 74 19 22 29 )
#(59 79 42 79 20 37 37 )
#(75 84 0 0 9 -1 84 )
#(67 79 40 60 12 20 39 )
#(60 81 36 57 21 21 45 )
#(67 88 48 74 21 26 40 )
#(55 76 41 62 21 21 35 )
#(55 84 36 64 29 28 48 )
#(60 77 29 62 17 33 48 )
#(69 82 52 65 13 13 30 )
#(55 82 46 65 27 19 36 )
#(57 70 29 60 13 31 41 )
#(67 81 41 65 14 24 40 )
#(64 86 45 60 22 15 41 )
#(64 82 36 58 18 22 46 )
#(71 79 31 69 8 38 48 )
#(68 79 40 67 11 27 39 )
#(70 83 42 69 13 27 41 )
#(69 81 48 65 12 17 33 )
#(59 81 36 72 22 36 45 )
#(59 84 38 77 25 39 46 )
#(64 84 48 67 20 19 36 )
#(62 79 47 62 17 15 32 )
#(64 79 52 67 15 15 27 )
#(69 82 38 67 13 29 44 )
#(64 82 31 55 18 24 51 )
#(61 86 29 58 25 29 57 )
#(61 86 44 64 25 20 42 )
#(60 74 29 65 14 36 45 )
#(70 77 53 65 7 12 24 )
#(55 82 46 60 27 14 36 )
#(55 81 29 65 26 36 52 )
#(60 81 36 65 21 29 45 )
#(62 86 45 62 24 17 41 )
#(64 86 46 58 22 12 40 )
#(76 86 29 74 10 45 57 )
#(76 84 36 72 8 36 48 )
#(60 84 40 60 24 20 44 )
#(60 81 33 64 21 31 48 )
#(63 76 35 62 13 27 41 )
#(62 84 46 70 22 24 38 )
#(64 86 41 77 22 36 45 )
#(55 77 43 70 22 27 34 )
#(57 77 41 60 20 19 36 )
#(64 77 49 61 13 12 28 )
#(64 70 48 61 6 13 22 )
#(65 77 50 61 12 11 27 )
#(74 87 51 71 13 20 36 )
#(68 84 51 73 16 22 33 )
#(48 73 32 56 25 24 41 )
#(57 78 45 66 21 21 33 )
#(71 80 43 63 9 20 37 )
#(59 72 48 56 13 8 24 )
#(64 77 49 61 13 12 28 )
#(64 72 48 60 8 12 24 )
#(64 79 46 60 15 14 33 )
#(72 85 56 70 13 14 29 )
#(65 85 48 68 20 20 37 )
#(56 77 36 62 21 26 41 )
#(76 84 65 72 8 7 19 )
#(62 81 55 72 19 17 26 )
#(64 72 53 60 8 7 19 )
#(64 84 45 60 20 15 39 )
#(55 77 41 53 22 12 36 )
#(57 74 41 53 17 12 33 )
#(65 81 53 65 16 12 28 )
#(64 81 54 65 17 11 27 )
#(62 84 42 79 22 37 42 )
#(62 81 42 55 19 13 39 )
#(76 81 59 67 5 8 22 )
#(76 79 59 72 3 13 20 )
#(71 81 62 69 10 7 19 )
#(67 81 47 65 14 18 34 )
#(67 84 47 72 17 25 37 )
#(63 77 55 69 14 14 22 )
#(59 67 43 58 8 15 24 )
#(65 77 53 65 12 12 24 )
#(71 79 55 64 8 9 24 )
#(72 84 48 64 12 16 36 )
#(72 84 38 54 12 16 46 )
#(70 82 43 62 12 19 39 )
#(60 76 55 58 16 3 21 )
#(57 82 36 57 25 21 46 )
#(62 79 33 70 17 37 46 )
#(71 86 57 69 15 12 29 )
#(74 86 33 61 12 28 53 )
#(76 84 65 72 8 7 19 )
#(62 81 55 72 19 17 26 )
#(64 72 53 60 8 7 19 )
#(64 84 45 60 20 15 39 )
#(55 77 41 53 22 12 36 )
#(57 74 41 53 17 12 33 )
#(65 81 53 65 16 12 28 )
#(64 86 60 72 22 12 26 )
#(69 86 59 70 17 11 27 )
#(67 89 47 72 22 25 42 )
#(67 86 35 48 19 13 51 )
#(81 86 64 72 5 8 22 )
#(81 84 64 77 3 13 20 )
#(70 81 55 74 11 19 26 )
#(60 74 40 58 14 18 34 )
#(60 77 40 65 17 25 37 )
#(60 70 48 62 10 14 22 )
#(65 72 36 63 7 27 36 )
#(70 82 58 70 12 12 24 )
#(64 84 48 70 20 22 36 )
#(65 77 41 57 12 16 36 )
#(69 86 41 65 17 24 45 )
#(57 79 46 63 22 17 33 )
#(67 86 58 65 19 7 28 )
#(65 84 34 67 19 33 50 )
#(76 84 41 72 8 31 43 )
#(71 86 45 72 15 27 41 )
#(69 84 43 70 15 27 41 )
#(64 84 41 70 20 29 43 )
#(58 86 41 70 28 29 45 )
#(57 82 41 60 25 19 41 )
#(64 77 57 69 13 12 20 )
#(64 86 46 63 22 17 40 )
#(62 84 48 68 22 20 36 )
#(66 82 46 63 16 17 36 )
#(67 79 55 70 12 15 24 )
#(67 82 51 63 15 12 31 )
#(67 82 41 72 15 31 41 )
#(69 86 46 72 17 26 40 )
#(57 79 41 63 22 22 38 )
#(67 82 58 63 15 5 24 )
#(69 86 34 67 17 33 52 )
#(65 77 41 70 12 29 36 )
#(66 79 51 65 13 14 28 )
#(64 87 36 75 23 39 51 )
#(63 89 46 75 26 29 43 )
#(63 89 46 65 26 19 43 )
#(58 81 34 62 23 28 47 )
#(72 82 46 58 10 12 36 )
#(62 82 39 63 20 24 43 )
#(62 75 39 63 13 24 36 )
#(62 84 46 68 22 22 38 )
#(58 80 39 70 22 31 41 )
#(74 84 57 70 10 13 27 )
#(71 84 51 65 13 14 33 )
#(69 79 34 62 10 28 45 )
#(70 82 41 63 12 22 41 )
#(69 82 50 63 13 13 32 )
#(67 82 51 63 15 12 31 )
#(57 82 38 63 25 25 44 )
#(53 82 34 68 29 34 48 )
#(69 82 58 70 13 12 24 )
#(69 82 57 63 13 6 25 )
#(62 84 39 53 22 14 45 )
#(62 79 51 65 17 14 28 )
#(65 84 55 65 19 10 29 )
#(58 84 39 68 26 29 45 )
#(58 82 49 68 24 19 33 )
#(70 87 52 65 17 13 35 )
#(67 80 50 65 13 15 30 )
#(74 84 39 67 10 28 45 )
#(75 87 34 68 12 34 53 )
#(70 86 55 68 16 13 31 )
#(60 75 43 63 15 20 32 )
#(62 87 43 79 25 36 44 )
#(58 63 39 55 5 16 24 )
#(70 82 57 70 12 13 25 )
#(70 82 45 70 12 25 37 )
#(62 82 41 60 20 19 41 )
#(66 79 38 63 13 25 41 )
#(69 86 53 65 17 12 33 )
#(67 84 53 70 17 17 31 )
#(64 86 46 70 22 24 40 )
#(67 82 52 65 15 13 30 )
#(73 86 57 74 13 17 29 )
#(74 89 58 74 15 16 31 )
#(69 82 59 72 13 13 23 )
#(70 82 47 70 12 23 35 )
#(70 82 45 63 12 18 37 )
#(66 82 48 67 16 19 34 )
#(73 86 58 70 13 12 28 )
#(66 86 38 67 20 29 48 )
#(66 79 48 67 13 19 31 )
#(62 79 40 67 17 27 39 )
#(70 82 47 70 12 23 35 )
#(69 82 45 63 13 18 37 )
#(62 82 38 60 20 22 44 )
#(66 79 38 63 13 25 41 )
#(64 82 52 68 18 16 30 )
#(70 84 56 68 14 12 28 )
#(70 84 51 77 14 26 33 )
#(70 80 58 71 10 13 22 )
#(69 82 58 70 13 12 24 )
#(65 84 41 70 19 29 43 )
#(67 82 43 67 15 24 39 )
#(71 79 55 72 8 17 24 )
#(67 82 60 67 15 7 22 )
#(69 87 46 70 18 24 41 )
#(66 79 50 67 13 17 29 )
#(67 86 59 70 19 11 27 )
#(67 82 58 70 15 12 24 )
#(67 79 57 70 12 13 22 )
#(70 82 45 70 12 25 37 )
#(62 82 46 62 20 16 36 )
#(65 82 38 63 17 25 44 )
#(66 82 38 63 16 25 44 )
#(64 82 52 63 18 11 30 )
#(67 79 51 70 12 19 28 )
#(64 80 52 67 16 15 28 )
#(69 82 46 65 13 19 36 )
#(58 82 46 70 24 24 36 )
#(63 80 58 68 17 10 22 )
#(65 77 48 68 12 20 29 )
#(62 82 51 70 20 19 31 )
#(62 84 43 75 22 32 41 )
#(62 82 46 70 20 24 36 )
#(69 77 62 65 8 3 15 )
#(70 82 53 65 12 12 29 )
#(57 77 41 65 20 24 36 )
#(65 80 43 65 15 22 37 )
#(65 75 50 63 10 13 25 )
#(74 87 57 65 13 8 30 )
#(72 87 53 63 15 10 34 )
#(62 82 46 70 20 24 36 )
#(62 75 46 67 13 21 29 )
#(69 82 43 68 13 25 39 )
#(68 84 44 67 16 23 40 )
#(72 86 50 65 14 15 36 )
#(70 77 46 62 7 16 31 )
#(70 82 58 67 12 9 24 )
#(57 82 45 59 25 14 37 )
#(69 82 58 68 13 10 24 )
#(67 84 43 67 17 24 41 )
#(65 89 51 58 24 7 38 )
#(75 84 51 67 9 16 33 )
#(70 82 55 67 12 12 27 )
#(70 82 60 70 12 10 22 )
#(74 87 57 70 13 13 30 )
#(67 87 51 65 20 14 36 )
#(71 79 50 70 8 20 29 )
#(67 82 50 63 15 13 32 )
#(71 79 62 70 8 8 17 )
#(67 82 50 63 15 13 32 )
#(69 86 50 63 17 13 36 )
#(69 82 46 65 13 19 36 )
#(70 82 52 70 12 18 30 )
#(68 80 50 68 12 18 30 )
#(66 79 39 67 13 28 40 )
#(65 75 41 65 10 24 34 )
#(67 77 53 67 10 14 24 )
#(70 84 54 68 14 14 30 )
#(70 82 55 67 12 12 27 )
#(69 82 51 70 13 19 31 )
#(67 82 50 58 15 8 32 )
#(72 84 55 72 12 17 29 )
#(60 84 43 75 24 32 41 )
#(62 72 46 60 10 14 26 )
#(60 75 43 63 15 20 32 )
#(62 87 46 65 25 19 41 )
#(70 87 58 70 17 12 29 )
#(62 75 51 68 13 17 24 )
#(66 81 54 62 15 8 27 )
#(71 79 54 67 8 13 25 )
#(64 86 43 60 22 17 43 )
#(62 86 47 60 24 13 39 )
#(55 69 31 59 14 28 38 )
#(61 81 38 69 20 31 43 )
#(73 83 57 69 10 12 26 )
#(73 81 50 69 8 19 31 )
#(68 86 50 69 18 19 36 )
#(68 86 54 69 18 15 32 )
#(68 83 54 67 15 13 29 )
#(64 83 52 64 19 12 31 )
#(62 83 45 62 21 17 38 )
#(66 86 50 66 20 16 36 )
#(73 86 50 73 13 23 36 )
#(73 88 50 62 15 12 38 )
#(67 83 50 62 16 12 33 )
#(62 84 50 62 22 12 34 )
#(66 81 54 62 15 8 27 )
#(68 83 55 64 15 9 28 )
#(72 84 57 72 12 15 27 )
#(55 74 31 67 19 36 43 )
#(61 76 38 62 15 24 38 )
#(66 88 50 74 22 24 38 )
#(66 86 43 74 20 31 43 )
#(61 79 43 62 18 19 36 )
#(61 79 47 62 18 15 32 )
#(73 88 59 72 15 13 29 )
#(62 84 45 67 22 22 39 )
#(62 88 43 67 26 24 45 )
#(67 79 43 55 12 12 36 )
#(62 79 43 67 17 24 36 )
#(66 88 48 67 22 19 40 )
#(66 83 55 69 17 14 28 )
#(67 82 55 72 15 17 27 )
#(69 84 57 69 15 12 27 )
#(63 86 52 76 23 24 34 )
#(67 82 43 67 15 24 39 )
#(71 88 50 72 17 22 38 )
#(59 88 48 74 29 26 40 )
#(71 86 55 72 15 17 31 )
#(64 79 48 65 15 17 31 )
#(67 79 43 55 12 12 36 )
#(67 76 43 55 9 12 33 )
#(62 76 35 52 14 17 41 )
#(67 84 54 62 17 8 30 )
#(68 76 60 67 8 7 16 )
#(66 71 48 64 5 16 23 )
#(62 83 43 57 21 14 40 )
#(62 83 43 57 21 14 40 )
#(69 76 60 67 7 7 16 )
#(69 86 50 67 17 17 36 )
#(73 83 57 67 10 10 26 )
#(69 81 57 67 12 10 24 )
#(71 81 57 66 10 9 24 )
#(69 83 57 67 14 10 26 )
#(67 85 49 67 18 18 36 )
#(63 78 42 60 15 18 36 )
#(69 79 61 67 10 6 18 )
#(69 86 43 67 17 24 43 )
#(74 84 58 69 10 11 26 )
#(74 83 52 68 9 16 31 )
#(70 82 50 72 12 22 32 )
#(73 83 62 71 10 9 21 )
#(66 86 43 66 20 23 43 )
#(76 86 45 69 10 24 41 )
#(66 86 50 62 20 12 36 )
#(62 86 38 57 24 19 48 )
#(62 89 50 59 27 9 39 )
#(56 74 48 59 18 11 26 )
#(69 84 48 60 15 12 36 )
#(64 88 48 59 24 11 40 )
#(58 73 47 59 15 12 26 )
#(66 83 47 64 17 17 36 )
#(74 84 59 72 10 13 25 )
#(70 84 59 72 14 13 25 )
#(67 78 55 69 11 14 23 )
#(62 88 40 59 26 19 48 )
#(60 86 36 55 26 19 50 )
#(64 79 50 60 15 10 29 )
#(67 72 54 71 5 17 18 )
#(69 81 59 64 12 5 22 )
#(66 81 50 62 15 12 31 )
#(71 82 62 67 11 5 20 )
#(67 86 43 55 19 12 43 )
#(67 79 43 55 12 12 36 )
#(62 76 35 55 14 20 41 )
#(64 84 36 62 20 26 48 )
#(67 83 55 64 16 9 28 )
#(69 76 48 67 7 19 28 )
#(62 71 43 59 9 16 28 )
#(62 83 43 57 21 14 40 )
#(64 83 43 67 19 24 40 )
#(69 74 60 67 5 7 14 )
#(69 88 50 67 19 17 38 )
#(78 88 62 72 10 10 26 )
#(74 86 62 72 12 10 24 )
#(76 86 62 72 10 10 24 )
#(74 88 54 71 14 17 34 )
#(60 78 35 67 18 32 43 )
#(68 84 36 72 16 36 48 )
#(67 84 43 72 17 29 41 )
#(67 86 48 72 19 24 38 )
#(81 89 63 74 8 11 26 )
#(79 86 55 72 7 17 31 )
#(67 76 57 65 9 8 19 )
#(66 86 57 67 20 10 29 )
#(71 88 38 67 17 29 50 )
#(69 83 38 62 14 24 45 )
#(67 84 38 64 17 26 46 )
#(67 83 31 62 16 31 52 )
#(57 74 38 59 17 21 36 )
#(64 83 45 64 19 19 38 )
#(59 78 38 50 19 12 40 )
#(74 86 43 67 12 24 43 )
#(73 85 57 71 12 14 28 )
#(69 83 57 71 14 14 26 )
#(68 83 61 71 15 10 22 )
#(68 83 49 66 15 17 34 )
#(71 84 52 74 13 22 32 )
#(68 85 33 73 17 40 52 )
#(57 81 33 64 24 31 48 )
#(56 88 44 72 32 28 44 )
#(63 81 33 65 18 32 48 )
#(64 84 55 71 20 16 29 )
#(64 86 55 71 22 16 31 )
#(74 86 55 66 12 11 31 )
#(65 86 55 69 21 14 31 )
#(62 79 38 59 17 21 41 )
#(57 78 45 59 21 14 33 )
#(60 83 45 64 23 19 38 )
#(59 86 38 62 27 24 48 )
#(74 86 45 71 12 26 41 )
#(69 81 57 71 12 14 24 )
#(61 76 54 64 15 10 22 )
#(68 88 69 76 20 7 19 )
#(73 86 42 71 13 29 44 )
#(64 88 57 69 24 12 31 )
#(73 86 38 67 13 29 48 )
#(62 86 38 67 24 29 48 )
#(61 79 40 67 18 27 39 )
#(61 89 37 66 28 29 52 )
#(56 86 38 67 30 29 48 )
#(60 81 31 67 21 36 50 )
#(60 81 31 69 21 38 50 )
#(72 81 48 67 9 19 33 )
#(72 84 48 72 12 24 36 )
#(69 86 48 64 17 16 38 )
#(69 88 59 64 19 5 29 )
#(68 84 50 62 16 12 34 )
#(62 86 50 67 24 17 36 )
#(78 86 55 62 8 7 31 )
#(67 86 50 62 19 12 36 )
#(67 88 47 62 21 15 41 )
#(74 88 47 67 14 20 41 )
#(74 89 50 69 15 19 39 )
#(66 84 42 69 18 27 42 )
#(55 86 31 55 31 24 55 )
#(70 88 57 75 18 18 31 )
#(50 88 38 67 38 29 50 )
#(73 88 52 62 15 10 36 )
#(67 88 54 66 21 12 34 )
#(57 84 39 62 27 23 45 )
#(68 81 39 71 13 32 42 )
#(57 77 33 74 20 41 44 )
#(59 86 31 77 27 46 55 )
#(60 88 31 79 28 48 57 )
#(73 81 53 69 8 16 28 )
#(60 84 31 67 24 36 53 )
#(76 87 56 68 11 12 31 )
#(66 84 48 64 18 16 36 )
#(69 86 48 64 17 16 38 )
#(68 88 54 64 20 10 34 )
#(62 86 50 67 24 17 36 )
#(54 79 42 55 25 13 37 )
#(71 81 59 69 10 10 22 )
#(72 84 41 55 12 14 43 )
#(67 81 40 62 14 22 41 )
#(70 84 52 67 14 15 32 )
#(67 81 53 74 14 21 28 )
#(60 81 36 72 21 36 45 )
#(64 84 36 60 20 24 48 )
#(62 81 48 65 19 17 33 )
#(64 84 43 62 20 19 41 )
#(65 84 41 72 19 31 43 )
#(57 79 36 62 22 26 43 )
#(65 81 41 65 16 24 40 )
#(64 84 43 62 20 19 41 )
#(65 84 41 72 19 31 43 )
#(52 79 36 62 27 26 43 )
#(64 89 36 65 25 29 53 )
#(71 84 40 65 13 25 44 )
#(64 79 43 60 15 17 36 )
#(65 84 41 60 19 19 43 )
#(58 84 38 58 26 20 46 )
#(64 89 36 65 25 29 53 )
#(71 84 40 65 13 25 44 )
#(64 82 43 60 18 17 39 )
#(65 84 41 65 19 24 43 )
#(60 84 40 67 24 27 44 )
#(64 89 36 60 25 24 53 )
#(52 72 33 58 20 25 39 )
#(72 84 60 69 12 9 24 )
#(71 81 59 69 10 10 22 )
#(71 84 55 69 13 14 29 )
#(71 81 53 69 10 16 28 )
#(60 88 36 69 28 33 52 )
#(60 84 36 60 24 24 48 )
#(60 81 52 65 21 13 29 )
#(60 84 43 60 24 17 41 )
#(72 84 47 60 12 13 37 )
#(74 84 53 72 10 19 31 )
#(71 88 55 71 17 16 33 )
#(69 86 54 62 17 8 32 )
#(61 86 47 60 25 13 39 )
#(62 84 50 69 22 19 34 )
#(74 86 54 72 12 18 32 )
#(64 86 48 72 22 24 38 )
#(55 81 38 71 26 33 43 )
#(69 86 54 72 17 18 32 )
#(55 88 43 71 33 28 45 )
#(62 79 38 63 17 25 41 )
#(66 88 43 67 22 24 45 )
#(59 84 35 72 25 37 49 )
#(67 89 31 62 22 31 58 )
#(72 86 55 69 14 14 31 )
#(71 81 59 69 10 10 22 )
#(71 84 55 69 13 14 29 )
#(71 84 53 69 13 16 31 )
#(69 88 47 69 19 22 41 )
#(72 84 52 70 12 18 32 )
#(72 86 60 72 14 12 26 )
#(64 86 60 72 22 12 26 )
#(60 74 36 48 14 12 38 )
#(64 77 41 62 13 21 36 )
#(73 89 60 72 16 12 29 )
#(62 88 50 74 26 24 38 )
#(54 81 42 65 27 23 39 )
#(64 79 47 57 15 10 32 )
#(62 86 48 60 24 12 38 )
#(62 86 53 60 24 7 33 )
#(65 79 55 62 14 7 24 )
#(67 79 47 65 12 18 32 )
#(67 81 41 65 14 24 40 )
#(60 86 43 76 26 33 43 )
#(67 79 47 74 12 27 32 )
#(67 82 47 64 15 17 35 )
#(74 84 52 62 10 10 32 )
#(67 89 43 62 22 19 46 )
#(71 84 60 69 13 9 24 )
#(71 81 59 70 10 11 22 )
#(71 84 48 64 13 16 36 )
#(71 88 47 65 17 18 41 )
#(60 88 41 64 28 23 47 )
#(54 72 42 60 18 18 30 )
#(71 81 43 62 10 19 38 )
#(71 83 36 65 12 29 47 )
#(67 81 47 65 14 18 34 )
#(63 84 44 64 21 20 40 )
#(67 88 54 72 21 18 34 )
#(60 88 36 60 28 24 52 )
#(60 83 36 60 23 24 47 )
#(67 84 48 67 17 19 36 )
#(60 84 36 64 24 28 48 )
#(52 69 36 50 17 14 33 )
#(52 60 36 48 8 12 24 )
#(68 77 57 64 9 7 20 )
#(65 77 45 64 12 19 32 )
#(68 82 55 65 14 10 27 )
#(71 82 47 65 11 18 35 )
#(71 84 43 65 13 22 41 )
#(67 86 31 69 19 38 55 )
#(64 86 52 65 22 13 34 )
#(64 81 47 62 17 15 34 )
#(72 86 53 72 14 19 33 )
#(62 88 52 72 26 20 36 )
#(71 89 31 72 18 41 58 )
#(71 84 38 64 13 26 46 )
#(67 84 36 67 17 31 48 )
#(64 82 60 67 18 7 22 )
#(58 76 35 47 18 12 41 )
#(61 81 35 52 20 17 46 )
#(66 86 40 57 20 17 46 )
#(70 86 45 65 16 20 41 )
#(63 84 40 64 21 24 44 )
#(63 84 40 64 21 24 44 )
#(68 77 45 64 9 19 32 )
#(65 81 45 62 16 17 36 )
#(65 81 44 55 16 11 37 )
#(64 79 43 55 15 12 36 )
#(68 81 52 62 13 10 29 )
#(64 83 40 65 19 25 43 )
#(60 83 45 70 23 25 38 )
#(60 79 45 62 19 17 34 )
#(69 81 48 68 12 20 33 )
#(58 88 48 69 30 21 40 )
#(69 86 35 69 17 34 51 )
#(57 89 36 63 32 27 53 )
#(68 81 35 60 13 25 46 )
#(64 81 33 45 17 12 48 )
#(58 81 31 62 23 31 50 )
#(64 81 41 65 17 24 40 )
#(65 84 52 60 19 8 32 )
#(67 89 43 67 22 24 46 )
#(67 84 41 72 17 31 43 )
#(62 86 35 60 24 25 51 )
#(62 89 31 65 27 34 58 )
#(50 84 36 70 34 34 48 )
#(59 69 36 64 10 28 33 )
#(57 84 36 65 27 29 48 )
#(62 79 43 58 17 15 36 )
#(64 82 41 57 18 16 41 )
#(58 77 34 50 19 16 43 )
#(64 84 34 60 20 26 50 )
#(58 81 31 62 23 31 50 )
#(65 89 50 65 24 15 39 )
#(62 86 46 70 24 24 40 )
#(67 79 45 70 12 25 34 )
#(65 84 34 63 19 29 50 )
#(55 86 34 65 31 31 52 )
#(64 89 36 72 25 36 53 )
#(48 89 29 75 41 46 60 )
#(64 74 52 64 10 12 22 )
#(64 77 47 65 13 18 30 )
#(64 74 52 64 10 12 22 )
#(68 77 50 65 9 15 27 )
#(68 81 47 64 13 17 34 )
#(75 84 52 65 9 13 32 )
#(71 84 55 72 13 17 29 )
#(71 77 54 67 6 13 23 )
#(71 79 48 65 8 17 31 )
#(67 84 41 67 17 26 43 )
#(64 81 43 55 17 12 38 )
#(67 84 41 67 17 26 43 )
#(67 81 43 58 14 15 38 )
#(67 81 43 58 14 15 38 )
#(69 84 45 60 15 15 39 )
#(71 81 42 60 10 18 39 )
#(71 81 39 54 10 15 42 )
#(71 88 39 59 17 20 49 )
#(60 84 39 55 24 16 45 )
#(64 88 35 59 24 24 53 )
#(60 84 39 55 24 16 45 )
#(69 84 35 60 15 25 49 )
#(65 77 48 59 12 11 29 )
#(68 77 47 57 9 10 30 )
#(64 76 48 57 12 9 28 )
#(68 76 52 59 8 7 24 )
#(64 76 52 64 12 12 24 )
#(64 77 50 65 13 15 27 )
#(64 74 47 64 10 17 27 )
#(64 77 50 65 13 15 27 )
#(68 81 47 65 13 18 34 )
#(76 86 40 64 10 24 46 )
#(65 77 35 57 12 22 42 )
#(68 84 41 64 16 23 43 )
#(65 77 35 57 12 22 42 )
#(64 76 33 66 12 33 43 )
#(68 81 57 66 13 9 24 )
#(68 76 57 66 8 9 19 )
#(68 78 57 66 10 9 21 )
#(71 78 52 68 7 16 26 )
#(69 76 62 67 7 5 14 )
#(68 81 57 66 13 9 24 )
#(68 76 57 64 8 7 19 )
#(64 73 45 64 9 19 28 )
#(64 74 52 65 10 13 22 )
#(64 77 47 64 13 17 30 )
#(64 77 50 64 13 14 27 )
#(68 77 50 65 9 15 27 )
#(68 82 47 70 14 23 35 )
#(74 86 53 72 12 19 33 )
#(64 86 35 65 22 30 51 )
#(60 74 33 59 14 26 41 )
#(59 81 48 64 22 16 33 )
#(64 77 38 60 13 22 39 )
#(64 81 33 52 17 19 48 )
#(53 77 35 52 24 17 42 )
#(64 77 40 58 13 18 37 )
#(69 81 52 65 12 13 29 )
#(68 84 52 64 16 12 32 )
#(59 84 40 60 25 20 44 )
#(65 81 50 59 16 9 31 )
#(59 76 40 60 17 20 36 )
#(60 84 33 57 24 24 51 )
#(60 69 33 45 9 12 36 )
#(66 86 38 69 20 31 48 )
#(69 86 50 69 17 19 36 )
#(69 86 50 62 17 12 36 )
#(69 81 45 57 12 12 36 )
#(68 81 52 66 13 14 29 )
#(66 81 50 71 15 21 31 )
#(40 83 52 69 43 17 31 )
#(69 83 50 69 14 19 33 )
#(64 83 50 69 19 19 33 )
#(59 81 45 61 22 16 36 )
#(66 81 40 71 15 31 41 )
#(64 86 38 69 22 31 48 )
#(71 86 41 62 15 21 45 )
#(61 83 35 62 22 27 48 )
#(71 81 42 67 10 25 39 )
#(67 81 48 67 14 19 33 )
#(66 79 48 62 13 14 31 )
#(73 86 50 67 13 17 36 )
#(69 86 45 64 17 19 41 )
#(69 86 45 71 17 26 41 )
#(73 86 57 70 13 13 29 )
#(73 83 38 76 10 38 45 )
#(45 88 62 74 43 12 26 )
#(66 83 50 74 17 24 33 )
#(64 86 38 69 22 31 48 )
#(76 86 50 69 10 19 36 )
#(73 88 54 67 15 13 34 )
#(64 86 38 66 22 28 48 )
#(66 76 48 66 10 18 28 )
#(67 79 48 67 12 19 31 )
#(62 71 47 62 9 15 24 )
#(57 81 45 64 24 19 36 )
#(76 83 57 71 7 14 26 )
#(69 83 54 64 14 10 29 )
#(76 81 61 76 5 15 20 )
#(66 86 50 70 20 20 36 )
#(74 86 55 71 12 16 31 )
#(69 83 54 67 14 13 29 )
#(67 76 48 64 9 16 28 )
#(62 79 48 67 17 19 31 )
#(62 86 48 69 24 21 38 )
#(69 76 50 64 7 14 26 )
#(62 76 47 57 14 10 29 )
#(69 83 54 69 14 15 29 )
#(59 86 43 63 27 20 43 )
#(76 88 55 72 12 17 33 )
#(69 88 54 72 19 18 34 )
#(66 76 48 64 10 16 28 )
#(62 79 48 67 17 19 31 )
#(62 86 35 62 24 27 51 )
#(62 86 36 62 24 26 50 )
#(67 86 55 59 19 4 31 )
#(67 81 57 69 14 12 24 )
#(74 86 50 69 12 19 36 )
#(67 81 57 69 14 12 24 )
#(73 88 43 69 15 26 45 )
#(62 83 38 67 21 29 45 )
#(73 86 57 67 13 10 29 )
#(54 74 38 66 20 28 36 )
#(56 85 33 69 29 36 52 )
#(56 88 32 64 32 32 56 )
#(66 88 49 64 22 15 39 )
#(61 78 50 57 17 7 28 )
#(68 81 52 69 13 17 29 )
#(61 78 45 57 17 12 33 )
#(68 88 40 57 20 17 48 )
#(69 88 56 64 19 8 32 )
#(71 88 57 69 17 12 31 )
#(69 88 56 64 19 8 32 )
#(71 88 57 69 17 12 31 )
#(59 81 42 57 22 15 39 )
#(71 86 38 62 15 24 48 )
#(64 81 49 62 17 13 32 )
#(69 81 57 68 12 11 24 )
#(67 83 50 69 16 19 33 )
#(69 86 54 69 17 15 32 )
#(67 85 43 69 18 26 42 )
#(66 88 42 67 22 25 46 )
#(66 84 50 60 18 10 34 )
#(59 79 48 60 20 12 31 )
#(54 71 33 48 17 15 38 )
#(57 79 38 74 22 36 41 )
#(72 83 64 73 11 9 19 )
#(66 83 47 66 17 19 36 )
#(62 83 55 67 21 12 28 )
#(66 85 42 66 19 24 43 )
#(57 76 36 57 19 21 40 )
#(66 86 54 62 20 8 32 )
#(66 79 55 67 13 12 24 )
#(66 86 54 62 20 8 32 )
#(59 79 47 67 20 20 32 )
#(75 88 59 69 13 10 29 )
#(73 88 57 67 15 10 31 )
#(68 81 52 66 13 14 29 )
#(61 78 45 57 17 12 33 )
#(66 88 45 68 22 23 43 )
#(67 83 50 69 16 19 33 )
#(57 86 47 69 29 22 39 )
#(55 85 43 66 30 23 42 )
#(61 88 38 67 27 29 50 )
#(56 84 31 74 28 43 53 )
#(69 86 30 62 17 32 56 )
#(64 86 49 62 22 13 37 )
#(66 86 45 67 20 22 41 )
#(66 83 55 74 17 19 28 )
#(67 86 57 74 19 17 29 )
#(66 88 45 62 22 17 43 )
#(67 88 49 61 21 12 39 )
#(66 86 49 74 20 25 37 )
#(67 83 49 74 16 25 34 )
#(66 86 49 74 20 25 37 )
#(67 86 54 74 19 20 32 )
#(64 79 43 62 15 19 36 )
#(64 79 43 62 15 19 36 )
#(67 81 57 69 14 12 24 )
#(69 88 50 71 19 21 38 )
#(62 83 38 67 21 29 45 )
#(73 86 57 67 13 10 29 )
#(54 86 38 67 32 29 48 )
#(69 86 38 57 17 19 48 )
#(67 79 60 65 12 5 19 )
#(67 84 48 67 17 19 36 )
#(60 84 55 65 24 10 29 )
#(67 84 48 64 17 16 36 )
#(67 86 43 64 19 21 43 )
#(67 86 54 64 19 10 32 )
#(71 84 54 67 13 13 30 )
#(57 83 48 67 26 19 35 )
#(66 79 43 62 13 19 36 )
#(69 79 48 67 10 19 31 )
#(64 84 48 72 20 24 36 )
#(64 86 48 71 22 23 38 )
#(71 86 55 72 15 17 31 )
#(62 81 48 62 19 14 33 )
#(59 79 43 71 20 28 36 )
#(66 83 59 64 17 5 24 )
#(66 79 50 62 13 12 29 )
#(69 86 55 65 17 10 31 )
#(69 82 48 65 13 17 34 )
#(71 79 53 67 8 14 26 )
#(69 81 54 67 12 13 27 )
#(71 79 55 65 8 10 24 )
#(67 89 60 65 22 5 29 )
#(60 88 48 67 28 19 40 )
#(60 84 55 65 24 10 29 )
#(67 86 48 64 19 16 38 )
#(67 86 43 64 19 21 43 )
#(71 89 53 69 18 16 36 )
#(76 84 60 72 8 12 24 )
#(62 88 53 65 26 12 35 )
#(72 84 48 67 12 19 36 )
#(69 84 53 72 15 19 31 )
#(72 86 59 69 14 10 27 )
#(69 88 53 69 19 16 35 )
#(69 88 53 67 19 14 35 )
#(67 86 52 67 19 15 34 )
#(71 84 60 70 13 10 24 )
#(64 80 48 65 16 17 32 )
#(59 77 41 62 18 21 36 )
#(60 84 48 65 24 17 36 )
#(64 74 48 64 10 16 26 )
#(64 82 36 60 18 24 46 )
#(58 81 43 65 23 22 38 )
#(55 77 41 58 22 17 36 )
#(56 75 40 61 19 21 35 )
#(63 77 44 63 14 19 33 )
#(60 80 44 63 20 19 36 )
#(64 80 41 63 16 22 39 )
#(55 73 41 53 18 12 32 )
#(56 77 41 62 21 21 36 )
#(60 84 48 65 24 17 36 )
#(64 76 43 64 12 21 33 )
#(64 82 36 65 18 29 46 )
#(60 81 41 65 21 24 40 )
#(57 77 35 57 20 22 42 )
#(57 65 41 41 8 -1 24 )
#(71 79 43 60 8 17 36 )
#(67 84 52 67 17 15 32 )
#(71 79 36 60 8 24 43 )
#(67 84 52 64 17 12 32 )
#(60 84 36 65 24 29 48 )
#(71 79 58 67 8 9 21 )
#(71 89 55 67 18 12 34 )
#(74 88 50 72 14 22 38 )
#(67 79 50 64 12 14 29 )
#(67 84 50 64 17 14 34 )
#(76 88 48 64 12 16 40 )
#(69 88 48 62 19 14 40 )
#(65 89 43 62 24 19 46 )
#(64 89 43 60 25 17 46 )
#(64 79 48 62 15 14 31 )
#(67 86 55 67 19 12 31 )
#(59 86 43 67 27 24 43 )
#(69 76 54 65 7 11 22 )
#(66 76 47 60 10 13 29 )
#(69 76 50 67 7 17 26 )
#(72 79 57 67 7 10 22 )
#(71 79 55 67 8 12 24 )
#(71 79 55 67 8 12 24 )
#(71 79 48 67 8 19 31 )
#(71 79 43 60 8 17 36 )
#(67 84 36 67 17 31 48 )
#(71 79 36 60 8 24 43 )
#(67 84 52 65 17 13 32 )
#(60 84 36 67 24 31 48 )
#(71 81 58 67 10 9 23 )
#(70 89 48 67 19 19 41 )
#(65 81 41 62 16 21 40 )
#(62 84 48 67 22 19 36 )
#(74 84 55 69 10 14 29 )
#(74 89 53 69 15 16 36 )
#(69 81 41 65 12 24 40 )
#(62 81 43 55 19 12 38 )
#(60 82 43 60 22 17 39 )
#(67 86 48 65 19 17 38 )
#(67 84 48 67 17 19 36 )
#(67 79 48 60 12 12 31 )
#(65 84 48 60 19 12 36 )
#(60 81 36 57 21 21 45 )
#(64 76 50 64 12 14 26 )
#(61 76 40 64 15 24 36 )
#(68 81 52 66 13 14 29 )
#(64 76 40 64 12 24 36 )
#(64 81 45 62 17 17 36 )
#(61 85 40 69 24 29 45 )
#(68 80 50 62 12 12 30 )
#(66 83 47 62 17 15 36 )
#(68 88 47 59 20 12 41 )
#(64 85 52 69 21 17 33 )
#(68 79 52 66 11 14 27 )
#(69 83 41 64 14 23 42 )
#(61 84 40 61 23 21 44 )
#(68 85 52 69 17 17 33 )
#(68 81 49 62 13 13 32 )
#(61 88 52 64 27 12 36 )
#(68 88 45 62 20 17 43 )
#(57 79 38 57 22 19 41 )
#(59 86 45 52 27 7 41 )
#(59 88 40 52 29 12 48 )
#(64 88 50 62 24 12 38 )
#(59 84 35 59 25 24 49 )
#(64 83 40 59 19 19 43 )
#(79 84 59 67 5 8 25 )
#(73 88 56 67 15 11 32 )
#(68 81 57 69 13 12 24 )
#(57 86 38 50 29 12 48 )
#(57 83 38 45 26 7 45 )
#(57 86 45 59 29 14 41 )
#(57 81 43 62 24 19 38 )
#(62 62 38 54 -1 16 24 )
#(68 83 57 64 15 7 26 )
#(75 84 47 64 9 17 37 )
#(67 81 48 64 14 16 33 )
#(64 81 45 64 17 19 36 )
#(68 77 45 64 9 19 32 )
#(74 84 48 64 10 16 36 )
#(69 85 45 57 16 12 40 )
#(64 85 38 57 21 19 47 )
#(64 86 38 57 22 19 48 )
#(73 86 53 61 13 8 33 )
#(72 83 54 66 11 12 29 )
#(69 81 56 64 12 8 25 )
#(68 83 50 64 15 14 33 )
#(69 86 45 61 17 16 41 )
#(77 86 47 61 9 14 39 )
#(68 85 45 57 17 12 40 )
#(64 85 38 57 21 19 47 )
#(64 83 38 64 19 26 45 )
#(75 84 52 64 9 12 32 )
#(72 83 47 64 11 17 36 )
#(67 81 48 64 14 16 33 )
#(64 77 45 60 13 15 32 )
#(71 84 53 64 13 11 31 )
#(69 84 45 64 15 19 39 )
#(66 85 38 57 19 19 47 )
#(64 85 38 57 21 19 47 )
#(69 85 45 57 16 12 40 )
#(76 88 38 57 12 19 50 )
#(73 86 38 57 13 19 48 )
#(76 86 40 64 10 24 46 )
#(76 86 57 66 10 9 29 )
#(73 88 45 64 15 19 43 )
#(69 86 38 57 17 19 48 )
#(69 88 45 57 19 12 43 )
#(69 81 45 57 12 12 36 )
#(65 79 53 63 14 10 26 )
#(62 77 43 57 15 14 34 )
#(57 84 41 72 27 31 43 )
#(76 86 57 72 10 15 29 )
#(69 84 57 70 15 13 27 )
#(61 81 37 69 20 32 44 )
#(65 82 40 62 17 22 42 )
#(67 84 38 60 17 22 46 )
#(66 84 44 56 18 12 40 )
#(67 80 43 56 13 13 37 )
#(64 79 48 65 15 17 31 )
#(67 81 53 67 14 14 28 )
#(67 79 48 67 12 19 31 )
#(67 81 53 67 14 14 28 )
#(63 67 36 62 4 26 31 )
#(60 68 32 60 8 28 36 )
#(59 67 31 62 8 31 36 )
#(58 69 48 55 11 7 21 )
#(59 79 41 48 20 7 38 )
#(71 83 55 65 12 10 28 )
#(62 79 40 57 17 17 39 )
#(62 84 41 60 22 19 43 )
#(74 88 43 64 14 21 45 )
#(60 84 36 60 24 24 48 )
#(67 81 53 65 14 12 28 )
#(55 72 43 64 17 21 29 )
#(57 69 41 55 12 14 28 )
#(60 67 43 64 7 21 24 )
#(60 72 30 60 12 30 42 )
#(62 79 31 65 17 34 48 )
#(61 81 34 69 20 35 47 )
#(60 65 56 57 5 1 9 )
#(60 82 55 67 22 12 27 )
#(65 79 53 63 14 10 26 )
#(62 77 43 57 15 14 34 )
#(57 84 41 72 27 31 43 )
#(76 86 57 72 10 15 29 )
#(69 84 57 70 15 13 27 )
#(61 81 37 69 20 32 44 )
#(65 82 40 62 17 22 42 )
#(63 80 38 60 17 22 42 )
#(65 82 39 60 17 21 43 )
#(65 81 47 57 16 10 34 )
#(60 84 36 61 24 25 48 )
#(57 72 41 58 15 17 31 )
#(60 74 46 60 14 14 28 )
#(68 84 52 65 16 13 32 )
#(72 86 58 72 14 14 28 )
#(68 72 41 67 4 26 31 )
#(65 73 37 65 8 28 36 )
#(64 72 36 67 8 31 36 )
#(63 74 53 60 11 7 21 )
#(64 84 46 53 20 7 38 )
#(76 88 60 70 12 10 28 )
#(67 84 45 62 17 17 39 )
#(65 81 36 60 16 24 45 )
#(67 89 41 65 22 24 48 )
#(65 77 41 65 12 24 36 )
#(70 82 50 65 12 15 32 )
#(64 85 46 65 21 19 39 )
#(62 81 48 65 19 17 33 )
#(62 82 48 65 20 17 34 )
#(65 86 48 67 21 19 38 )
#(70 82 50 65 12 15 32 )
#(62 85 46 65 23 19 39 )
#(67 86 53 74 19 21 33 )
#(62 86 46 74 24 28 40 )
#(60 82 46 68 22 22 36 )
#(64 89 41 60 25 19 48 )
#(67 89 41 61 22 20 48 )
#(64 77 55 61 13 6 22 )
#(60 75 46 60 15 14 29 )
#(64 72 48 60 8 12 24 )
#(57 82 45 67 25 22 37 )
#(57 81 45 65 24 20 36 )
#(64 82 48 67 18 19 34 )
#(57 81 41 60 24 19 40 )
#(65 78 40 57 13 17 38 )
#(71 81 47 67 10 20 34 )
#(72 86 45 67 14 22 41 )
#(67 80 55 69 13 14 25 )
#(72 84 56 72 12 16 28 )
#(72 80 55 67 8 12 25 )
#(71 87 51 67 16 16 36 )
#(69 84 55 64 15 9 29 )
#(56 81 45 56 25 11 36 )
#(67 84 55 65 17 10 29 )
#(56 84 45 60 28 15 39 )
#(67 84 52 65 17 13 32 )
#(57 84 36 65 27 29 48 )
#(66 84 36 60 18 24 48 )
#(59 72 50 56 13 6 22 )
#(62 84 54 62 22 8 30 )
#(67 89 55 65 22 10 34 )
#(60 82 48 61 22 13 34 )
#(65 87 57 65 22 8 30 )
#(72 79 48 63 7 15 31 )
#(65 75 45 61 10 16 30 )
#(65 79 38 60 14 22 41 )
#(58 74 34 62 16 28 40 )
#(66 86 45 55 20 10 41 )
#(73 85 44 61 12 17 41 )
#(64 79 48 68 15 20 31 )
#(69 86 36 60 17 24 50 )
#(62 89 41 62 27 21 48 )
#(64 81 55 61 17 6 26 )
#(64 89 41 60 25 19 48 )
#(62 77 46 61 15 15 31 )
#(60 72 48 60 12 12 24 )
#(64 72 48 60 8 12 24 )
#(65 86 45 62 21 17 41 )
#(70 86 52 72 16 20 34 )
#(74 86 46 72 12 26 40 )
#(60 84 43 62 24 19 41 )
#(65 73 52 60 8 8 21 )
#(65 77 48 65 12 17 29 )
#(65 85 50 60 20 10 35 )
#(70 89 44 58 19 14 45 )
#(69 89 48 67 20 19 41 )
#(61 86 50 61 25 11 36 )
#(69 86 48 70 17 22 38 )
#(61 89 50 67 28 17 39 )
#(67 89 52 69 22 17 37 )
#(55 89 48 70 34 22 41 )
#(65 87 41 65 22 24 46 )
#(57 89 45 59 32 14 44 )
#(60 82 48 67 22 19 34 )
#(57 82 45 67 25 22 37 )
#(60 72 48 60 12 12 24 )
#(57 67 41 53 10 12 26 )
#(69 79 53 67 10 14 26 )
#(69 79 58 67 10 9 21 )
#(58 89 46 65 31 19 43 )
#(64 86 48 60 22 12 38 )
#(72 86 57 72 14 15 29 )
#(60 84 36 72 24 36 48 )
#(65 77 46 65 12 19 31 )
#(60 74 41 57 14 16 33 )
#(62 82 46 62 20 16 36 )
#(64 82 45 62 18 17 37 )
#(64 86 52 60 22 8 34 )
#(69 86 54 70 17 16 32 )
#(64 84 47 64 20 17 37 )
#(60 88 48 65 28 17 40 )
#(65 89 45 67 24 22 44 )
#(57 86 41 65 29 24 45 )
#(64 82 41 64 18 23 41 )
#(64 86 46 63 22 17 40 )
#(65 89 53 65 24 12 36 )
#(74 89 53 64 15 11 36 )
#(73 87 50 67 14 17 37 )
#(61 78 50 62 17 12 28 )
#(74 89 60 75 15 15 29 )
#(70 89 58 75 19 17 31 )
#(69 79 53 67 10 14 26 )
#(69 89 51 67 20 16 38 )
#(58 82 46 58 24 12 36 )
#(67 85 47 70 18 23 38 )
#(65 79 53 67 14 14 26 )
#(53 77 29 65 24 36 48 )
#(53 70 34 58 17 24 36 )
#(57 67 38 55 10 17 29 )
#(65 82 46 72 17 26 36 )
#(69 87 50 67 18 17 37 )
#(69 89 57 65 20 8 32 )
#(57 89 50 75 32 25 39 )
#(74 87 66 77 13 11 21 )
#(72 89 50 70 17 20 39 )
#(58 79 46 58 21 12 33 )
#(65 89 50 70 24 20 39 )
#(65 87 53 72 22 19 34 )
#(62 79 46 70 17 24 33 )
#(53 72 45 61 19 16 27 )
#(62 79 39 63 17 24 40 )
#(63 82 51 60 19 9 31 )
#(62 77 46 65 15 19 31 )
#(67 80 46 65 13 19 34 )
#(65 86 50 67 21 17 36 )
#(69 86 50 67 17 17 36 )
#(62 84 41 65 22 24 43 )
#(65 82 41 70 17 29 41 )
#(62 75 41 45 13 4 34 )
#(63 80 46 63 17 17 34 )
#(62 80 46 60 18 14 34 )
#(62 84 46 65 22 19 38 )
#(53 80 39 63 27 24 41 )
#(63 82 46 63 19 17 36 )
#(62 84 51 68 22 17 33 )
#(70 82 39 70 12 31 43 )
#(62 77 44 63 15 19 33 )
#(58 86 43 70 28 27 43 )
#(68 89 46 72 21 26 43 )
#(62 77 39 56 15 17 38 )
#(69 79 51 67 10 16 28 )
#(65 79 51 67 14 16 28 )
#(69 79 51 65 10 14 28 )
#(65 82 46 65 17 19 36 )
#(65 77 41 60 12 19 36 )
#(64 84 48 65 20 17 36 )
#(72 81 57 60 9 3 24 )
#(70 86 57 70 16 13 29 )
#(60 84 34 79 24 45 50 )
#(76 87 53 63 11 10 34 )
#(69 79 51 67 10 16 28 )
#(65 79 51 67 14 16 28 )
#(69 79 51 65 10 14 28 )
#(65 82 46 65 17 19 36 )
#(65 77 41 60 12 19 36 )
#(62 79 50 62 17 12 29 )
#(67 87 55 63 20 8 32 )
#(73 86 50 63 13 13 36 )
#(55 77 39 58 22 19 38 )
#(58 79 39 63 21 24 40 )
#(67 79 46 63 12 17 33 )
#(70 82 50 70 12 20 32 )
#(67 82 50 71 15 21 32 )
#(69 78 59 69 9 10 19 )
#(69 80 51 65 11 14 29 )
#(70 85 53 64 15 11 32 )
#(69 77 53 65 8 12 24 )
#(64 77 53 67 13 14 24 )
#(69 79 51 67 10 16 28 )
#(65 79 51 65 14 14 28 )
#(69 79 51 65 10 14 28 )
#(65 82 46 63 17 17 36 )
#(59 80 36 60 21 24 44 )
#(60 79 33 67 19 34 46 )
#(72 82 46 67 10 21 36 )
#(65 84 50 62 19 12 34 )
#(65 89 51 63 24 12 38 )
#(65 86 50 65 21 15 36 )
#(65 89 38 63 24 25 51 )
#(53 89 29 62 36 33 60 )
#(65 86 53 63 21 10 33 )
#(72 86 46 69 14 23 40 )
#(65 86 38 58 21 20 48 )
#(69 79 53 63 10 10 26 )
#(70 85 53 61 15 8 32 )
#(75 87 53 63 12 10 34 )
#(66 80 53 60 14 7 27 )
#(67 87 41 60 20 19 46 )
#(67 84 39 63 17 24 45 )
#(62 89 29 63 27 34 60 )
#(69 79 51 67 10 16 28 )
#(69 82 36 62 13 26 46 )
#(67 82 50 60 15 10 32 )
#(65 89 53 68 24 15 36 )
#(69 80 58 68 11 10 22 )
#(69 79 53 67 10 14 26 )
#(70 82 34 62 12 28 48 )
#(60 80 36 68 20 32 44 )
#(55 79 31 68 24 37 48 )
#(62 79 43 55 17 12 36 )
#(67 89 35 55 22 20 54 )
#(71 87 43 75 16 32 44 )
#(62 84 34 62 22 28 50 )
#(62 77 46 58 15 12 31 )
#(69 82 48 63 13 15 34 )
#(74 82 58 70 8 12 24 )
#(50 79 60 70 29 10 19 )
#(51 83 61 70 32 9 22 )
#(71 85 56 68 14 12 29 )
#(55 77 29 60 22 31 48 )
#(56 87 36 66 31 30 51 )
#(70 82 53 70 12 17 29 )
#(74 87 50 68 13 18 37 )
#(65 87 46 68 22 22 41 )
#(59 79 39 67 20 28 40 )
#(60 82 36 67 22 31 46 )
#(64 85 34 61 21 27 51 )
#(64 84 48 60 20 12 36 )
#(70 87 38 66 17 28 49 )
#(71 87 48 62 16 14 39 )
#(62 89 43 71 27 28 46 )
#(50 74 35 55 24 20 39 )
#(55 80 31 68 25 37 49 )
#(67 79 43 68 12 25 36 )
#(62 80 41 55 18 14 39 )
#(67 89 35 53 22 18 54 )
#(65 87 32 67 22 35 55 )
#(72 82 56 66 10 10 26 )
#(71 79 55 66 8 11 24 )
#(71 79 55 67 8 12 24 )
#(47 79 59 67 32 8 20 )
#(48 87 57 67 39 10 30 )
#(68 86 48 67 18 19 38 )
#(58 75 36 55 17 19 39 )
#(60 84 29 60 24 31 55 )
#(67 80 55 67 13 12 25 )
#(71 84 46 67 13 21 38 )
#(62 84 43 63 22 20 41 )
#(60 80 36 65 20 29 44 )
#(68 87 30 63 19 33 57 )
#(67 84 42 65 17 23 42 )
#(51 80 39 56 29 17 41 )
#(43 67 31 43 24 12 36 )
#(43 48 36 39 5 3 12 )
#(71 80 59 65 9 6 21 )
#(75 84 60 72 9 12 24 )
#(59 79 47 72 20 25 32 )
#(59 73 43 60 14 17 30 )
#(60 79 48 65 19 17 31 )
#(67 86 39 65 19 26 47 )
#(66 89 47 63 23 16 42 )
#(59 79 43 65 20 22 36 )
#(67 80 41 65 13 24 39 )
#(72 89 39 63 17 24 50 )
#(59 75 43 65 16 22 32 )
#(60 70 34 58 10 24 36 )
#(70 80 51 58 10 7 29 )
#(69 80 51 58 11 7 29 )
#(69 78 46 63 9 17 32 )
#(57 82 34 62 25 28 48 )
#(43 70 32 46 27 14 38 )
#(64 87 31 60 23 29 56 )
#(74 79 50 68 5 18 29 )
#(77 87 43 65 10 22 44 )
#(62 82 50 67 20 17 32 )
#(65 75 43 58 10 15 32 )
#(55 70 46 55 15 9 24 )
#(31 55 51 74 24 23 4 )
#(31 72 39 75 41 36 33 )
#(65 89 47 59 24 12 42 )
#(71 80 59 67 9 8 21 )
#(67 84 63 72 17 9 21 )
#(59 73 46 53 14 7 27 )
#(59 77 43 60 18 17 34 )
#(67 79 55 65 12 10 24 )
#(71 89 39 65 18 26 50 )
#(66 75 59 65 9 6 16 )
#(59 79 43 65 20 22 36 )
#(67 80 39 65 13 26 41 )
#(67 89 43 62 22 19 46 )
#(73 82 40 60 9 20 42 )
#(72 84 52 60 12 8 32 )
#(62 85 42 60 23 18 43 )
#(74 74 54 62 -1 8 20 )
#(74 87 54 62 13 8 33 )
#(67 80 48 65 13 17 32 )
#(67 77 48 55 10 7 29 )
#(71 80 48 55 9 7 32 )
#(66 75 43 55 9 12 32 )
#(54 79 31 60 25 29 48 )
#(30 79 31 55 49 24 48 )
#(30 89 32 56 59 24 57 )
#(64 84 40 63 20 23 44 )
#(67 76 46 65 9 19 30 )
#(72 84 39 63 12 24 45 )
#(59 72 46 62 13 16 26 )
#(64 75 42 53 11 11 33 )
#(71 86 54 65 15 11 32 )
#(56 89 55 65 33 10 34 )
#(71 80 59 65 9 6 21 )
#(75 84 60 72 9 12 24 )
#(59 79 50 72 20 22 29 )
#(64 68 46 55 4 9 22 )
#(67 70 52 60 3 8 18 )
#(71 77 53 57 6 4 24 )
#(53 74 43 66 21 23 31 )
#(51 79 36 65 28 29 43 )
#(67 86 39 65 19 26 47 )
#(66 89 47 63 23 16 42 )
#(59 79 43 65 20 22 36 )
#(67 80 41 65 13 24 39 )
#(72 89 39 63 17 24 50 )
#(67 82 40 61 15 21 42 )
#(72 73 52 60 1 8 21 )
#(60 85 52 60 25 8 33 )
#(63 84 54 65 21 11 30 )
#(51 67 55 72 16 17 12 )
#(51 60 79 84 9 5 -19 )
#(53 63 72 77 10 5 -9 )
#(55 87 63 72 32 9 24 )
#(29 32 62 72 3 10 -30 )
#(31 84 60 72 53 12 24 )
#(36 79 60 67 43 7 19 )
#(31 84 36 67 53 31 48 )
#(71 84 59 69 13 10 25 )
#(64 81 48 65 17 17 33 )
#(62 84 43 57 22 14 41 )
#(78 86 57 62 8 5 29 )
#(72 86 55 72 14 17 31 )
#(69 86 54 71 17 17 32 )
#(62 86 43 72 24 29 43 )
#(62 88 43 72 26 29 45 )
#(57 83 38 67 26 29 45 )
#(72 88 48 69 16 21 40 )
#(64 89 48 74 25 26 41 )
#(70 86 55 72 16 17 31 )
#(69 81 50 65 12 15 31 )
#(62 84 43 60 22 17 41 )
#(67 79 43 67 12 24 36 )
#(67 83 50 67 16 17 33 )
#(73 88 54 74 15 20 34 )
#(55 88 43 65 33 22 45 )
#(60 84 36 60 24 24 48 )
#(67 81 55 64 14 9 26 )
#(66 81 47 62 15 15 34 )
#(67 81 55 64 14 9 26 )
#(66 83 47 62 17 15 36 )
#(73 81 59 69 8 10 22 )
#(69 83 54 67 14 13 29 )
#(67 81 55 64 14 9 26 )
#(66 83 47 62 17 15 36 )
#(66 79 50 63 13 13 29 )
#(69 84 50 65 15 15 34 )
#(71 82 48 65 11 17 34 )
#(66 87 46 60 21 14 41 )
#(67 81 55 64 14 9 26 )
#(66 81 47 62 15 15 34 )
#(67 81 55 64 14 9 26 )
#(66 83 47 62 17 15 36 )
#(66 81 50 67 15 17 31 )
#(62 81 43 60 19 17 38 )
#(59 74 43 60 15 17 31 )
#(69 79 50 60 10 10 29 )
#(67 81 48 65 14 17 33 )
#(71 88 47 67 17 20 41 )
#(74 86 48 67 12 19 38 )
#(67 79 43 59 12 16 36 )
#(71 81 52 60 10 8 29 )
#(67 81 48 60 14 12 33 )
#(69 84 48 65 15 17 36 )
#(69 83 60 69 14 9 23 )
#(68 84 52 69 16 17 32 )
#(64 81 52 65 17 13 29 )
#(63 89 47 69 26 22 42 )
#(68 77 52 65 9 13 25 )
#(69 79 52 65 10 13 27 )
#(67 81 48 60 14 12 33 )
#(69 86 48 65 17 17 38 )
#(71 86 52 67 15 15 34 )
#(60 81 43 65 21 22 38 )
#(64 84 36 55 20 19 48 )
#(62 82 50 65 20 15 32 )
#(64 82 53 63 18 10 29 )
#(64 77 53 65 13 12 24 )
#(69 79 50 65 10 15 29 )
#(69 79 50 63 10 13 29 )
#(62 79 38 58 17 20 41 )
#(62 75 50 58 13 8 25 )
#(69 86 48 60 17 12 38 )
#(71 82 50 70 11 20 32 )
#(60 84 36 70 24 34 48 )
#(77 86 45 60 9 15 41 )
#(76 84 52 67 8 15 32 )
#(76 86 69 72 10 3 17 )
#(74 87 58 72 13 14 29 )
#(67 82 52 65 15 13 30 )
#(69 86 46 63 17 17 40 )
#(59 89 45 62 30 17 44 )
#(77 86 53 70 9 17 33 )
#(70 89 59 72 19 13 30 )
#(65 86 39 65 21 26 47 )
#(60 73 48 56 13 8 25 )
#(60 77 48 61 17 13 29 )
#(68 87 53 65 19 12 34 )
#(73 84 58 72 11 14 26 )
#(62 86 38 72 24 34 48 )
#(79 87 47 62 8 15 40 )
#(71 79 47 62 8 15 32 )
#(63 79 48 56 16 8 31 )
#(67 82 46 60 15 14 36 )
#(72 82 53 68 10 15 29 )
#(69 84 53 70 15 17 31 )
#(58 82 46 66 24 20 36 )
#(57 79 41 64 22 23 38 )
#(62 82 50 65 20 15 32 )
#(64 82 53 63 18 10 29 )
#(64 77 53 65 13 12 24 )
#(69 79 50 65 10 15 29 )
#(69 79 50 63 10 13 29 )
#(62 79 38 58 17 20 41 )
#(62 75 50 58 13 8 25 )
#(69 86 51 70 17 19 35 )
#(76 87 65 75 11 10 22 )
#(65 89 41 65 24 24 48 )
#(69 79 45 65 10 20 34 )
#(69 79 51 65 10 14 28 )
#(69 80 55 65 11 10 25 )
#(60 77 45 65 17 20 32 )
#(72 89 46 68 17 22 43 )
#(64 89 50 67 25 17 39 )
#(65 86 53 70 21 17 33 )
#(63 79 52 70 16 18 27 )
#(60 82 41 70 22 29 41 )
#(58 82 34 46 24 12 48 )
#(55 84 39 68 29 29 45 )
#(74 87 56 75 13 19 31 )
#(55 84 39 68 29 29 45 )
#(66 82 43 67 16 24 39 )
#(71 86 53 70 15 17 33 )
#(71 84 43 72 13 29 41 )
#(64 82 60 71 18 11 22 )
#(55 84 39 68 29 29 45 )
#(67 84 51 68 17 17 33 )
#(65 85 51 70 20 19 34 )
#(69 86 58 68 17 10 28 )
#(55 84 39 68 29 29 45 )
#(70 84 48 72 14 24 36 )
#(55 82 34 70 27 36 48 )
#(69 77 57 65 8 8 20 )
#(69 82 51 67 13 16 31 )
#(69 84 53 65 15 12 31 )
#(72 84 58 70 12 12 26 )
#(69 77 51 65 8 14 26 )
#(65 82 53 67 17 14 29 )
#(62 79 46 70 17 24 33 )
#(72 89 57 74 17 17 32 )
#(65 80 36 61 15 25 44 )
#(62 82 46 67 20 21 36 )
#(67 82 50 70 15 20 32 )
#(65 80 53 63 15 10 27 )
#(63 79 46 63 16 17 33 )
#(62 79 45 61 17 16 34 )
#(63 84 50 68 21 18 34 )
#(71 89 55 74 18 19 34 )
#(69 84 57 70 15 13 27 )
#(69 77 51 65 8 14 26 )
#(69 82 41 67 13 26 41 )
#(69 84 41 60 15 19 43 )
#(69 87 43 67 18 24 44 )
#(70 89 40 63 19 23 49 )
#(63 82 41 58 19 17 41 )
#(62 74 46 58 12 12 28 )
#(57 81 45 67 24 22 36 )
#(59 83 47 71 24 24 36 )
#(69 88 45 67 19 22 43 )
#(67 88 47 67 21 20 41 )
#(73 86 61 69 13 8 25 )
#(73 83 61 69 10 8 22 )
#(64 86 45 69 22 24 41 )
#(66 88 54 76 22 22 34 )
#(59 74 47 62 15 15 27 )
#(59 81 56 66 22 10 25 )
#(57 81 45 62 24 17 36 )
#(64 78 45 68 14 23 33 )
#(69 81 52 71 12 19 29 )
#(68 86 52 64 18 12 34 )
#(64 85 52 64 21 12 33 )
#(65 84 53 64 19 11 31 )
#(65 87 53 74 22 21 34 )
#(62 89 50 77 27 27 39 )
#(67 84 62 72 17 10 22 )
#(70 88 54 71 18 17 34 )
#(73 86 54 70 13 16 32 )
#(73 85 54 71 12 17 31 )
#(71 83 54 66 12 12 29 )
#(70 83 52 67 13 15 31 )
#(64 83 45 69 19 24 38 )
#(57 81 45 69 24 24 36 )
#(59 83 45 71 24 26 38 )
#(62 88 43 69 26 26 45 )
#(67 86 43 76 19 33 43 )
#(71 88 57 78 17 21 31 )
#(64 81 45 66 17 21 36 )
#(57 71 38 55 14 17 33 )
#(61 83 42 57 22 15 41 )
#(69 83 57 69 14 12 26 )
#(66 83 54 75 17 21 29 )
#(59 79 47 67 20 20 32 )
#(64 86 57 78 22 21 29 )
#(68 86 57 76 18 19 29 )
#(71 89 56 69 18 13 33 )
#(73 83 57 69 10 12 26 )
#(69 78 62 69 9 7 16 )
#(64 81 52 74 17 22 29 )
#(68 85 45 73 17 28 40 )
#(68 88 52 64 20 12 36 )
#(64 80 52 74 16 22 28 )
#(53 83 53 73 30 20 30 )
#(52 88 52 74 36 22 36 )
#(61 88 50 69 27 19 38 )
#(54 86 49 65 32 16 37 )
#(53 83 53 73 30 20 30 )
#(52 85 49 66 33 17 36 )
#(66 86 42 65 20 23 44 )
#(64 81 52 74 17 22 29 )
#(68 85 45 73 17 28 40 )
#(68 88 52 67 20 15 36 )
#(64 85 45 74 21 29 40 )
#(69 85 45 64 16 19 40 )
#(56 86 40 74 30 34 46 )
#(73 78 61 71 5 10 17 )
#(69 83 52 69 14 17 31 )
#(73 78 38 66 5 28 40 )
#(62 86 50 67 24 17 36 )
#(69 86 50 67 17 17 36 )
#(57 86 33 67 29 34 53 )
#(69 86 45 61 17 16 41 )
#(76 88 60 78 12 18 28 )
#(69 83 52 73 14 21 31 )
#(68 86 52 71 18 19 34 )
#(68 88 57 76 20 19 31 )
#(71 88 62 76 17 14 26 )
#(68 85 52 69 17 17 33 )
#(68 89 49 76 21 27 40 )
#(59 85 45 69 26 24 40 )
#(62 88 45 69 26 24 43 )
#(73 78 61 71 5 10 17 )
#(69 83 52 69 14 17 31 )
#(73 78 38 66 5 28 40 )
#(62 86 50 67 24 17 36 )
#(69 86 50 67 17 17 36 )
#(69 86 60 76 17 16 26 )
#(66 86 36 73 20 37 50 )
#(60 89 48 70 29 22 41 )
#(67 86 54 72 19 18 32 )
#(66 89 55 64 23 9 34 )
#(66 86 58 66 20 8 28 )
#(64 85 38 59 21 21 47 )
#(57 86 33 57 29 24 53 )
#(71 81 61 66 10 5 20 )
#(68 79 58 71 11 13 21 )
#(62 74 45 61 12 16 29 )
#(61 79 45 64 18 19 34 )
#(64 81 50 69 17 19 31 )
#(64 86 45 69 22 24 41 )
#(62 78 50 62 16 12 28 )
#(61 83 50 69 22 19 33 )
#(64 88 38 69 24 31 50 )
#(69 88 55 67 19 12 33 )
#(69 88 57 69 19 12 31 )
#(67 88 45 71 21 26 43 )
#(73 83 61 69 10 8 22 )
#(69 76 50 69 7 19 26 )
#(62 86 38 60 24 22 48 )
#(69 86 54 67 17 13 32 )
#(69 86 50 67 17 17 36 )
#(66 81 50 62 15 12 31 )
#(66 74 50 50 8 -1 24 )
