#(0.875 0.5 0.875 0.0 0.375 0.0 R )
#(0.9167 0.625 1.0 0.0833 0.375 0.0 R )
#(1.0 0.5833 1.0 0.0 0.4167 0.0 R )
#(0.9167 0.7083 1.0 0.0833 0.2917 0.0 R )
#(0.9167 0.7917 1.0 0.0833 0.2083 0.0 R )
#(1.0 0.9167 1.0 0.0 0.0833 0.0 R )
#(0.7083 0.3333 0.7083 0.0417 0.4167 0.0417 R )
#(1.0 1.0 1.0 0.0 0.0 0.0 B )
#(0.8333 1.0 1.0 0.1667 0.0 0.0 L )
#(0.9167 0.75 1.0 0.0833 0.25 0.0 R )
#(1.0 1.0 1.0 0.0 0.0 0.0 B )
#(1.0 0.8333 1.0 0.0 0.1667 0.0 R )
#(1.0 0.8333 1.0 0.0 0.1667 0.0 R )
#(1.0 0.8333 1.0 0.0 0.1667 0.0 R )
#(1.0 1.0 1.0 0.0 0.0 0.0 B )
#(1.0 0.625 1.0 0.0 0.375 0.0 R )
