#(0.7188 0.75 0.8125 0.0938 0.0625 0.0 L )
#(0.9688 1.0 1.0 0.0313 0.0 0.0 L )
#(0.9531 0.9688 1.0 0.0469 0.0313 0.0 L )
#(1.0 1.0 1.0 0.0 0.0 0.0 B )
#(0.875 0.875 1.0 0.125 0.125 0.0 B )
#(1.0 0.9375 1.0 0.0 0.0625 0.0 R )
#(1.0 1.0 1.0 0.0 0.0 0.0 B )
#(1.0 0.875 1.0 0.0 0.125 0.0 R )
#(0.9375 0.625 0.9375 0.0625 0.375 0.0625 R )
#(0.6563 0.5938 0.7188 0.0938 0.1563 0.0313 R )
#(0.75 1.0 1.0 0.25 0.0 0.0 L )
#(0.75 0.8125 1.0 0.25 0.1875 0.0 L )
#(0.875 0.8125 1.0 0.125 0.1875 0.0 R )
#(0.9375 0.9375 1.0 0.0625 0.0625 0.0 B )
#(0.875 0.8125 0.9375 0.125 0.1875 0.0625 R )
#(0.875 1.0 1.0 0.125 0.0 0.0 L )
#(0.9688 0.9688 1.0 0.0313 0.0313 0.0 B )
#(0.9844 1.0 1.0 0.0156 0.0 0.0 L )
#(1.0 0.9375 1.0 0.0 0.0625 0.0 R )
#(1.0 1.0 1.0 0.0 0.0 0.0 B )
#(1.0 0.9375 1.0 0.0 0.0625 0.0 R )
#(0.9375 0.625 0.9375 0.0625 0.375 0.0625 R )
#(0.8438 0.7813 0.9063 0.0938 0.1563 0.0313 R )
