#(11 0 4 0 12 5 1 11 0 3 0 4)
#(12 0 9 0 10 10 1 10 1 5 0 7)
#(9 1 5 0 14 7 1 11 0 2 0 3)
#(9 0 9 0 8 5 1 12 0 3 0 5)
#(13 0 6 0 13 7 3 18 0 2 0 6)
#(14 0 10 0 13 14 1 12 2 5 1 8)
#(13 0 10 0 18 10 4 14 1 5 0 6)
#(12 1 11 0 8 8 1 10 0 7 1 9)
#(8 1 11 0 2 0 10 15 0 8 1 9)
#(9 2 7 2 6 2 1 22 1 6 1 8)
#(4 4 9 0 9 10 0 12 0 7 0 7)
#(12 0 3 1 12 8 2 12 0 4 0 4)
#(18 0 10 0 7 6 2 10 0 6 0 12)
#(14 1 13 0 6 0 15 22 0 14 1 14)
#(13 2 11 2 11 3 4 25 2 9 1 10)
#(9 5 17 1 18 15 1 14 0 10 0 9)
#(16 1 6 1 23 9 4 21 1 6 0 7)
#(16 0 8 2 14 12 5 23 0 5 0 11)
#(17 0 12 1 11 11 3 12 0 5 0 11)
#(12 0 6 1 8 4 1 7 0 0 0 3)
