#(65 77 50 65 12 15 27 )
#(69 84 36 65 15 29 48 )
#(67 84 41 65 17 24 43 )
#(69 84 41 65 15 24 43 )
#(65 88 44 67 23 23 44 )
#(65 82 36 64 17 28 46 )
#(60 84 48 65 24 17 36 )
#(68 86 48 65 18 17 38 )
#(65 81 46 67 16 21 35 )
#(65 81 36 65 16 29 45 )
#(69 84 41 65 15 24 43 )
#(67 84 41 65 17 24 43 )
#(69 88 43 67 19 24 45 )
#(65 86 41 65 21 24 45 )
#(67 75 41 63 8 22 34 )
#(67 79 41 63 12 22 38 )
#(67 75 39 63 8 24 36 )
#(67 82 41 63 15 22 41 )
#(67 82 41 65 15 24 41 )
#(63 86 36 63 23 27 50 )
#(67 82 41 65 15 24 41 )
#(63 82 34 63 19 29 48 )
