26
;
#(58 77 39 63 19 24 38 )
#(65 79 41 63 14 22 38 )
#(64 79 41 65 15 24 38 )
#(65 79 41 63 14 22 38 )
#(65 82 41 63 17 22 41 )
#(69 89 36 65 20 29 53 )
#(69 89 41 65 20 24 48 )
#(69 89 36 65 20 29 53 )
#(70 82 43 66 12 23 39 )
#(65 79 41 65 14 24 38 )
#(64 79 41 63 15 22 38 )
#(65 79 41 65 14 24 38 )
#(65 77 41 63 12 22 36 )
#(63 82 41 63 19 22 41 )
#(63 80 46 63 17 17 34 )
#(62 77 41 63 15 22 36 )
#(68 86 43 63 18 20 43 )
#(68 87 39 63 19 24 48 )
#(60 84 41 65 24 24 43 )
#(59 84 31 63 25 32 53 )
#(71 84 43 65 13 22 41 )
#(65 80 41 65 15 24 39 )
#(63 80 46 63 17 17 34 )
#(62 77 41 62 15 21 36 )
#(63 79 43 63 16 20 36 )
#(70 87 39 63 17 24 48 )
