#( 0 5 14 19 9 0 0 )
#( 0 7 16 24 15 0 0 )
#( 0 5 18 24 15 0 0 )
#( 0 6 17 23 14 0 0 )
#( 0 6 22 18 20 0 0 )
#( 0 7 13 13 15 8 0 )
#( 0 4 19 13 19 12 0 )
#( 0 3 15 13 17 16 0 )
#( 0 5 17 16 21 0 0 )
#( 0 4 14 19 17 0 0 )
#( 0 7 16 25 15 0 0 )
#( 0 5 18 22 15 0 0 )
#( 0 5 20 20 18 0 0 )
#( 0 5 16 22 14 0 0 )
#( 0 2 14 21 13 0 0 )
#( 0 6 15 22 9 0 0 )
#( 0 7 12 9 22 3 0 )
#( 0 6 22 11 20 2 0 )
#( 0 5 19 25 20 1 0 )
#( 1 6 13 27 17 1 0 )
#( 0 2 20 16 24 2 0 )
#( 0 5 8 15 14 0 0 )
#( 0 3 14 22 12 0 0 )
#( 0 5 15 21 10 0 0 )
#( 0 6 15 16 15 0 0 )
#( 0 7 17 9 21 4 0 )
