26
;
#(6 2 6 0 8 9 2 9 1 3 0 1)
#(8 2 5 0 10 8 0 17 1 4 1 6)
#(7 2 13 0 6 4 2 16 0 4 1 7)
#(9 0 4 0 9 8 0 18 1 4 1 6)
#(8 6 7 1 12 5 1 14 2 8 0 2)
#(12 0 10 0 9 0 1 12 0 3 0 9)
#(18 0 0 1 11 4 1 8 0 9 2 13)
#(14 2 0 1 11 6 0 14 0 12 1 3)
#(9 1 7 1 5 10 4 8 0 9 0 5)
#(19 0 3 0 8 5 1 7 0 6 4 1)
#(6 3 5 0 10 8 1 16 1 5 2 6)
#(8 2 12 0 6 5 0 17 0 3 0 7)
#(5 4 6 1 10 8 1 11 3 10 1 3)
#(14 0 4 0 7 6 0 14 1 6 2 3)
#(7 3 5 2 6 4 1 9 0 5 1 7)
#(6 2 8 1 8 2 2 13 0 3 1 6)
#(7 2 4 3 10 5 1 7 1 6 1 6)
#(18 0 2 1 8 3 1 12 0 8 1 7)
#(7 0 15 1 13 4 0 0 12 12 0 6)
#(5 0 8 2 19 5 0 0 6 12 0 8)
#(9 0 8 3 19 0 0 0 10 12 0 3)
#(3 0 9 0 10 6 0 1 3 6 0 4)
#(7 2 5 1 7 4 1 12 0 5 0 7)
#(6 3 8 2 7 2 2 10 0 3 2 6)
#(5 2 5 2 11 5 1 9 1 3 1 7)
#(14 0 3 2 8 4 2 13 0 6 1 5)
