26
;
#(0.875 0.75 1.0 0.125 0.25 0.0 R )
#(1.0 1.0 1.0 0.0 0.0 0.0 B )
#(1.0 0.9375 1.0 0.0 0.0625 0.0 R )
#(1.0 1.0 1.0 0.0 0.0 0.0 B )
#(1.0 1.0 1.0 0.0 0.0 0.0 B )
#(0.9375 0.9375 0.9375 0.0625 0.0625 0.0625 B )
#(1.0 1.0 1.0 0.0 0.0 0.0 B )
#(1.0 1.0 1.0 0.0 0.0 0.0 B )
#(1.0 0.9375 1.0 0.0 0.0625 0.0 R )
#(1.0 0.75 1.0 0.0 0.25 0.0 R )
#(1.0 1.0 1.0 0.0 0.0 0.0 B )
#(1.0 0.9375 1.0 0.0 0.0625 0.0 R )
#(1.0 1.0 1.0 0.0 0.0 0.0 B )
#(0.9375 0.9375 0.9375 0.0625 0.0625 0.0625 B )
#(1.0 1.0 1.0 0.0 0.0 0.0 B )
#(1.0 0.9375 1.0 0.0 0.0625 0.0 R )
#(1.0 0.9375 1.0 0.0 0.0625 0.0 R )
#(0.9375 0.9375 0.9375 0.0625 0.0625 0.0625 B )
#(1.0 1.0 1.0 0.0 0.0 0.0 B )
#(0.875 0.875 0.875 0.125 0.125 0.125 B )
#(1.0 1.0 1.0 0.0 0.0 0.0 B )
#(1.0 0.9375 1.0 0.0 0.0625 0.0 R )
#(1.0 1.0 1.0 0.0 0.0 0.0 B )
#(1.0 0.9375 1.0 0.0 0.0625 0.0 R )
#(1.0 0.9375 1.0 0.0 0.0625 0.0 R )
#(0.9375 0.9375 0.9375 0.0625 0.0625 0.0625 B )
