#(53 72 36 60 19 24 36 )
#(65 82 34 63 17 29 48 )
#(65 84 34 65 19 31 50 )
#(65 86 29 63 21 34 57 )
#(62 82 34 63 20 29 48 )
#(62 86 34 63 24 29 52 )
#(65 82 38 62 17 24 44 )
#(69 86 41 63 17 22 45 )
#(60 86 36 63 26 27 50 )
#(65 82 34 65 17 31 48 )
#(65 82 34 65 17 31 48 )
#(65 84 34 65 19 31 50 )
#(67 86 29 63 19 34 57 )
#(62 82 39 63 20 24 43 )
#(70 82 36 63 12 27 46 )
#(74 84 39 63 10 24 45 )
#(63 84 34 65 21 31 50 )
#(58 77 34 62 19 28 43 )
#(50 79 38 68 29 30 41 )
#(59 71 35 60 12 25 36 )
#(58 67 43 53 9 10 24 )
#(62 82 39 63 20 24 43 )
#(70 82 36 63 12 27 46 )
#(74 84 39 63 10 24 45 )
#(63 84 34 65 21 31 50 )
#(58 87 34 62 29 28 53 )
