26
;
#( 0 14 30 20 1 0 0 )
#( 1 9 19 20 17 0 0 )
#( 1 11 18 21 18 1 0 )
#( 2 8 20 19 29 5 0 )
#( 1 13 25 24 32 0 0 )
#( 1 8 20 17 31 5 0 )
#( 0 7 24 26 28 0 0 )
#( 0 5 23 16 38 5 0 )
#( 0 11 22 20 24 4 0 )
#( 1 11 20 22 12 0 0 )
#( 1 9 17 20 18 0 0 )
#( 1 11 20 21 17 1 0 )
#( 2 8 22 15 49 5 0 )
#( 0 13 24 20 27 0 0 )
#( 0 7 21 16 39 0 0 )
#( 0 12 24 7 35 1 0 )
#( 1 9 15 22 30 1 0 )
#( 1 8 21 24 5 0 0 )
#( 0 17 19 7 16 0 0 )
#( 1 10 14 29 0 0 0 )
#( 0 10 18 17 0 0 0 )
#( 0 12 22 17 24 0 0 )
#( 0 7 21 16 39 0 0 )
#( 0 12 24 7 35 1 0 )
#( 1 9 15 22 30 1 0 )
#( 1 10 9 13 8 1 0 )
