26
;
#(0 28 3 0 0 0 0 0 0 0 )
#(16 5 4 7 0 0 0 0 0 0 )
#(12 6 6 7 0 0 0 0 0 0 )
#(11 7 3 8 1 2 0 0 0 0 )
#(2 13 3 7 6 0 0 0 0 0 )
#(7 4 2 9 5 0 0 0 0 0 )
#(10 6 2 6 3 3 0 0 0 0 )
#(8 4 3 8 6 0 0 0 0 0 )
#(9 0 3 12 3 0 0 0 0 0 )
#(10 5 10 4 0 0 0 0 0 0 )
#(16 6 3 7 0 0 0 0 0 0 )
#(12 5 7 7 0 0 0 0 0 0 )
#(3 13 1 8 5 2 0 0 0 0 )
#(2 9 3 10 3 0 0 0 0 0 )
#(7 3 3 9 5 0 0 0 0 0 )
#(2 7 7 8 2 0 0 0 0 0 )
#(8 2 7 5 5 0 0 0 0 0 )
#(3 16 1 4 1 0 0 0 0 0 )
#(6 15 0 2 3 0 0 0 0 0 )
#(9 11 0 2 3 0 0 0 0 0 )
#(1 22 0 0 0 0 0 0 0 0 )
#(0 10 6 8 1 0 0 0 0 0 )
#(7 3 3 9 5 0 0 0 0 0 )
#(2 7 7 8 2 0 0 0 0 0 )
#(8 2 7 5 5 0 0 0 0 0 )
#(4 3 1 6 1 0 0 0 0 0 )
