#( 0 0 3 11 11 0 0 )
#( 0 0 0 20 16 0 0 )
#( 0 0 8 19 15 2 0 )
#( 0 0 9 15 18 2 0 )
#( 0 0 1 16 10 0 0 )
#( 0 0 16 15 19 0 0 )
#( 0 0 0 9 11 0 0 )
#( 0 0 16 16 18 0 0 )
#( 0 0 20 9 21 2 0 )
#( 0 1 2 11 21 0 0 )
#( 0 0 4 9 11 0 0 )
#( 0 0 6 15 11 0 0 )
#( 0 2 5 18 9 0 0 )
#( 0 2 6 20 8 0 0 )
#( 0 0 3 32 12 0 0 )
#( 0 0 11 16 6 1 0 )
#( 0 0 3 14 16 0 0 )
#( 0 0 10 16 14 0 0 )
#( 0 0 26 13 12 0 0 )
#( 0 0 7 8 16 2 0 )
#( 0 6 10 8 13 1 0 )
#( 0 2 11 21 2 0 0 )
#( 0 6 11 14 3 0 0 )
#( 0 2 14 18 15 5 0 )
#( 0 0 2 13 27 6 0 )
#( 0 0 6 26 7 0 0 )
