#(5 0 4 0 4 3 0 5 0 1 0 3)
#(8 0 5 0 7 4 0 7 0 1 0 4)
#(3 2 19 0 1 0 3 7 0 3 0 6)
#(8 1 10 1 5 0 5 3 1 6 0 4)
#(4 0 5 0 5 0 2 2 2 1 2 4)
#(8 0 7 0 5 0 1 10 0 9 0 10)
#(3 0 3 1 4 0 1 1 1 1 1 4)
#(7 0 7 0 7 0 3 9 0 8 0 9)
#(6 0 6 1 6 0 4 16 0 4 0 9)
#(7 0 4 2 3 0 3 5 0 7 0 4)
#(1 3 3 0 1 0 0 5 0 7 3 1)
#(3 1 3 0 1 7 0 7 4 2 1 3)
#(12 0 1 2 5 3 0 4 0 3 3 1)
#(5 0 13 1 0 2 6 4 0 2 3 0)
#(6 0 6 0 15 1 0 1 5 7 0 6)
#(4 0 0 2 9 5 0 5 4 3 0 2)
#(7 0 5 0 6 4 0 5 0 2 0 4)
#(7 0 5 0 6 3 1 14 0 0 0 4)
#(5 0 6 0 8 5 2 18 0 1 0 6)
#(1 3 3 0 5 8 0 5 1 6 0 1)
#(8 0 5 2 4 4 0 6 0 7 0 2)
#(4 1 5 0 10 6 0 6 0 3 0 1)
#(7 0 5 1 4 5 0 4 1 6 0 1)
#(12 0 8 0 9 7 0 7 0 8 0 3)
#(7 0 7 0 10 8 0 7 2 4 0 3)
#(6 0 5 0 3 5 2 11 1 3 0 3)
