1635
;
#( 0 2 14 16 46 0 0 )
#( 0 0 4 61 26 2 0 )
#( 0 2 21 25 31 0 0 )
#( 0 4 12 30 32 3 0 )
#( 0 7 15 26 35 0 0 )
#( 0 0 3 39 47 0 0 )
#( 0 0 3 67 12 0 0 )
#( 0 0 26 33 31 1 0 )
#( 0 6 23 29 29 0 0 )
#( 0 6 17 21 21 0 0 )
#( 0 8 12 30 22 0 0 )
#( 0 1 22 19 43 3 0 )
#( 0 2 12 38 36 1 0 )
#( 0 3 20 30 31 4 0 )
#( 0 1 10 17 45 0 0 )
#( 0 1 16 40 29 1 0 )
#( 1 9 28 26 27 1 0 )
#( 2 5 7 24 21 4 0 )
#( 0 3 7 42 33 9 0 )
#( 0 0 16 42 34 3 0 )
#( 0 6 19 29 18 1 0 )
#( 0 0 5 27 54 3 0 )
#( 0 0 8 34 33 8 0 )
#( 0 9 20 39 26 4 0 )
#( 2 8 25 13 16 3 0 )
#( 0 1 21 19 6 0 0 )
#( 0 2 19 34 2 0 0 )
#( 0 6 8 22 26 5 0 )
#( 0 0 10 15 38 1 0 )
#( 0 5 17 10 27 2 0 )
#( 1 6 39 23 21 0 0 )
#( 0 1 31 34 20 0 0 )
#( 0 2 7 17 9 0 0 )
#( 0 0 16 21 23 0 0 )
#( 0 0 14 21 22 2 0 )
#( 0 0 0 9 28 9 0 )
#( 0 1 30 20 8 0 0 )
#( 0 0 44 22 3 8 0 )
#( 0 0 0 25 35 9 0 )
#( 1 9 17 20 11 0 0 )
#( 0 2 15 23 22 2 0 )
#( 0 6 22 66 4 1 0 )
#( 0 5 12 57 9 1 0 )
#( 0 5 10 22 22 4 0 )
#( 0 0 4 12 11 0 0 )
#( 0 5 12 16 3 0 0 )
#( 0 3 9 22 8 0 0 )
#( 0 0 3 12 27 1 0 )
#( 0 0 0 25 23 1 0 )
#( 0 0 6 24 8 0 0 )
#( 0 0 1 15 6 0 0 )
#( 0 0 4 15 4 0 0 )
#( 1 8 9 6 14 1 0 )
#( 0 1 20 17 5 0 0 )
#( 0 2 21 26 5 0 0 )
#( 0 0 2 23 18 0 0 )
#( 0 0 6 25 11 2 0 )
#( 0 0 22 21 8 0 0 )
#( 0 0 3 6 7 0 0 )
#( 0 0 6 18 3 0 0 )
#( 0 0 0 14 9 1 0 )
#( 0 2 8 8 9 1 0 )
#( 0 2 3 13 26 4 0 )
#( 0 2 13 7 3 0 0 )
#( 0 5 15 14 0 0 0 )
#( 0 7 16 12 0 0 0 )
#( 0 0 5 20 13 0 0 )
#( 0 3 12 11 14 0 0 )
#( 0 2 6 15 18 0 0 )
#( 0 0 0 10 29 3 0 )
#( 0 0 11 22 16 0 0 )
#( 0 2 9 12 9 1 0 )
#( 0 0 0 6 16 0 0 )
#( 0 3 4 10 7 0 0 )
#( 0 4 13 21 5 0 0 )
#( 0 0 14 19 12 0 0 )
#( 0 0 6 19 29 0 0 )
#( 0 2 3 7 15 0 0 )
#( 0 0 0 0 14 1 0 )
#( 0 10 11 4 7 0 0 )
#( 0 10 10 7 9 0 0 )
#( 0 0 8 12 20 4 0 )
#( 0 7 13 20 5 0 0 )
#( 0 3 9 12 13 1 0 )
#( 1 3 28 18 10 0 0 )
#( 0 0 32 23 18 0 0 )
#( 0 2 15 16 16 0 0 )
#( 1 5 8 34 0 0 0 )
#( 0 1 7 17 25 0 0 )
#( 0 4 5 16 18 3 0 )
#( 0 4 7 4 19 0 0 )
#( 2 3 4 15 27 0 0 )
#( 0 2 4 22 25 0 0 )
#( 0 4 4 7 25 0 0 )
#( 0 0 8 17 23 0 0 )
#( 0 3 5 21 33 0 0 )
#( 0 7 11 24 8 1 0 )
#( 0 0 7 27 22 2 0 )
#( 0 1 14 9 14 0 0 )
#( 0 0 5 15 12 0 0 )
#( 0 3 3 9 17 0 0 )
#( 2 6 4 8 24 0 0 )
#( 2 5 3 17 13 2 0 )
#( 0 3 4 27 3 1 0 )
#( 1 3 4 18 8 0 0 )
#( 0 0 50 22 8 0 0 )
#( 0 1 14 14 26 0 0 )
#( 1 4 14 26 4 0 0 )
#( 0 3 6 24 15 0 0 )
#( 0 2 4 26 14 2 0 )
#( 0 2 5 8 18 3 0 )
#( 2 3 1 10 28 7 0 )
#( 0 3 3 15 28 2 0 )
#( 0 21 12 7 26 2 0 )
#( 2 4 15 29 15 0 0 )
#( 1 4 4 21 10 0 0 )
#( 0 1 13 16 17 1 0 )
#( 0 2 4 15 37 4 0 )
#( 0 5 15 24 7 0 0 )
#( 0 1 23 22 11 0 0 )
#( 0 0 6 29 10 0 0 )
#( 0 0 9 42 0 0 0 )
#( 0 0 44 13 5 0 0 )
#( 0 0 21 26 7 2 0 )
#( 0 0 10 39 25 1 0 )
#( 1 8 22 21 5 0 0 )
#( 0 2 9 19 12 0 0 )
#( 0 2 19 13 36 0 0 )
#( 0 0 16 27 3 0 0 )
#( 0 0 6 30 11 0 0 )
#( 0 0 29 21 5 0 0 )
#( 0 4 43 9 4 0 0 )
#( 0 0 12 36 12 1 0 )
#( 0 0 29 22 21 2 0 )
#( 0 8 13 29 4 0 0 )
#( 0 0 0 2 10 1 0 )
#( 0 0 3 9 15 0 0 )
#( 0 0 2 15 1 0 0 )
#( 0 2 4 10 10 1 0 )
#( 0 11 8 12 1 0 0 )
#( 0 1 12 17 2 0 0 )
#( 0 0 3 12 8 0 0 )
#( 0 0 1 7 14 0 0 )
#( 0 2 2 5 6 1 0 )
#( 0 2 1 2 8 0 0 )
#( 0 0 2 10 12 0 0 )
#( 0 0 2 17 12 0 0 )
#( 0 0 0 13 13 0 0 )
#( 0 1 1 13 16 0 0 )
#( 0 1 3 9 20 1 0 )
#( 0 0 4 18 14 0 0 )
#( 0 1 13 14 0 0 0 )
#( 0 0 8 7 3 0 0 )
#( 0 0 2 10 16 0 0 )
#( 0 0 4 3 7 3 0 )
#( 0 3 3 0 14 1 0 )
#( 0 4 8 5 7 0 0 )
#( 0 0 2 10 9 0 0 )
#( 0 6 12 6 8 0 0 )
#( 2 6 7 5 12 0 0 )
#( 0 0 4 14 16 1 0 )
#( 1 8 6 1 6 3 0 )
#( 0 0 0 2 10 1 0 )
#( 0 0 3 9 15 0 0 )
#( 0 0 2 15 1 0 0 )
#( 0 2 4 10 10 1 0 )
#( 0 11 8 12 1 0 0 )
#( 0 1 12 17 2 0 0 )
#( 0 0 3 12 8 0 0 )
#( 0 0 0 10 12 2 0 )
#( 0 0 1 5 12 4 0 )
#( 0 2 2 5 5 2 0 )
#( 1 1 1 1 6 3 0 )
#( 0 0 0 6 14 4 0 )
#( 0 0 0 8 21 2 0 )
#( 0 0 8 7 11 0 0 )
#( 0 1 10 16 4 0 0 )
#( 0 3 3 20 8 0 0 )
#( 0 0 13 23 0 0 0 )
#( 0 5 18 4 1 0 0 )
#( 0 0 1 12 5 0 0 )
#( 0 0 3 13 13 1 0 )
#( 0 5 11 7 9 0 0 )
#( 0 3 5 16 24 1 0 )
#( 0 1 23 27 11 0 0 )
#( 0 0 27 36 34 3 0 )
#( 1 6 12 15 41 1 0 )
#( 0 1 0 10 22 12 0 )
#( 0 2 3 18 36 7 0 )
#( 0 1 4 54 24 1 0 )
#( 0 2 6 56 25 2 0 )
#( 0 7 14 31 16 5 0 )
#( 0 10 30 20 16 0 0 )
#( 0 0 6 71 14 0 0 )
#( 0 1 15 24 11 3 0 )
#( 0 0 16 19 14 1 0 )
#( 0 2 7 19 43 0 0 )
#( 0 0 3 71 16 0 0 )
#( 0 0 18 20 24 0 0 )
#( 0 2 8 18 45 0 0 )
#( 0 1 3 17 31 1 0 )
#( 0 3 17 16 15 0 0 )
#( 0 0 32 45 25 0 0 )
#( 1 4 9 14 44 4 0 )
#( 0 3 7 17 21 0 0 )
#( 0 0 13 29 21 0 0 )
#( 0 2 14 25 29 9 0 )
#( 0 1 8 46 25 11 0 )
#( 0 2 31 24 21 2 0 )
#( 2 13 35 17 18 0 0 )
#( 0 1 1 0 5 0 0 )
#( 0 2 5 11 12 0 0 )
#( 0 4 7 17 6 0 0 )
#( 0 1 6 15 12 2 0 )
#( 0 4 10 17 7 0 0 )
#( 0 0 1 23 19 1 0 )
#( 0 0 9 16 12 1 0 )
#( 1 4 10 10 12 0 0 )
#( 0 1 15 8 14 0 0 )
#( 0 0 28 14 9 0 0 )
#( 0 0 25 18 15 0 0 )
#( 0 4 18 19 16 0 0 )
#( 1 4 11 12 4 0 0 )
#( 0 0 8 27 14 0 0 )
#( 0 0 2 6 9 0 0 )
#( 0 3 3 5 19 1 0 )
#( 0 0 13 25 17 0 0 )
#( 0 0 6 18 8 1 0 )
#( 0 5 10 22 7 1 0 )
#( 0 0 4 18 16 0 0 )
#( 0 0 14 11 9 10 0 )
#( 0 0 18 10 10 0 0 )
#( 0 4 7 12 13 1 0 )
#( 1 1 6 15 12 3 0 )
#( 0 0 14 23 16 2 0 )
#( 0 11 21 21 5 0 0 )
#( 0 2 10 21 20 4 0 )
#( 0 1 7 3 0 0 0 )
#( 0 0 4 14 21 0 0 )
#( 0 3 14 9 27 0 0 )
#( 0 5 7 14 35 0 0 )
#( 0 9 11 23 14 0 0 )
#( 0 0 13 29 12 2 0 )
#( 0 0 9 27 19 2 0 )
#( 0 1 12 20 15 3 0 )
#( 0 0 29 25 24 0 0 )
#( 0 0 2 4 35 5 0 )
#( 0 0 1 15 26 11 0 )
#( 0 0 1 31 35 0 0 )
#( 0 1 4 16 25 0 0 )
#( 0 3 14 8 25 0 0 )
#( 0 0 10 14 12 0 0 )
#( 0 0 3 27 12 3 0 )
#( 0 7 9 13 17 5 0 )
#( 0 0 11 21 15 0 0 )
#( 0 2 7 12 7 0 0 )
#( 0 1 4 16 25 0 0 )
#( 0 3 14 10 29 0 0 )
#( 0 8 9 15 27 0 0 )
#( 0 5 12 26 18 0 0 )
#( 0 0 5 30 8 0 0 )
#( 0 0 2 38 11 1 0 )
#( 0 0 15 5 25 1 0 )
#( 0 0 1 24 22 0 0 )
#( 0 0 1 30 38 0 0 )
#( 0 4 8 20 18 2 0 )
#( 0 2 7 20 15 0 0 )
#( 0 0 6 24 7 0 0 )
#( 0 0 0 23 21 0 0 )
#( 0 1 19 31 21 6 0 )
#( 0 0 2 24 20 0 0 )
#( 0 0 1 30 19 8 0 )
#( 0 0 15 27 9 0 0 )
#( 0 0 4 18 18 0 0 )
#( 0 2 6 15 27 0 0 )
#( 0 2 11 15 26 0 0 )
#( 0 9 11 14 29 0 0 )
#( 0 4 12 24 17 0 0 )
#( 0 0 7 10 10 0 0 )
#( 0 0 19 33 16 0 0 )
#( 0 0 34 38 24 0 0 )
#( 0 1 22 80 51 0 0 )
#( 0 1 12 59 44 0 0 )
#( 0 0 10 62 21 0 0 )
#( 0 0 30 38 19 0 0 )
#( 0 0 44 57 29 0 0 )
#( 0 6 23 59 47 3 0 )
#( 0 3 11 49 31 0 0 )
#( 0 0 0 14 9 0 0 )
#( 0 0 8 13 20 0 0 )
#( 0 1 7 14 9 0 0 )
#( 0 3 8 13 14 0 0 )
#( 0 0 9 12 11 0 0 )
#( 0 0 6 8 11 3 0 )
#( 0 0 7 9 21 3 0 )
#( 0 1 5 10 15 0 0 )
#( 0 1 7 16 5 0 0 )
#( 0 1 10 24 21 0 0 )
#( 0 1 6 15 29 2 0 )
#( 0 0 7 12 22 3 0 )
#( 0 1 11 8 11 0 0 )
#( 0 0 11 15 13 0 0 )
#( 0 5 8 6 14 0 0 )
#( 0 0 12 31 13 0 0 )
#( 0 2 8 12 30 2 0 )
#( 0 0 21 9 11 4 0 )
#( 0 0 7 12 17 2 0 )
#( 0 0 3 11 11 0 0 )
#( 0 0 0 20 16 0 0 )
#( 0 0 8 19 15 2 0 )
#( 0 0 9 15 18 2 0 )
#( 0 0 1 16 10 0 0 )
#( 0 0 16 15 19 0 0 )
#( 0 0 0 9 11 0 0 )
#( 0 0 16 16 18 0 0 )
#( 0 0 20 9 21 2 0 )
#( 0 1 2 11 21 0 0 )
#( 0 0 4 9 11 0 0 )
#( 0 0 6 15 11 0 0 )
#( 0 2 5 18 9 0 0 )
#( 0 2 6 20 8 0 0 )
#( 0 0 3 32 12 0 0 )
#( 0 0 11 16 6 1 0 )
#( 0 0 3 14 16 0 0 )
#( 0 0 10 16 14 0 0 )
#( 0 0 26 13 12 0 0 )
#( 0 0 7 8 16 2 0 )
#( 0 6 10 8 13 1 0 )
#( 0 2 11 21 2 0 0 )
#( 0 6 11 14 3 0 0 )
#( 0 2 14 18 15 5 0 )
#( 0 0 2 13 27 6 0 )
#( 0 0 6 26 7 0 0 )
#( 0 0 9 12 6 0 0 )
#( 0 0 10 6 15 0 0 )
#( 0 1 10 15 15 3 0 )
#( 0 1 12 11 20 3 0 )
#( 6 17 20 26 0 0 0 )
#( 0 12 14 29 10 0 0 )
#( 0 0 4 26 21 0 0 )
#( 0 0 11 28 33 0 0 )
#( 0 0 6 16 29 3 0 )
#( 0 0 8 23 33 3 0 )
#( 0 0 19 32 31 0 0 )
#( 0 0 9 13 28 0 0 )
#( 0 1 9 20 37 0 0 )
#( 0 0 4 15 12 3 0 )
#( 0 0 4 11 22 1 0 )
#( 0 0 12 6 21 7 0 )
#( 0 0 2 33 27 0 0 )
#( 0 0 9 25 11 1 0 )
#( 0 0 9 12 12 0 0 )
#( 0 0 11 17 7 0 0 )
#( 0 0 6 18 19 2 0 )
#( 6 17 19 26 2 0 0 )
#( 0 12 17 27 9 0 0 )
#( 0 0 9 25 11 6 0 )
#( 0 1 5 24 36 7 0 )
#( 0 2 11 25 16 0 0 )
#( 0 2 18 29 18 0 0 )
#( 0 0 4 33 33 12 0 )
#( 0 2 13 23 11 1 0 )
#( 0 3 11 21 24 8 0 )
#( 0 4 9 5 8 0 0 )
#( 0 3 33 52 24 0 0 )
#( 0 0 31 43 27 4 0 )
#( 0 0 17 63 38 0 0 )
#( 0 0 4 53 33 0 0 )
#( 0 0 10 50 38 1 0 )
#( 0 0 14 45 28 5 0 )
#( 0 3 37 49 27 0 0 )
#( 0 0 14 44 43 4 0 )
#( 0 0 17 45 46 10 0 )
#( 0 0 8 43 56 4 0 )
#( 0 0 6 10 7 0 0 )
#( 0 1 11 7 12 0 0 )
#( 0 1 11 9 9 0 0 )
#( 1 4 3 18 6 0 0 )
#( 0 0 8 21 9 1 0 )
#( 0 0 0 18 7 0 0 )
#( 0 0 11 12 0 0 0 )
#( 0 4 10 9 9 0 0 )
#( 0 4 10 7 11 0 0 )
#( 0 0 0 29 6 0 0 )
#( 0 0 3 19 8 3 0 )
#( 0 0 2 6 14 0 0 )
#( 0 0 4 8 14 0 0 )
#( 0 0 2 8 12 0 0 )
#( 0 0 4 9 15 0 0 )
#( 0 0 5 17 9 1 0 )
#( 0 4 11 6 9 0 0 )
#( 0 0 0 20 12 0 0 )
#( 0 2 10 11 6 1 0 )
#( 0 0 2 6 11 1 0 )
#( 0 0 6 11 7 0 0 )
#( 0 0 1 11 8 0 0 )
#( 0 0 0 6 12 0 0 )
#( 0 2 10 8 10 2 0 )
#( 0 2 10 8 12 12 0 )
#( 0 0 10 10 1 1 0 )
#( 0 2 12 5 5 2 0 )
#( 0 0 17 4 7 3 0 )
#( 0 0 20 12 1 0 0 )
#( 0 0 12 5 9 1 0 )
#( 0 0 11 6 13 1 0 )
#( 0 2 15 16 2 0 0 )
#( 0 3 13 8 17 0 0 )
#( 0 0 5 7 23 1 0 )
#( 0 0 2 17 11 1 0 )
#( 0 0 8 13 5 0 0 )
#( 0 3 8 5 6 3 0 )
#( 0 3 5 3 12 2 0 )
#( 0 0 14 9 4 0 0 )
#( 0 0 4 16 1 0 0 )
#( 0 0 1 8 11 0 0 )
#( 0 0 1 13 5 0 0 )
#( 0 0 0 13 13 0 0 )
#( 0 1 2 3 5 3 0 )
#( 0 1 11 7 12 0 0 )
#( 1 1 9 13 8 0 0 )
#( 0 3 5 16 8 1 0 )
#( 0 0 6 24 8 0 0 )
#( 0 0 1 16 6 0 0 )
#( 0 1 15 10 0 0 0 )
#( 0 4 10 9 9 0 0 )
#( 0 3 5 10 13 0 0 )
#( 0 0 0 32 4 0 0 )
#( 0 0 3 10 8 6 0 )
#( 0 0 0 10 11 6 0 )
#( 0 0 0 6 10 5 0 )
#( 0 0 0 11 11 5 0 )
#( 0 0 3 10 10 5 0 )
#( 1 3 10 14 4 0 0 )
#( 0 1 3 12 13 1 0 )
#( 0 2 3 8 16 3 0 )
#( 0 0 3 14 10 1 0 )
#( 0 0 0 7 8 5 0 )
#( 0 0 2 13 7 2 0 )
#( 0 0 5 10 5 0 0 )
#( 0 0 2 11 6 1 0 )
#( 0 4 8 8 17 4 0 )
#( 0 6 10 14 29 0 0 )
#( 0 1 2 9 11 1 0 )
#( 1 3 5 4 8 0 0 )
#( 0 6 26 25 4 0 0 )
#( 0 9 18 19 43 0 0 )
#( 0 1 33 24 4 0 0 )
#( 0 9 16 7 40 32 0 )
#( 0 0 10 54 39 1 0 )
#( 0 0 3 37 27 0 0 )
#( 0 0 0 51 34 0 0 )
#( 0 0 15 38 46 0 0 )
#( 0 0 9 46 32 1 0 )
#( 1 7 15 24 51 1 0 )
#( 1 9 27 30 35 0 0 )
#( 0 2 10 12 30 7 0 )
#( 1 3 18 34 20 0 0 )
#( 0 0 5 29 56 2 0 )
#( 0 0 5 40 44 1 0 )
#( 0 0 14 20 36 4 0 )
#( 0 0 6 37 30 3 0 )
#( 0 2 18 32 24 0 0 )
#( 0 9 21 17 12 0 0 )
#( 0 5 22 21 34 0 0 )
#( 0 4 29 20 12 8 0 )
#( 0 6 14 20 39 25 0 )
#( 0 0 11 45 39 0 0 )
#( 0 0 18 55 5 0 0 )
#( 0 0 0 13 56 6 0 )
#( 0 15 15 10 39 20 0 )
#( 0 0 27 46 10 6 0 )
#( 0 13 17 7 46 16 0 )
#( 0 13 24 15 39 11 0 )
#( 0 3 12 35 16 0 0 )
#( 0 2 11 24 34 11 0 )
#( 0 5 16 19 9 2 0 )
#( 1 2 7 18 12 0 0 )
#( 1 2 6 18 22 0 0 )
#( 0 0 6 22 19 0 0 )
#( 0 0 8 15 23 3 0 )
#( 0 0 18 17 34 5 0 )
#( 0 0 16 52 20 6 0 )
#( 0 0 40 29 28 6 0 )
#( 0 0 12 23 23 2 0 )
#( 0 0 8 24 7 3 0 )
#( 0 0 14 24 13 3 0 )
#( 0 2 24 12 15 5 0 )
#( 0 2 23 9 21 15 0 )
#( 0 0 25 26 22 14 0 )
#( 0 3 14 26 16 1 0 )
#( 1 12 9 14 14 2 0 )
#( 0 0 8 21 11 5 0 )
#( 0 2 16 21 4 4 0 )
#( 0 0 32 16 14 5 0 )
#( 0 0 26 41 4 9 0 )
#( 0 2 31 14 14 3 0 )
#( 0 9 10 18 22 0 0 )
#( 1 8 7 17 15 0 0 )
#( 2 3 4 6 16 2 0 )
#( 1 2 5 12 13 3 0 )
#( 0 0 7 20 25 0 0 )
#( 1 2 7 18 16 1 0 )
#( 0 0 9 29 18 3 0 )
#( 0 0 13 19 30 3 0 )
#( 0 0 13 30 34 5 0 )
#( 0 0 32 48 15 7 0 )
#( 0 0 29 25 25 3 0 )
#( 0 6 14 8 16 0 0 )
#( 0 0 1 23 30 0 0 )
#( 0 4 28 0 21 1 0 )
#( 0 10 20 9 28 0 0 )
#( 0 0 26 26 23 2 0 )
#( 0 0 14 30 28 0 0 )
#( 0 6 8 14 35 0 0 )
#( 0 5 12 7 24 3 0 )
#( 0 0 9 23 19 0 0 )
#( 0 5 15 20 24 1 0 )
#( 0 1 4 28 19 1 0 )
#( 0 8 14 22 8 0 0 )
#( 0 1 10 29 28 0 0 )
#( 0 10 22 17 30 1 0 )
#( 0 1 3 32 43 2 0 )
#( 0 14 30 15 9 0 0 )
#( 0 2 15 23 21 4 0 )
#( 0 5 16 8 31 7 0 )
#( 0 4 21 22 15 0 0 )
#( 0 1 11 20 24 2 0 )
#( 0 8 24 21 17 1 0 )
#( 0 2 15 30 41 12 0 )
#( 0 5 24 14 42 8 0 )
#( 0 4 48 27 20 0 0 )
#( 0 4 14 35 41 1 0 )
#( 0 6 26 41 22 1 0 )
#( 0 4 24 26 22 7 0 )
#( 1 4 20 16 1 0 0 )
#( 0 0 0 24 14 1 0 )
#( 0 0 2 30 19 0 0 )
#( 0 0 3 26 18 1 0 )
#( 0 0 3 29 22 0 0 )
#( 0 3 7 25 23 3 0 )
#( 0 8 14 10 24 1 0 )
#( 0 0 8 9 18 0 0 )
#( 0 2 12 10 24 1 0 )
#( 0 1 19 5 25 1 0 )
#( 0 0 11 8 18 1 0 )
#( 0 0 12 9 28 5 0 )
#( 0 0 8 14 24 3 0 )
#( 0 1 26 27 20 2 0 )
#( 0 0 1 37 7 10 0 )
#( 0 0 4 31 22 20 0 )
#( 0 0 13 15 30 18 0 )
#( 0 3 6 23 10 0 0 )
#( 0 0 5 23 31 24 0 )
#( 0 3 22 15 28 19 0 )
#( 0 2 4 11 11 0 0 )
#( 0 1 5 8 5 6 0 )
#( 1 8 9 18 6 1 0 )
#( 2 4 12 10 14 2 0 )
#( 0 0 2 26 15 2 0 )
#( 0 0 2 30 19 0 0 )
#( 0 0 3 26 24 1 0 )
#( 0 0 3 29 25 1 0 )
#( 0 1 18 12 25 15 0 )
#( 0 0 16 12 31 25 0 )
#( 0 0 0 18 46 2 0 )
#( 0 0 0 20 32 2 0 )
#( 0 20 12 32 2 0 0 )
#( 0 2 10 29 19 0 0 )
#( 0 0 0 25 17 8 0 )
#( 0 0 10 25 26 7 0 )
#( 0 16 26 18 11 0 0 )
#( 0 1 20 21 13 0 0 )
#( 0 0 14 21 11 3 0 )
#( 0 0 14 19 18 3 0 )
#( 0 0 24 17 21 0 0 )
#( 0 1 21 32 23 0 0 )
#( 0 4 13 30 29 0 0 )
#( 0 3 3 15 16 4 0 )
#( 0 1 8 41 32 0 0 )
#( 0 2 14 31 36 0 0 )
#( 0 0 8 4 44 4 0 )
#( 0 4 9 10 20 10 0 )
#( 0 0 0 25 23 1 0 )
#( 0 0 1 32 22 0 0 )
#( 0 0 15 16 23 1 0 )
#( 0 1 23 10 22 5 0 )
#( 0 4 15 29 20 5 0 )
#( 0 8 28 24 2 0 0 )
#( 0 2 6 3 15 0 0 )
#( 0 10 14 4 9 0 0 )
#( 0 1 12 37 33 0 0 )
#( 0 4 19 33 32 2 0 )
#( 0 0 8 22 23 14 0 )
#( 0 4 17 12 22 4 0 )
#( 0 8 14 11 27 0 0 )
#( 0 0 17 17 28 4 0 )
#( 0 22 2 16 3 1 0 )
#( 0 29 9 19 0 0 0 )
#( 0 1 3 1 0 0 0 )
#( 0 0 48 75 16 0 0 )
#( 0 1 21 23 25 0 0 )
#( 0 0 47 77 23 0 0 )
#( 0 1 37 22 25 0 0 )
#( 0 1 19 40 29 2 0 )
#( 2 6 7 29 46 9 0 )
#( 0 0 13 37 39 5 0 )
#( 0 1 14 28 41 0 0 )
#( 0 0 14 24 52 7 0 )
#( 0 0 13 32 29 5 0 )
#( 1 14 14 23 34 9 0 )
#( 0 26 32 9 47 8 0 )
#( 0 3 2 83 27 1 0 )
#( 0 0 0 85 28 0 0 )
#( 6 46 2 42 7 0 0 )
#( 2 20 42 22 25 0 0 )
#( 0 8 56 6 37 4 0 )
#( 0 2 44 22 36 2 0 )
#( 0 5 19 25 40 1 0 )
#( 0 5 18 43 28 1 0 )
#( 0 1 44 63 19 0 0 )
#( 0 1 23 18 32 0 0 )
#( 0 4 29 32 32 0 0 )
#( 0 7 13 26 20 0 0 )
#( 0 0 40 30 20 0 0 )
#( 0 12 15 33 38 0 0 )
#( 0 1 11 58 31 0 0 )
#( 0 3 20 30 35 0 0 )
#( 0 0 31 22 47 0 0 )
#( 0 0 18 23 37 3 0 )
#( 1 14 14 38 21 2 0 )
#( 0 12 16 20 31 4 0 )
#( 2 31 30 31 31 0 0 )
#( 3 2 0 3 6 0 0 )
#( 2 6 6 37 12 0 0 )
#( 0 2 11 34 30 0 0 )
#( 0 0 36 23 41 7 0 )
#( 0 6 26 22 43 6 0 )
#( 0 2 15 40 29 1 0 )
#( 1 11 25 8 58 3 0 )
#( 3 14 23 15 33 10 0 )
#( 0 1 19 33 27 1 0 )
#( 0 32 32 26 0 0 0 )
#( 0 42 22 14 25 1 0 )
#( 0 18 54 20 16 0 0 )
#( 0 9 15 105 12 0 0 )
#( 2 18 10 109 20 0 0 )
#( 1 13 29 31 14 1 0 )
#( 2 6 10 38 19 0 0 )
#( 0 0 22 30 27 9 0 )
#( 0 4 35 15 27 14 0 )
#( 0 2 24 37 22 0 0 )
#( 1 4 16 35 31 2 0 )
#( 1 14 19 26 33 9 0 )
#( 0 11 18 29 27 13 0 )
#( 1 2 13 36 25 6 0 )
#( 0 0 9 17 3 0 0 )
#( 0 1 6 13 7 0 0 )
#( 0 0 9 17 3 0 0 )
#( 0 0 2 13 8 0 0 )
#( 0 1 4 10 13 0 0 )
#( 0 0 10 6 11 1 0 )
#( 0 0 1 10 17 1 0 )
#( 0 0 4 13 11 0 0 )
#( 0 0 9 6 15 0 0 )
#( 0 2 8 9 12 1 0 )
#( 0 1 6 9 13 0 0 )
#( 0 2 8 9 12 1 0 )
#( 0 1 12 8 10 0 0 )
#( 0 1 12 8 10 0 0 )
#( 0 1 13 5 12 1 0 )
#( 0 3 8 6 12 0 0 )
#( 0 8 8 8 8 0 0 )
#( 0 6 10 7 7 2 0 )
#( 0 8 8 4 11 1 0 )
#( 1 5 4 4 9 3 0 )
#( 0 8 8 4 11 1 0 )
#( 1 4 6 3 13 1 0 )
#( 0 0 14 9 7 0 0 )
#( 0 1 10 10 7 0 0 )
#( 0 0 7 11 8 0 0 )
#( 0 0 8 10 6 0 0 )
#( 0 0 7 12 6 0 0 )
#( 0 0 6 14 6 0 0 )
#( 0 1 9 16 4 0 0 )
#( 0 0 6 14 6 0 0 )
#( 0 1 3 10 10 0 0 )
#( 0 6 6 3 13 3 0 )
#( 1 3 10 5 12 0 0 )
#( 0 3 5 7 11 1 0 )
#( 1 4 10 6 12 0 0 )
#( 1 3 6 17 9 0 0 )
#( 0 0 10 19 17 0 0 )
#( 0 0 9 22 14 0 0 )
#( 0 0 9 24 9 0 0 )
#( 0 0 2 5 12 0 0 )
#( 0 0 0 14 8 0 0 )
#( 0 0 4 17 15 0 0 )
#( 0 0 8 25 7 0 0 )
#( 0 1 6 18 2 0 0 )
#( 0 0 8 15 4 0 0 )
#( 0 1 7 15 6 0 0 )
#( 0 0 8 15 4 0 0 )
#( 0 0 2 13 8 0 0 )
#( 0 1 3 10 13 0 0 )
#( 0 0 1 10 12 2 0 )
#( 1 2 4 8 8 3 0 )
#( 3 6 7 13 3 0 0 )
#( 0 0 14 9 9 0 0 )
#( 0 5 8 11 6 0 0 )
#( 1 6 5 8 7 0 0 )
#( 1 13 4 8 6 0 0 )
#( 0 2 12 10 9 0 0 )
#( 0 0 6 9 15 0 0 )
#( 0 0 1 4 15 1 0 )
#( 0 1 7 10 9 1 0 )
#( 0 0 3 6 12 0 0 )
#( 0 5 5 13 8 0 0 )
#( 1 12 10 8 14 1 0 )
#( 1 1 0 3 0 0 0 )
#( 0 2 6 17 30 2 0 )
#( 0 0 5 27 19 2 0 )
#( 0 0 27 11 34 3 0 )
#( 0 8 36 5 56 0 0 )
#( 0 0 17 19 22 0 0 )
#( 0 0 14 23 29 0 0 )
#( 0 6 10 41 26 0 0 )
#( 0 0 21 50 21 0 0 )
#( 0 0 24 48 26 0 0 )
#( 0 2 13 20 17 0 0 )
#( 0 9 1 11 20 0 0 )
#( 0 9 6 15 19 8 0 )
#( 0 4 20 9 42 15 0 )
#( 1 5 11 30 15 0 0 )
#( 0 2 15 34 19 0 0 )
#( 0 0 29 45 18 0 0 )
#( 0 0 34 41 27 0 0 )
#( 0 0 15 16 60 4 0 )
#( 0 2 28 12 52 3 0 )
#( 0 6 24 17 45 2 0 )
#( 0 0 4 26 26 2 0 )
#( 0 4 9 16 45 0 0 )
#( 0 1 5 43 28 10 0 )
#( 0 0 16 47 27 0 0 )
#( 0 13 18 16 25 2 0 )
#( 0 0 9 19 31 2 0 )
#( 0 0 24 40 39 10 0 )
#( 0 6 7 23 29 2 0 )
#( 0 0 13 26 9 0 0 )
#( 0 0 13 27 11 0 0 )
#( 0 2 31 24 0 0 0 )
#( 0 5 15 17 11 0 0 )
#( 0 0 5 27 30 0 0 )
#( 0 0 15 11 27 0 0 )
#( 0 0 0 27 20 0 0 )
#( 0 0 7 27 22 2 0 )
#( 0 0 7 23 24 3 0 )
#( 0 0 11 17 21 0 0 )
#( 0 0 18 23 14 0 0 )
#( 0 0 24 29 6 0 0 )
#( 0 0 13 25 10 3 0 )
#( 0 0 26 14 22 0 0 )
#( 0 1 21 22 9 0 0 )
#( 0 0 14 26 7 0 0 )
#( 0 1 25 20 10 2 0 )
#( 0 0 4 25 18 13 0 )
#( 0 0 8 19 31 6 0 )
#( 0 0 15 31 16 0 0 )
#( 0 0 24 28 6 0 0 )
#( 1 6 23 20 10 1 0 )
#( 0 2 23 34 27 5 0 )
#( 0 0 4 1 2 1 0 )
#( 0 0 3 11 21 0 0 )
#( 0 0 5 12 34 3 0 )
#( 0 0 4 12 24 0 0 )
#( 0 1 8 10 35 5 0 )
#( 0 6 7 12 12 0 0 )
#( 0 0 4 12 26 4 0 )
#( 0 10 10 22 1 0 0 )
#( 6 7 14 16 9 1 0 )
#( 1 1 11 10 27 9 0 )
#( 0 0 15 15 34 7 0 )
#( 0 0 11 16 8 0 0 )
#( 0 0 7 23 12 0 0 )
#( 0 2 10 17 7 0 0 )
#( 0 4 14 8 19 2 0 )
#( 0 0 12 37 21 7 0 )
#( 0 0 2 23 13 2 0 )
#( 0 0 12 37 21 7 0 )
#( 0 0 2 23 13 2 0 )
#( 0 2 24 14 12 0 0 )
#( 0 7 32 3 23 2 0 )
#( 0 0 18 10 13 0 0 )
#( 0 0 4 7 16 0 0 )
#( 0 0 4 14 27 0 0 )
#( 0 0 5 10 31 3 0 )
#( 0 1 5 13 24 1 0 )
#( 0 3 13 10 29 4 0 )
#( 0 0 11 8 15 1 0 )
#( 0 0 13 12 13 0 0 )
#( 2 8 6 19 0 0 0 )
#( 0 6 10 11 13 0 0 )
#( 0 0 0 42 29 0 0 )
#( 0 1 13 29 24 0 0 )
#( 0 0 5 30 37 0 0 )
#( 0 4 15 17 33 3 0 )
#( 0 4 15 17 14 0 0 )
#( 0 0 18 21 11 4 0 )
#( 0 0 4 19 21 0 0 )
#( 0 0 18 23 13 8 0 )
#( 0 1 11 18 16 0 0 )
#( 0 0 2 7 14 6 0 )
#( 0 0 2 8 23 5 0 )
#( 0 0 5 11 22 0 0 )
#( 0 24 24 34 14 0 0 )
#( 0 1 4 14 72 4 0 )
#( 0 0 4 14 27 0 0 )
#( 0 1 8 16 21 3 0 )
#( 0 3 12 18 11 1 0 )
#( 0 6 11 19 21 4 0 )
#( 6 7 13 4 22 1 0 )
#( 1 1 13 11 28 5 0 )
#( 0 0 22 17 31 2 0 )
#( 0 3 12 12 31 2 0 )
#( 0 0 5 13 18 0 0 )
#( 0 0 3 11 19 2 0 )
#( 0 1 15 9 14 5 0 )
#( 0 0 31 5 23 4 0 )
#( 0 0 37 8 18 1 0 )
#( 0 0 24 7 22 0 0 )
#( 0 0 37 8 18 1 0 )
#( 0 0 4 15 20 1 0 )
#( 0 4 24 24 14 0 0 )
#( 0 2 13 14 18 0 0 )
#( 0 0 3 12 28 0 0 )
#( 0 0 5 14 28 4 0 )
#( 0 6 8 12 19 0 0 )
#( 0 0 4 12 22 4 0 )
#( 0 7 8 14 16 3 0 )
#( 0 13 9 2 20 7 0 )
#( 0 0 0 38 23 0 0 )
#( 0 0 9 30 12 2 0 )
#( 0 0 4 33 27 3 0 )
#( 0 0 17 11 41 1 0 )
#( 0 2 12 17 22 4 0 )
#( 0 0 14 21 21 6 0 )
#( 0 0 14 30 31 1 0 )
#( 0 0 12 24 21 0 0 )
#( 0 1 7 14 13 0 0 )
#( 0 0 10 18 20 0 0 )
#( 0 0 14 20 36 2 0 )
#( 0 0 11 22 30 4 0 )
#( 0 0 6 16 47 5 0 )
#( 0 0 24 27 21 0 0 )
#( 0 1 9 29 17 0 0 )
#( 0 0 5 43 16 0 0 )
#( 0 0 20 13 14 0 0 )
#( 0 0 8 20 15 2 0 )
#( 0 0 23 10 12 0 0 )
#( 0 0 22 9 20 0 0 )
#( 0 0 14 13 38 0 0 )
#( 0 0 7 25 34 0 0 )
#( 0 0 0 38 19 2 0 )
#( 0 0 9 30 16 3 0 )
#( 0 0 9 26 36 2 0 )
#( 0 0 15 9 38 5 0 )
#( 0 2 13 19 19 3 0 )
#( 0 0 4 22 35 11 0 )
#( 0 0 0 32 38 8 0 )
#( 0 0 9 14 17 5 0 )
#( 0 0 5 5 25 2 0 )
#( 0 0 4 21 25 1 0 )
#( 0 0 2 36 36 12 0 )
#( 0 0 3 27 34 5 0 )
#( 0 0 5 29 29 16 0 )
#( 0 0 8 22 37 4 0 )
#( 0 0 0 35 24 1 0 )
#( 0 0 4 17 8 0 0 )
#( 0 5 16 18 10 0 0 )
#( 0 0 10 28 18 1 0 )
#( 0 0 9 30 5 0 0 )
#( 0 10 11 13 19 0 0 )
#( 0 3 14 21 25 0 0 )
#( 0 3 19 20 4 0 0 )
#( 0 3 37 17 16 0 0 )
#( 0 1 7 13 14 0 0 )
#( 0 1 16 18 8 0 0 )
#( 0 5 11 21 20 0 0 )
#( 0 3 37 24 5 0 0 )
#( 0 5 18 20 10 0 0 )
#( 0 0 10 28 18 1 0 )
#( 0 3 12 36 10 0 0 )
#( 0 7 11 12 23 0 0 )
#( 0 4 13 23 20 0 0 )
#( 1 8 32 25 5 0 0 )
#( 0 1 1 1 0 0 0 )
#( 0 2 10 7 20 0 0 )
#( 0 0 7 10 22 1 0 )
#( 0 14 16 7 20 0 0 )
#( 0 0 10 15 24 2 0 )
#( 0 1 8 19 33 1 0 )
#( 0 0 4 29 21 0 0 )
#( 0 0 5 28 18 6 0 )
#( 0 0 6 15 28 6 0 )
#( 0 0 11 26 9 0 0 )
#( 0 0 15 21 16 2 0 )
#( 0 0 19 13 10 12 0 )
#( 0 0 22 8 21 10 0 )
#( 0 2 13 11 29 6 0 )
#( 0 2 10 13 20 4 0 )
#( 0 0 16 10 21 0 0 )
#( 0 0 20 13 13 4 0 )
#( 0 1 13 17 9 4 0 )
#( 0 0 12 15 8 0 0 )
#( 0 1 11 11 5 0 0 )
#( 0 0 12 27 8 0 0 )
#( 0 0 3 29 12 0 0 )
#( 0 0 10 23 12 0 0 )
#( 0 0 9 23 15 0 0 )
#( 0 0 10 9 12 0 0 )
#( 0 2 9 8 20 0 0 )
#( 0 5 8 9 22 1 0 )
#( 0 9 17 10 20 0 0 )
#( 0 0 9 17 30 2 0 )
#( 0 1 5 20 29 1 0 )
#( 0 0 6 27 21 0 0 )
#( 0 0 6 26 18 6 0 )
#( 0 4 11 19 22 0 0 )
#( 0 0 8 31 12 2 0 )
#( 0 0 2 30 16 2 0 )
#( 0 0 6 26 13 8 0 )
#( 0 4 23 7 20 0 0 )
#( 0 6 20 15 23 0 0 )
#( 0 4 8 22 22 0 0 )
#( 0 0 7 13 27 3 0 )
#( 0 0 12 18 15 5 0 )
#( 0 0 29 8 14 0 0 )
#( 0 0 24 6 20 2 0 )
#( 0 5 4 10 6 0 0 )
#( 0 0 15 25 12 0 0 )
#( 0 2 13 28 11 0 0 )
#( 0 0 9 19 20 0 0 )
#( 0 2 13 28 12 0 0 )
#( 0 2 7 16 7 0 0 )
#( 0 3 6 11 9 1 0 )
#( 0 0 12 12 12 0 0 )
#( 0 1 14 12 14 0 0 )
#( 0 1 12 12 24 5 0 )
#( 0 0 4 16 10 1 0 )
#( 0 0 10 14 10 0 0 )
#( 0 2 11 11 11 0 0 )
#( 0 3 12 9 9 1 0 )
#( 0 0 5 10 14 1 0 )
#( 0 0 12 15 15 0 0 )
#( 0 0 18 19 17 4 0 )
#( 0 1 13 10 21 5 0 )
#( 0 4 8 34 6 0 0 )
#( 0 1 4 32 10 4 0 )
#( 0 6 3 26 10 10 0 )
#( 0 0 8 26 7 2 0 )
#( 2 6 13 24 13 1 0 )
#( 0 12 12 12 16 0 0 )
#( 0 0 3 28 9 2 0 )
#( 0 0 7 14 16 2 0 )
#( 0 0 6 18 18 0 0 )
#( 0 5 6 32 6 2 0 )
#( 0 4 4 36 8 0 0 )
#( 0 1 13 25 15 3 0 )
#( 0 4 9 27 4 0 0 )
#( 0 1 2 1 0 0 0 )
#( 0 0 4 21 17 0 0 )
#( 0 1 12 13 28 2 0 )
#( 0 0 4 4 18 0 0 )
#( 0 1 6 11 21 0 0 )
#( 0 1 5 20 17 0 0 )
#( 0 0 17 8 17 2 0 )
#( 0 2 15 8 6 1 0 )
#( 0 11 20 13 15 2 0 )
#( 0 8 10 8 10 4 0 )
#( 0 0 16 12 27 5 0 )
#( 0 0 6 19 23 0 0 )
#( 0 0 4 22 22 0 0 )
#( 0 0 11 21 22 0 0 )
#( 0 1 13 10 25 3 0 )
#( 0 2 22 3 17 15 0 )
#( 0 2 14 7 10 2 0 )
#( 0 11 20 13 15 2 0 )
#( 0 7 5 16 9 0 0 )
#( 0 0 8 19 23 2 0 )
#( 0 1 8 4 23 0 0 )
#( 0 0 6 9 24 0 0 )
#( 0 2 6 13 18 0 0 )
#( 0 0 8 20 19 1 0 )
#( 0 1 20 5 8 1 0 )
#( 0 8 16 11 13 2 0 )
#( 0 11 20 13 15 2 0 )
#( 0 4 18 2 9 4 0 )
#( 0 8 20 0 15 16 0 )
#( 0 6 22 0 10 9 0 )
#( 0 4 14 12 19 9 0 )
#( 0 0 8 24 4 16 0 )
#( 0 3 22 4 9 9 0 )
#( 0 8 20 1 20 8 0 )
#( 0 6 23 6 12 4 0 )
#( 0 1 3 1 3 0 0 )
#( 0 0 15 13 5 0 0 )
#( 0 3 5 9 3 0 0 )
#( 0 5 5 15 5 1 0 )
#( 0 0 3 24 19 3 0 )
#( 0 0 3 21 13 1 0 )
#( 0 2 18 8 11 0 0 )
#( 0 2 16 9 27 0 0 )
#( 0 2 18 9 25 1 0 )
#( 0 2 22 4 23 2 0 )
#( 0 6 16 3 19 0 0 )
#( 0 0 7 10 13 0 0 )
#( 0 0 6 10 22 0 0 )
#( 0 0 7 21 22 0 0 )
#( 0 0 6 19 16 0 0 )
#( 0 3 9 33 0 0 0 )
#( 2 5 9 35 0 0 0 )
#( 1 1 15 32 0 0 0 )
#( 0 0 18 31 0 0 0 )
#( 0 8 6 20 5 0 0 )
#( 0 0 5 18 14 0 0 )
#( 0 4 12 5 26 0 0 )
#( 0 3 30 18 13 1 0 )
#( 0 3 22 6 16 3 0 )
#( 0 1 7 7 10 1 0 )
#( 0 0 6 8 10 0 0 )
#( 0 1 8 16 1 0 0 )
#( 0 6 8 10 0 0 0 )
#( 0 2 8 31 0 0 0 )
#( 3 7 5 37 4 0 0 )
#( 1 5 7 31 16 0 0 )
#( 1 4 4 17 30 0 0 )
#( 0 0 14 28 0 0 0 )
#( 0 0 9 18 9 0 0 )
#( 0 0 15 13 5 0 0 )
#( 0 3 5 9 3 0 0 )
#( 0 5 5 15 5 1 0 )
#( 0 0 3 24 19 3 0 )
#( 0 0 3 21 13 1 0 )
#( 0 2 18 8 11 0 0 )
#( 0 2 16 9 27 0 0 )
#( 0 2 18 10 24 0 0 )
#( 0 2 18 14 19 0 0 )
#( 0 2 22 14 15 0 0 )
#( 0 1 15 11 15 2 0 )
#( 0 4 8 17 1 0 0 )
#( 0 1 11 19 7 0 0 )
#( 0 0 16 17 25 2 0 )
#( 0 0 1 19 17 7 0 )
#( 0 1 8 20 16 0 0 )
#( 0 5 7 24 15 0 0 )
#( 0 1 4 42 2 0 0 )
#( 0 0 8 35 6 0 0 )
#( 0 1 8 23 6 1 0 )
#( 0 0 0 19 10 8 0 )
#( 0 2 8 9 24 4 0 )
#( 0 20 21 11 13 0 0 )
#( 0 9 17 10 7 6 0 )
#( 0 1 2 3 2 0 0 )
#( 0 0 37 29 38 0 0 )
#( 0 1 47 26 26 3 0 )
#( 0 0 36 62 24 0 0 )
#( 0 0 34 52 38 0 0 )
#( 0 0 35 32 53 8 0 )
#( 0 0 37 29 43 0 0 )
#( 0 1 46 40 35 3 0 )
#( 0 0 14 63 53 2 0 )
#( 0 1 18 73 54 2 0 )
#( 0 2 28 58 39 0 0 )
#( 0 2 9 17 27 5 0 )
#( 0 2 5 16 27 5 0 )
#( 0 0 9 28 18 0 0 )
#( 0 1 19 30 3 0 0 )
#( 0 0 23 34 2 0 0 )
#( 0 3 19 20 7 0 0 )
#( 0 3 11 20 4 0 0 )
#( 0 0 13 19 13 0 0 )
#( 0 2 17 20 3 0 0 )
#( 0 4 16 15 18 0 0 )
#( 0 1 1 17 26 0 0 )
#( 0 2 7 6 41 7 0 )
#( 0 0 5 22 15 0 0 )
#( 0 0 3 20 14 2 0 )
#( 0 0 7 17 13 0 0 )
#( 0 0 10 15 9 5 0 )
#( 0 0 6 10 43 3 0 )
#( 0 2 14 13 8 0 0 )
#( 0 0 7 11 37 2 0 )
#( 0 2 12 16 13 1 0 )
#( 0 0 10 11 21 1 0 )
#( 0 5 21 21 15 1 0 )
#( 0 3 7 10 23 2 0 )
#( 0 0 20 26 21 0 0 )
#( 0 0 14 15 30 1 0 )
#( 0 0 10 18 28 4 0 )
#( 0 0 11 26 23 0 0 )
#( 0 0 8 18 23 3 0 )
#( 0 0 18 6 15 0 0 )
#( 0 3 16 14 13 0 0 )
#( 0 8 13 26 17 0 0 )
#( 2 5 11 14 2 0 0 )
#( 0 4 8 5 16 3 0 )
#( 0 2 6 4 14 5 0 )
#( 0 0 4 32 13 0 0 )
#( 0 3 5 6 33 3 0 )
#( 0 5 19 16 6 5 0 )
#( 0 0 7 27 27 0 0 )
#( 0 2 8 14 25 5 0 )
#( 0 1 8 24 16 0 0 )
#( 0 0 23 36 1 0 0 )
#( 0 0 24 32 3 0 0 )
#( 0 2 10 6 12 3 0 )
#( 0 0 9 6 33 4 0 )
#( 0 1 2 10 41 6 0 )
#( 0 7 10 16 27 3 0 )
#( 0 0 17 18 5 0 0 )
#( 0 0 17 13 6 0 0 )
#( 0 0 19 14 14 5 0 )
#( 0 2 21 5 17 4 0 )
#( 0 0 5 14 23 19 0 )
#( 0 0 11 12 10 4 0 )
#( 0 0 8 18 24 7 0 )
#( 0 0 5 14 19 12 0 )
#( 0 0 9 10 9 13 0 )
#( 0 0 8 28 21 7 0 )
#( 0 4 8 6 7 4 0 )
#( 0 4 11 11 2 2 0 )
#( 0 0 8 22 10 0 0 )
#( 0 3 13 14 12 0 0 )
#( 0 0 23 29 2 0 0 )
#( 0 2 4 2 0 0 0 )
#( 0 0 4 23 17 0 0 )
#( 0 0 2 33 30 0 0 )
#( 0 3 14 13 16 10 0 )
#( 0 0 21 22 25 6 0 )
#( 0 0 8 16 40 4 0 )
#( 0 2 2 25 35 5 0 )
#( 0 2 7 24 12 0 0 )
#( 0 7 12 23 8 0 0 )
#( 0 2 8 22 23 0 0 )
#( 0 2 22 29 28 0 0 )
#( 0 0 28 27 22 5 0 )
#( 0 0 6 16 20 4 0 )
#( 0 1 16 32 17 3 0 )
#( 0 0 17 31 35 6 0 )
#( 0 2 35 13 22 10 0 )
#( 0 2 19 22 16 3 0 )
#( 0 10 9 13 13 0 0 )
#( 0 1 17 20 21 3 0 )
#( 0 0 26 44 23 5 0 )
#( 0 0 22 42 32 15 0 )
#( 0 0 18 22 30 15 0 )
#( 0 0 20 18 24 0 0 )
#( 0 0 0 20 32 16 0 )
#( 0 0 2 12 37 15 0 )
#( 0 0 4 33 21 0 0 )
#( 0 0 4 19 32 10 0 )
#( 0 7 20 18 16 0 0 )
#( 0 2 8 12 21 2 0 )
#( 0 0 4 39 28 0 0 )
#( 1 1 13 32 25 0 0 )
#( 1 2 16 26 0 0 0 )
#( 0 9 17 26 0 0 0 )
#( 0 1 2 17 28 0 0 )
#( 0 0 11 25 30 8 0 )
#( 0 0 8 66 27 11 0 )
#( 0 0 13 6 16 10 0 )
#( 0 0 0 10 25 9 0 )
#( 0 0 7 33 20 4 0 )
#( 0 3 23 37 16 0 0 )
#( 0 0 9 35 36 9 0 )
#( 0 0 21 30 21 14 0 )
#( 0 1 12 10 15 0 0 )
#( 0 4 10 37 2 0 0 )
#( 0 3 19 33 11 0 0 )
#( 0 0 42 18 28 0 0 )
#( 0 1 11 25 16 0 0 )
#( 0 3 23 14 30 0 0 )
#( 0 0 18 36 33 2 0 )
#( 0 0 19 30 37 2 0 )
#( 0 2 14 36 7 1 0 )
#( 0 4 3 11 18 0 0 )
#( 0 11 0 16 14 0 0 )
#( 0 1 17 30 19 0 0 )
#( 0 4 37 22 22 0 0 )
#( 0 1 16 24 22 1 0 )
#( 0 5 14 43 19 0 0 )
#( 0 1 39 24 17 0 0 )
#( 0 0 28 20 29 2 0 )
#( 0 3 9 26 37 0 0 )
#( 0 7 33 34 15 0 0 )
#( 0 5 20 40 22 3 0 )
#( 0 1 8 32 24 10 0 )
#( 0 3 7 21 4 0 0 )
#( 0 0 8 13 18 0 0 )
#( 0 0 4 23 11 0 0 )
#( 0 0 13 18 22 0 0 )
#( 0 1 11 25 22 0 0 )
#( 0 2 7 10 19 0 0 )
#( 0 0 10 20 27 1 0 )
#( 0 0 16 16 27 0 0 )
#( 0 0 5 16 44 7 0 )
#( 1 1 23 17 25 1 0 )
#( 0 0 16 6 22 6 0 )
#( 0 0 8 13 18 0 0 )
#( 0 0 4 23 11 0 0 )
#( 0 0 13 18 22 0 0 )
#( 0 1 11 25 22 0 0 )
#( 0 2 7 10 19 0 0 )
#( 0 0 16 6 17 0 0 )
#( 0 0 12 16 17 4 0 )
#( 0 0 18 6 30 2 0 )
#( 0 4 29 4 5 0 0 )
#( 0 2 22 15 3 0 0 )
#( 0 2 5 27 11 0 0 )
#( 0 0 19 9 22 0 0 )
#( 0 0 5 14 15 0 0 )
#( 0 0 2 18 18 0 0 )
#( 0 0 9 16 20 0 0 )
#( 0 0 10 5 22 2 0 )
#( 0 0 14 22 20 0 0 )
#( 0 0 8 19 15 0 0 )
#( 0 0 8 13 20 0 0 )
#( 0 0 6 26 9 0 0 )
#( 0 0 13 20 24 0 0 )
#( 0 1 11 18 23 0 0 )
#( 0 5 9 15 15 0 0 )
#( 3 5 7 21 20 0 0 )
#( 0 1 9 5 37 0 0 )
#( 0 0 11 18 35 1 0 )
#( 0 0 17 20 37 10 0 )
#( 0 0 25 21 10 3 0 )
#( 0 1 12 19 39 9 0 )
#( 1 6 12 35 16 6 0 )
#( 0 0 11 23 22 2 0 )
#( 0 4 17 13 29 6 0 )
#( 0 14 14 8 35 13 0 )
#( 0 0 12 28 16 0 0 )
#( 0 0 16 7 18 3 0 )
#( 0 0 10 11 20 6 0 )
#( 0 0 25 9 19 0 0 )
#( 0 14 16 13 54 6 0 )
#( 0 2 27 8 26 2 0 )
#( 1 7 19 19 54 22 0 )
#( 0 0 8 14 18 0 0 )
#( 0 5 18 9 32 0 0 )
#( 0 0 17 9 45 0 0 )
#( 0 0 16 21 13 6 0 )
#( 0 0 13 17 24 0 0 )
#( 0 0 12 22 19 0 0 )
#( 1 3 3 2 12 0 0 )
#( 0 3 5 19 11 0 0 )
#( 2 5 5 19 8 0 0 )
#( 0 16 16 8 14 0 0 )
#( 1 10 21 6 25 1 0 )
#( 0 1 3 4 19 4 0 )
#( 1 5 19 19 18 1 0 )
#( 0 1 31 17 9 0 0 )
#( 0 0 6 12 16 0 0 )
#( 0 0 3 15 23 0 0 )
#( 0 0 9 32 7 0 0 )
#( 0 0 8 35 4 0 0 )
#( 0 0 4 8 18 3 0 )
#( 1 7 23 12 5 0 0 )
#( 0 5 8 10 5 2 0 )
#( 0 0 4 19 23 0 0 )
#( 0 0 19 13 28 3 0 )
#( 0 1 5 12 32 7 0 )
#( 0 3 13 22 8 0 0 )
#( 0 3 8 11 11 0 0 )
#( 1 4 12 26 17 3 0 )
#( 0 0 29 23 7 1 0 )
#( 0 3 21 11 21 7 0 )
#( 0 0 33 16 6 3 0 )
#( 0 5 12 6 9 2 0 )
#( 2 5 9 6 1 0 0 )
#( 2 3 5 17 11 0 0 )
#( 0 6 6 20 9 0 0 )
#( 0 14 18 8 17 0 0 )
#( 1 8 17 4 26 3 0 )
#( 1 5 4 7 16 3 0 )
#( 0 0 7 24 14 0 0 )
#( 0 0 13 8 19 0 0 )
#( 0 0 2 17 18 0 0 )
#( 0 1 10 30 9 0 0 )
#( 0 0 13 30 4 7 0 )
#( 0 0 9 9 19 1 0 )
#( 0 11 17 13 8 0 0 )
#( 1 12 16 10 9 1 0 )
#( 0 0 3 19 24 0 0 )
#( 0 1 18 14 24 2 0 )
#( 0 1 14 12 34 1 0 )
#( 0 5 9 14 24 0 0 )
#( 3 7 7 4 6 6 0 )
#( 0 2 18 19 23 3 0 )
#( 0 7 16 16 9 0 0 )
#( 3 16 22 3 0 0 0 )
#( 0 3 1 0 0 0 0 )
#( 0 0 1 6 9 0 0 )
#( 0 0 0 11 12 1 0 )
#( 0 1 6 11 3 0 0 )
#( 0 2 9 13 3 0 0 )
#( 0 0 13 22 15 0 0 )
#( 0 2 8 11 15 1 0 )
#( 0 1 1 3 2 2 0 )
#( 0 1 9 22 7 0 0 )
#( 0 1 12 23 15 0 0 )
#( 0 2 4 2 9 3 0 )
#( 0 1 4 17 1 0 0 )
#( 1 1 16 4 0 0 0 )
#( 0 0 24 4 5 0 0 )
#( 0 0 24 2 14 0 0 )
#( 0 1 14 9 11 0 0 )
#( 1 2 11 9 4 0 0 )
#( 3 13 5 1 0 0 0 )
#( 1 2 1 5 7 3 0 )
#( 0 0 14 3 14 0 0 )
#( 0 1 13 1 13 8 0 )
#( 0 0 14 13 10 0 0 )
#( 0 2 13 13 8 0 0 )
#( 0 3 17 10 0 0 0 )
#( 9 12 5 4 2 0 0 )
#( 3 9 9 6 2 0 0 )
#( 0 1 8 5 7 2 0 )
#( 0 0 1 8 11 0 0 )
#( 0 0 0 12 12 1 0 )
#( 0 2 7 10 1 0 0 )
#( 0 1 10 12 6 0 0 )
#( 0 0 14 28 16 0 0 )
#( 0 3 6 4 11 3 0 )
#( 0 0 1 10 1 0 0 )
#( 0 1 11 22 12 0 0 )
#( 0 2 11 17 13 0 0 )
#( 0 3 5 5 9 3 0 )
#( 0 1 6 1 3 0 0 )
#( 0 0 10 2 5 1 0 )
#( 0 2 8 5 7 3 0 )
#( 0 0 6 3 1 0 0 )
#( 0 0 8 4 4 3 0 )
#( 0 0 10 8 3 0 0 )
#( 0 0 24 6 3 0 0 )
#( 0 0 24 2 14 0 0 )
#( 0 5 16 6 8 0 0 )
#( 1 4 13 8 4 0 0 )
#( 3 8 5 4 1 0 0 )
#( 9 5 4 3 2 1 0 )
#( 0 6 9 6 11 1 0 )
#( 0 4 15 5 16 0 0 )
#( 0 3 6 2 17 4 0 )
#( 0 4 16 20 1 0 0 )
#( 0 7 12 16 2 0 0 )
#( 0 0 4 7 10 1 0 )
#( 0 0 5 13 5 4 0 )
#( 0 0 1 6 14 0 0 )
#( 0 0 0 11 12 1 0 )
#( 0 0 9 7 3 0 0 )
#( 0 3 5 6 0 0 0 )
#( 0 0 3 9 0 0 0 )
#( 0 0 6 2 5 0 0 )
#( 0 1 5 5 4 0 0 )
#( 0 1 13 22 15 0 0 )
#( 0 2 8 11 15 1 0 )
#( 0 1 1 3 2 2 0 )
#( 0 1 9 22 7 0 0 )
#( 0 1 12 23 15 0 0 )
#( 0 2 4 2 9 3 0 )
#( 0 3 6 5 6 0 0 )
#( 0 0 10 2 5 0 0 )
#( 0 0 11 4 0 3 0 )
#( 0 0 5 11 5 1 0 )
#( 0 0 18 13 1 0 0 )
#( 0 0 18 6 5 1 0 )
#( 0 0 18 6 4 0 0 )
#( 0 0 4 13 9 2 0 )
#( 4 0 0 12 12 0 0 )
#( 1 1 0 23 9 1 0 )
#( 0 8 1 26 4 0 0 )
#( 4 5 4 10 6 1 0 )
#( 0 0 1 32 13 1 0 )
#( 0 0 9 34 32 0 0 )
#( 0 8 17 11 32 1 0 )
#( 0 0 21 43 15 2 0 )
#( 0 0 11 28 24 4 0 )
#( 0 0 4 56 22 4 0 )
#( 0 2 6 27 27 2 0 )
#( 0 6 14 17 25 6 0 )
#( 0 2 17 28 22 0 0 )
#( 0 0 14 18 26 6 0 )
#( 0 0 4 22 23 4 0 )
#( 0 0 5 12 47 5 0 )
#( 0 0 31 21 21 0 0 )
#( 0 6 30 10 34 1 0 )
#( 0 2 1 52 11 0 0 )
#( 0 0 10 45 19 0 0 )
#( 0 0 8 40 23 6 0 )
#( 0 1 17 38 23 5 0 )
#( 0 1 4 2 3 1 0 )
#( 0 0 21 33 12 0 0 )
#( 0 1 19 20 19 0 0 )
#( 0 0 21 40 23 0 0 )
#( 0 1 24 35 13 0 0 )
#( 0 0 1 47 24 0 0 )
#( 0 0 11 29 39 0 0 )
#( 0 0 21 40 23 0 0 )
#( 0 1 24 35 13 0 0 )
#( 0 0 23 38 11 0 0 )
#( 0 0 16 31 29 1 0 )
#( 0 0 37 12 22 0 0 )
#( 0 3 33 22 15 4 0 )
#( 0 0 21 33 12 0 0 )
#( 0 1 19 20 19 0 0 )
#( 0 0 21 40 23 0 0 )
#( 0 1 24 38 18 0 0 )
#( 0 0 12 42 19 0 0 )
#( 0 4 33 20 13 0 0 )
#( 0 1 6 12 3 0 0 )
#( 0 0 12 5 21 0 0 )
#( 0 0 14 9 22 0 0 )
#( 0 1 9 14 17 3 0 )
#( 0 0 10 11 23 5 0 )
#( 0 3 9 7 16 0 0 )
#( 0 0 10 3 20 0 0 )
#( 0 0 13 8 22 0 0 )
#( 0 0 9 12 17 2 0 )
#( 0 0 0 24 23 0 0 )
#( 0 0 11 20 21 1 0 )
#( 0 0 6 22 14 0 0 )
#( 0 1 11 14 13 11 0 )
#( 0 0 14 31 5 0 0 )
#( 0 0 12 13 19 0 0 )
#( 0 0 13 8 22 0 0 )
#( 0 0 18 14 22 2 0 )
#( 0 0 16 20 24 2 0 )
#( 0 1 13 25 25 0 0 )
#( 0 6 6 5 18 1 0 )
#( 0 0 5 7 4 0 0 )
#( 0 0 3 17 14 0 0 )
#( 0 0 6 23 6 0 0 )
#( 0 0 8 14 10 0 0 )
#( 0 0 9 13 6 0 0 )
#( 0 2 16 13 4 0 0 )
#( 0 0 28 10 6 0 0 )
#( 0 0 22 9 10 1 0 )
#( 0 0 8 15 23 0 0 )
#( 0 1 3 14 28 1 0 )
#( 0 1 5 1 4 7 0 )
#( 0 0 5 2 13 1 0 )
#( 0 0 0 12 24 4 0 )
#( 0 0 1 15 23 4 0 )
#( 0 0 11 20 34 0 0 )
#( 0 2 15 13 31 4 0 )
#( 0 1 31 14 15 3 0 )
#( 0 0 5 19 11 5 0 )
#( 0 0 1 22 13 9 0 )
#( 0 4 8 12 13 3 0 )
#( 0 0 28 13 3 0 0 )
#( 0 0 25 16 3 0 0 )
#( 0 0 7 23 10 2 0 )
#( 0 0 1 18 26 1 0 )
#( 0 1 3 12 29 2 0 )
#( 0 1 5 1 3 8 0 )
#( 0 1 5 2 13 0 0 )
#( 0 0 11 3 4 0 0 )
#( 0 2 11 2 6 0 0 )
#( 0 0 3 14 22 0 0 )
#( 0 0 4 16 19 1 0 )
#( 0 1 12 17 7 0 0 )
#( 0 1 7 15 10 0 0 )
#( 0 0 5 7 4 0 0 )
#( 0 0 3 17 14 0 0 )
#( 0 0 6 23 6 0 0 )
#( 0 0 8 14 10 0 0 )
#( 0 0 9 13 6 0 0 )
#( 0 2 16 13 4 0 0 )
#( 0 0 28 10 6 0 0 )
#( 0 0 9 22 10 1 0 )
#( 0 0 0 7 38 5 0 )
#( 0 1 6 6 9 4 0 )
#( 0 1 4 6 10 0 0 )
#( 0 0 2 19 13 0 0 )
#( 0 0 1 31 9 0 0 )
#( 0 3 10 32 10 0 0 )
#( 0 1 6 9 43 5 0 )
#( 0 0 9 23 19 15 0 )
#( 0 0 13 27 8 1 0 )
#( 0 0 14 15 12 0 0 )
#( 0 3 11 20 20 0 0 )
#( 1 1 1 0 3 0 0 )
#( 0 6 13 34 24 1 0 )
#( 0 0 7 21 32 4 0 )
#( 0 6 13 34 24 1 0 )
#( 0 2 20 40 44 0 0 )
#( 0 0 15 66 35 2 0 )
#( 0 2 18 31 53 1 0 )
#( 0 0 0 62 29 0 0 )
#( 0 6 13 34 24 1 0 )
#( 0 0 19 46 38 1 0 )
#( 0 0 15 69 24 2 0 )
#( 0 0 8 42 23 4 0 )
#( 0 6 13 34 24 1 0 )
#( 0 0 27 30 39 1 0 )
#( 1 9 21 27 18 0 0 )
#( 0 0 6 24 14 0 0 )
#( 0 0 9 21 26 0 0 )
#( 0 0 14 20 17 2 0 )
#( 0 0 2 18 33 6 0 )
#( 0 0 11 26 22 0 0 )
#( 0 0 4 20 16 0 0 )
#( 0 4 16 23 27 0 0 )
#( 0 0 2 23 32 15 0 )
#( 0 4 19 14 28 0 0 )
#( 0 4 15 26 23 0 0 )
#( 0 0 10 27 34 0 0 )
#( 0 0 7 17 17 0 0 )
#( 0 1 18 17 16 0 0 )
#( 0 7 14 39 9 0 0 )
#( 0 0 12 23 16 1 0 )
#( 0 0 3 20 21 10 0 )
#( 0 0 4 22 34 4 0 )
#( 0 0 11 26 22 0 0 )
#( 0 4 14 19 28 0 0 )
#( 0 9 17 8 30 4 0 )
#( 0 6 13 13 27 4 0 )
#( 0 2 17 10 23 7 0 )
#( 0 4 16 9 23 0 0 )
#( 0 2 1 5 1 0 0 )
#( 0 2 11 14 9 0 0 )
#( 0 2 13 15 11 0 0 )
#( 0 2 8 10 24 6 0 )
#( 0 2 11 11 18 4 0 )
#( 0 0 0 24 31 4 0 )
#( 0 0 0 20 48 0 0 )
#( 0 2 11 30 25 2 0 )
#( 0 0 10 32 24 5 0 )
#( 0 1 24 40 3 0 0 )
#( 0 0 13 41 15 0 0 )
#( 0 3 16 17 11 0 0 )
#( 0 1 9 19 21 0 0 )
#( 0 0 3 20 22 0 0 )
#( 0 0 11 23 21 3 0 )
#( 0 0 7 14 10 2 0 )
#( 0 0 8 12 10 4 0 )
#( 0 0 5 19 20 7 0 )
#( 0 0 7 15 31 10 0 )
#( 0 0 0 22 28 1 0 )
#( 0 0 6 21 21 6 0 )
#( 0 0 14 15 25 6 0 )
#( 0 0 4 9 17 2 0 )
#( 0 0 5 16 13 0 0 )
#( 0 0 8 17 9 0 0 )
#( 0 1 5 16 23 0 0 )
#( 0 2 13 20 11 0 0 )
#( 0 2 10 17 11 0 0 )
#( 0 4 13 18 14 6 0 )
#( 0 3 15 19 22 5 0 )
#( 0 0 1 25 33 7 0 )
#( 0 2 11 29 17 0 0 )
#( 0 8 11 19 0 0 0 )
#( 0 7 13 13 13 0 0 )
#( 0 0 5 18 25 0 0 )
#( 0 0 5 15 25 0 0 )
#( 0 1 23 35 13 0 0 )
#( 0 0 2 47 20 1 0 )
#( 0 0 2 26 44 3 0 )
#( 0 0 8 16 20 8 0 )
#( 0 0 4 20 42 0 0 )
#( 0 0 0 10 5 0 0 )
#( 0 0 4 27 24 0 0 )
#( 0 1 6 22 26 1 0 )
#( 0 0 28 16 48 6 0 )
#( 0 0 5 31 19 0 0 )
#( 0 0 7 56 29 0 0 )
#( 0 0 6 66 42 5 0 )
#( 0 0 12 50 42 6 0 )
#( 0 0 12 41 55 3 0 )
#( 0 0 7 56 29 0 0 )
#( 0 0 15 66 40 2 0 )
#( 0 4 14 20 49 4 0 )
#( 0 0 4 29 24 0 0 )
#( 0 1 13 22 30 1 0 )
#( 0 0 21 16 44 6 0 )
#( 0 2 24 40 27 2 0 )
#( 0 2 28 39 30 2 0 )
#( 0 3 7 18 19 3 0 )
#( 0 0 0 24 16 0 0 )
#( 0 0 2 20 17 0 0 )
#( 0 12 27 9 16 0 0 )
#( 0 0 16 10 30 4 0 )
#( 0 0 32 9 20 3 0 )
#( 1 11 14 18 24 1 0 )
#( 0 1 13 2 4 1 0 )
#( 0 0 1 7 20 5 0 )
#( 0 0 2 16 18 0 0 )
#( 0 0 5 16 19 6 0 )
#( 0 0 2 11 35 9 0 )
#( 0 0 0 28 30 10 0 )
#( 0 0 4 18 22 2 0 )
#( 0 0 4 23 22 6 0 )
#( 0 3 14 24 13 1 0 )
#( 0 2 6 11 24 8 0 )
#( 0 0 0 24 16 0 0 )
#( 0 0 2 20 17 0 0 )
#( 0 12 27 9 16 0 0 )
#( 0 0 16 10 30 4 0 )
#( 0 0 32 9 20 3 0 )
#( 0 0 0 22 40 4 0 )
#( 0 5 10 27 24 4 0 )
#( 0 0 6 7 15 4 0 )
#( 0 0 8 9 24 3 0 )
#( 0 0 8 16 17 5 0 )
#( 0 0 4 25 16 1 0 )
#( 0 8 22 9 24 1 0 )
#( 1 9 11 5 22 2 0 )
#( 0 0 0 17 7 0 0 )
#( 0 0 2 23 10 0 0 )
#( 0 3 14 13 7 0 0 )
#( 0 1 5 21 21 0 0 )
#( 0 0 6 24 31 0 0 )
#( 0 1 15 29 21 2 0 )
#( 0 0 15 23 5 0 0 )
#( 0 0 10 22 23 0 0 )
#( 0 8 10 15 18 5 0 )
#( 0 0 7 11 33 5 0 )
#( 0 0 7 20 30 4 0 )
#( 0 2 2 15 23 6 0 )
#( 0 0 0 22 20 0 0 )
#( 0 0 17 19 13 0 0 )
#( 0 12 15 5 25 3 0 )
#( 0 0 8 14 40 4 0 )
#( 0 0 7 21 31 4 0 )
#( 0 0 7 36 11 0 0 )
#( 0 0 1 1 1 0 0 )
