1635
;
#(0.9375 0.5 1.0 0.0625 0.5 0.0 R )
#(0.8125 1.0 1.0 0.1875 0.0 0.0 L )
#(0.7188 0.6563 0.9688 0.2813 0.3438 0.0313 R )
#(0.9375 0.5938 0.9375 0.0625 0.4063 0.0625 R )
#(1.0 0.7188 1.0 0.0 0.2813 0.0 R )
#(0.9688 0.8125 1.0 0.0313 0.1875 0.0 R )
#(0.8125 0.875 1.0 0.1875 0.125 0.0 L )
#(1.0 0.6563 1.0 0.0 0.3438 0.0 R )
#(1.0 0.6563 1.0 0.0 0.3438 0.0 R )
#(0.8438 0.375 0.9063 0.1563 0.625 0.0938 R )
#(0.875 0.375 1.0 0.125 0.625 0.0 R )
#(0.875 0.9063 1.0 0.125 0.0938 0.0 L )
#(0.9063 0.875 1.0 0.0938 0.125 0.0 R )
#(1.0 0.7344 1.0 0.0 0.2656 0.0 R )
#(0.9375 0.3438 1.0 0.0625 0.6563 0.0 R )
#(0.8438 0.9063 1.0 0.1563 0.0938 0.0 L )
#(0.9063 0.9375 1.0 0.0938 0.0625 0.0 L )
#(0.9375 0.3906 0.9375 0.0625 0.6094 0.0625 R )
#(0.9688 0.8594 1.0 0.0313 0.1406 0.0 R )
#(0.9688 0.875 1.0 0.0313 0.125 0.0 R )
#(0.7188 0.625 1.0 0.2813 0.375 0.0 R )
#(0.9219 0.875 0.9844 0.0781 0.125 0.0156 R )
#(0.875 0.625 1.0 0.125 0.375 0.0 R )
#(1.0 0.6875 1.0 0.0 0.3125 0.0 R )
#(0.5469 0.625 0.9375 0.4531 0.375 0.0625 L )
#(0.7292 0.75 0.7708 0.0417 0.0208 0.0 L )
#(0.9306 0.75 1.0 0.0694 0.25 0.0 R )
#(1.0 0.7778 1.0 0.0 0.2222 0.0 R )
#(0.9722 0.7361 1.0 0.0278 0.2639 0.0 R )
#(0.6667 0.9722 1.0 0.3333 0.0278 0.0 L )
#(0.6111 0.8611 1.0 0.3889 0.1389 0.0 L )
#(0.7222 0.9167 1.0 0.2778 0.0833 0.0 L )
#(0.6667 0.7083 0.7292 0.0833 0.0417 0.0208 L )
#(0.8958 1.0 1.0 0.1042 0.0 0.0 L )
#(0.9097 0.9722 1.0 0.0903 0.0278 0.0 L )
#(0.9444 0.3889 1.0 0.0556 0.6111 0.0 R )
#(0.8958 1.0 1.0 0.1042 0.0 0.0 L )
#(0.5694 0.7778 1.0 0.4306 0.2222 0.0 L )
#(0.9722 0.75 1.0 0.0278 0.25 0.0 R )
#(0.75 0.9306 1.0 0.25 0.0694 0.0 L )
#(0.9167 0.9167 1.0 0.0833 0.0833 0.0 R )
#(0.4722 0.8056 1.0 0.5278 0.1944 0.0 L )
#(0.8889 0.7222 1.0 0.1111 0.2778 0.0 R )
#(0.9028 0.9028 0.9583 0.0764 0.0764 0.0208 B )
#(0.8125 0.625 0.8125 0.0 0.1875 0.0 R )
#(1.0 0.875 1.0 0.0 0.125 0.0 R )
#(0.9375 0.875 1.0 0.0625 0.125 0.0 R )
#(1.0 0.625 1.0 0.0 0.375 0.0 R )
#(0.9375 1.0 1.0 0.0625 0.0 0.0 L )
#(0.875 0.625 0.9375 0.125 0.375 0.0625 R )
#(1.0 0.375 1.0 0.0 0.625 0.0 R )
#(0.75 0.8125 1.0 0.25 0.1875 0.0 L )
#(0.5625 0.9375 1.0 0.4375 0.0625 0.0 L )
#(0.75 1.0 1.0 0.25 0.0 0.0 L )
#(0.875 1.0 1.0 0.125 0.0 0.0 L )
#(0.9375 0.875 1.0 0.0625 0.125 0.0 R )
#(0.9375 0.8125 0.9375 0.0625 0.1875 0.0625 R )
#(0.9375 0.9375 0.9375 0.0625 0.0625 0.0625 B )
#(0.6875 0.3125 0.6875 0.0625 0.4375 0.0625 R )
#(1.0 0.625 1.0 0.0 0.375 0.0 R )
#(0.375 1.0 1.0 0.625 0.0 0.0 L )
#(0.5625 0.875 1.0 0.4375 0.125 0.0 L )
#(0.9375 0.9375 1.0 0.0625 0.0625 0.0 B )
#(0.9375 0.75 0.9375 0.0625 0.25 0.0625 R )
#(1.0 0.9375 1.0 0.0 0.0625 0.0 R )
#(1.0 0.9375 1.0 0.0 0.0625 0.0 R )
#(1.0 0.875 1.0 0.0 0.125 0.0 R )
#(0.875 1.0 1.0 0.125 0.0 0.0 L )
#(0.9375 0.75 1.0 0.0625 0.25 0.0 R )
#(1.0 0.5 1.0 0.0 0.5 0.0 R )
#(0.875 1.0 1.0 0.125 0.0 0.0 L )
#(0.9375 0.5625 0.9375 0.0625 0.4375 0.0625 R )
#(0.9375 0.375 1.0 0.0625 0.625 0.0 R )
#(0.6875 0.8125 1.0 0.3125 0.1875 0.0 L )
#(0.6875 1.0 1.0 0.3125 0.0 0.0 L )
#(0.6875 1.0 1.0 0.3125 0.0 0.0 L )
#(0.875 1.0 1.0 0.125 0.0 0.0 L )
#(0.75 0.8125 1.0 0.25 0.1875 0.0 L )
#(0.8125 0.0 0.8125 0.1875 1.0 0.1875 R )
#(0.4375 0.8125 1.0 0.5625 0.1875 0.0 L )
#(0.5625 1.0 1.0 0.4375 0.0 0.0 L )
#(0.9375 0.8125 0.9375 0.0625 0.1875 0.0625 R )
#(0.9375 0.8125 0.9375 0.0625 0.1875 0.0625 R )
#(0.875 0.875 0.875 0.0625 0.0625 0.0625 B )
#(0.8333 0.9167 1.0 0.1667 0.0833 0.0 L )
#(0.8333 0.8333 1.0 0.1667 0.1667 0.0 B )
#(0.75 0.5833 1.0 0.25 0.4167 0.0 R )
#(1.0 0.5 1.0 0.0 0.5 0.0 R )
#(1.0 0.5833 1.0 0.0 0.4167 0.0 R )
#(1.0 0.4167 1.0 0.0 0.5833 0.0 R )
#(0.6667 0.5 0.9167 0.3333 0.5 0.0833 R )
#(0.75 0.75 1.0 0.25 0.25 0.0 B )
#(0.9444 0.6667 1.0 0.0556 0.3333 0.0 R )
#(0.8889 0.4444 1.0 0.1111 0.5556 0.0 R )
#(0.9306 0.6944 1.0 0.0694 0.3056 0.0 R )
#(0.9375 0.75 1.0 0.0625 0.25 0.0 R )
#(0.8125 0.5833 1.0 0.1875 0.4167 0.0 R )
#(0.9167 0.8333 0.9167 0.0833 0.1667 0.0833 R )
#(0.5 0.6111 1.0 0.5 0.3889 0.0 L )
#(1.0 0.8333 1.0 0.0 0.1667 0.0 R )
#(0.6667 0.5833 0.9167 0.3333 0.4167 0.0833 R )
#(0.6667 0.5 1.0 0.3333 0.5 0.0 R )
#(0.8333 0.4167 1.0 0.1667 0.25 0.0 R )
#(0.9167 0.6667 0.9028 0.0833 0.1667 0.0972 R )
#(0.8333 0.5833 1.0 0.1667 0.4167 0.0 R )
#(0.6667 1.0 1.0 0.3333 0.0 0.0 L )
#(0.875 0.5417 1.0 0.125 0.4583 0.0 R )
#(0.875 0.625 1.0 0.125 0.375 0.0 R )
#(1.0 0.5 1.0 0.0 0.5 0.0 R )
#(1.0 0.3333 1.0 0.0 0.6667 0.0 R )
#(0.9167 0.3333 0.9167 0.0833 0.6667 0.0833 R )
#(0.75 0.75 1.0 0.25 0.25 0.0 B )
#(0.75 0.75 1.0 0.25 0.25 0.0 B )
#(0.9583 0.9583 1.0 0.0417 0.0417 0.0 B )
#(0.9514 0.6458 1.0 0.0486 0.3542 0.0 R )
#(0.8889 0.4444 1.0 0.1111 0.5556 0.0 R )
#(0.9306 0.6944 1.0 0.0694 0.3056 0.0 R )
#(0.9583 0.75 1.0 0.0417 0.25 0.0 R )
#(0.8125 0.5833 1.0 0.1875 0.4167 0.0 R )
#(0.9167 0.8333 0.9167 0.0833 0.1667 0.0833 R )
#(1.0 0.75 1.0 0.0 0.25 0.0 R )
#(0.9167 0.9167 0.9167 0.0833 0.0833 0.0833 B )
#(0.75 1.0 1.0 0.25 0.0 0.0 L )
#(0.6667 1.0 1.0 0.3333 0.0 0.0 L )
#(0.8333 1.0 1.0 0.1667 0.0 0.0 L )
#(0.75 0.75 0.75 0.25 0.25 0.25 B )
#(0.75 0.5 0.75 0.25 0.5 0.25 R )
#(0.75 0.7917 0.9167 0.25 0.2083 0.0833 L )
#(1.0 0.75 1.0 0.0 0.25 0.0 R )
#(1.0 0.75 1.0 0.0 0.25 0.0 R )
#(0.7917 0.9167 0.9167 0.2083 0.0833 0.0833 L )
#(0.7083 1.0 1.0 0.2917 0.0 0.0 L )
#(0.6667 1.0 1.0 0.3333 0.0 0.0 L )
#(1.0 0.9167 1.0 0.0 0.0833 0.0 R )
#(0.75 0.75 0.75 0.25 0.25 0.25 B )
#(0.5 0.1667 0.5 0.3333 0.6667 0.3333 R )
#(0.8333 0.6667 0.8333 0.1667 0.3333 0.1667 R )
#(0.6667 0.25 0.6667 0.3333 0.75 0.3333 R )
#(0.8333 0.5833 0.8333 0.1667 0.4167 0.1667 R )
#(0.9167 1.0 1.0 0.0833 0.0 0.0 L )
#(0.8333 1.0 1.0 0.1667 0.0 0.0 L )
#(0.7083 0.625 1.0 0.2917 0.375 0.0 R )
#(0.8333 0.375 0.9167 0.1667 0.625 0.0833 R )
#(0.3333 0.6667 0.6667 0.6667 0.3333 0.3333 L )
#(0.5833 0.25 0.75 0.4167 0.75 0.25 R )
#(0.9167 0.5 1.0 0.0833 0.5 0.0 R )
#(0.8333 1.0 1.0 0.1667 0.0 0.0 L )
#(1.0 0.8333 1.0 0.0 0.1667 0.0 R )
#(1.0 0.8333 1.0 0.0 0.1667 0.0 R )
#(1.0 0.6667 1.0 0.0 0.3333 0.0 R )
#(1.0 0.8333 1.0 0.0 0.1667 0.0 R )
#(0.8333 0.75 1.0 0.1667 0.25 0.0 R )
#(0.5 0.5 1.0 0.5 0.5 0.0 B )
#(0.8333 0.3333 1.0 0.1667 0.6667 0.0 R )
#(0.5833 0.3333 0.5833 0.1667 0.4167 0.1667 R )
#(1.0 0.25 1.0 0.0 0.75 0.0 R )
#(0.9167 0.6667 0.9167 0.0833 0.3333 0.0833 R )
#(1.0 0.25 1.0 0.0 0.75 0.0 R )
#(1.0 1.0 1.0 0.0 0.0 0.0 B )
#(0.9583 0.9167 1.0 0.0417 0.0833 0.0 R )
#(0.7083 0.7083 1.0 0.2917 0.2917 0.0 B )
#(0.25 0.7083 0.8333 0.75 0.2917 0.1667 L )
#(0.5 0.1667 0.5 0.5 0.8333 0.5 R )
#(0.8333 0.6667 0.8333 0.1667 0.3333 0.1667 R )
#(0.6667 0.25 0.6667 0.3333 0.75 0.3333 R )
#(0.8333 0.5833 0.8333 0.1667 0.4167 0.1667 R )
#(0.9167 1.0 1.0 0.0833 0.0 0.0 L )
#(0.8333 1.0 1.0 0.1667 0.0 0.0 L )
#(0.7083 0.625 1.0 0.2917 0.375 0.0 R )
#(0.8333 0.5 1.0 0.1667 0.5 0.0 R )
#(0.8333 0.375 0.9167 0.1667 0.625 0.0833 R )
#(0.3333 0.6667 0.6667 0.6667 0.3333 0.3333 L )
#(0.5833 0.25 0.75 0.4167 0.75 0.25 R )
#(0.9167 0.5 1.0 0.0833 0.5 0.0 R )
#(0.8333 1.0 1.0 0.1667 0.0 0.0 L )
#(1.0 0.8333 1.0 0.0 0.1667 0.0 R )
#(1.0 0.8333 1.0 0.0 0.1667 0.0 R )
#(1.0 0.6667 1.0 0.0 0.3333 0.0 R )
#(0.75 0.8333 1.0 0.25 0.1667 0.0 L )
#(0.25 0.75 1.0 0.75 0.25 0.0 L )
#(0.5 0.5 1.0 0.5 0.5 0.0 B )
#(0.8333 0.3333 1.0 0.1667 0.6667 0.0 R )
#(0.6667 0.8333 0.8333 0.25 0.0833 0.0833 L )
#(0.8125 0.625 0.8125 0.1875 0.375 0.1875 R )
#(0.9063 0.875 0.9375 0.0938 0.125 0.0625 R )
#(0.9531 0.9375 1.0 0.0469 0.0625 0.0 R )
#(0.9063 0.6875 1.0 0.0938 0.3125 0.0 R )
#(0.875 0.6563 0.9688 0.125 0.3438 0.0313 R )
#(0.9219 0.5938 1.0 0.0781 0.4063 0.0 R )
#(0.8906 0.875 1.0 0.1094 0.125 0.0 R )
#(0.875 1.0 1.0 0.125 0.0 0.0 L )
#(0.875 0.8125 1.0 0.125 0.1875 0.0 R )
#(0.7188 0.9375 0.9375 0.2813 0.0625 0.0625 L )
#(0.8438 1.0 1.0 0.1563 0.0 0.0 L )
#(0.8125 0.875 0.9375 0.1875 0.125 0.0625 L )
#(0.7083 0.75 1.0 0.2917 0.25 0.0 L )
#(0.8333 0.625 0.875 0.1667 0.375 0.125 R )
#(1.0 1.0 1.0 0.0 0.0 0.0 B )
#(0.8125 0.875 1.0 0.1875 0.125 0.0 L )
#(0.9375 0.5625 0.9375 0.0625 0.4375 0.0625 R )
#(0.9063 0.5625 0.9063 0.0938 0.4375 0.0938 R )
#(0.8125 0.75 0.8125 0.1875 0.25 0.1875 R )
#(0.9375 1.0 1.0 0.0625 0.0 0.0 L )
#(0.9531 0.6875 1.0 0.0469 0.3125 0.0 R )
#(0.8125 0.5938 0.9688 0.1875 0.4063 0.0313 R )
#(0.9219 0.7188 1.0 0.0781 0.2813 0.0 R )
#(0.9219 0.75 1.0 0.0781 0.25 0.0 R )
#(0.875 1.0 1.0 0.125 0.0 0.0 L )
#(0.875 0.9063 1.0 0.125 0.0938 0.0 L )
#(0.5625 0.9375 1.0 0.4375 0.0625 0.0 L )
#(0.75 0.75 0.75 0.25 0.25 0.25 B )
#(0.9167 0.5 1.0 0.0833 0.5 0.0 R )
#(1.0 0.8333 1.0 0.0 0.1667 0.0 R )
#(0.875 0.4167 1.0 0.125 0.5833 0.0 R )
#(0.75 0.75 0.75 0.25 0.25 0.25 B )
#(0.8333 1.0 1.0 0.1667 0.0 0.0 L )
#(0.75 1.0 1.0 0.25 0.0 0.0 L )
#(0.5833 1.0 1.0 0.4167 0.0 0.0 L )
#(0.9167 1.0 1.0 0.0833 0.0 0.0 L )
#(0.8333 1.0 1.0 0.1667 0.0 0.0 L )
#(1.0 1.0 1.0 0.0 0.0 0.0 B )
#(1.0 0.9167 1.0 0.0 0.0833 0.0 R )
#(0.7222 0.5833 0.75 0.2778 0.4167 0.25 R )
#(1.0 0.6667 1.0 0.0 0.3333 0.0 R )
#(0.8333 0.25 1.0 0.1667 0.75 0.0 R )
#(0.6667 0.25 0.75 0.3333 0.75 0.25 R )
#(1.0 0.8333 1.0 0.0 0.1667 0.0 R )
#(0.875 0.5 1.0 0.125 0.5 0.0 R )
#(0.9167 0.6667 0.9167 0.0833 0.3333 0.0833 R )
#(0.75 0.8333 0.8333 0.25 0.1667 0.1667 L )
#(0.8333 1.0 1.0 0.1667 0.0 0.0 L )
#(0.75 1.0 1.0 0.25 0.0 0.0 L )
#(0.5833 1.0 1.0 0.4167 0.0 0.0 L )
#(0.9167 1.0 1.0 0.0833 0.0 0.0 L )
#(0.8333 1.0 1.0 0.1667 0.0 0.0 L )
#(1.0 1.0 1.0 0.0 0.0 0.0 B )
#(1.0 0.9167 1.0 0.0 0.0833 0.0 R )
#(0.5 0.5 0.5 0.5 0.5 0.5 B )
#(0.875 0.6875 0.875 0.0 0.1875 0.0 R )
#(1.0 0.8125 1.0 0.0 0.1875 0.0 R )
#(1.0 0.5 1.0 0.0 0.5 0.0 R )
#(1.0 0.875 1.0 0.0 0.125 0.0 R )
#(0.875 0.8125 0.9375 0.125 0.1875 0.0625 R )
#(0.7708 1.0 1.0 0.2292 0.0 0.0 L )
#(0.7292 0.875 1.0 0.2708 0.125 0.0 L )
#(0.9375 1.0 1.0 0.0625 0.0 0.0 L )
#(0.9583 0.5 1.0 0.0417 0.5 0.0 R )
#(1.0 0.9063 1.0 0.0 0.0938 0.0 R )
#(1.75 1.0625 1.75 0.0 0.6875 0.0 R )
#(1.0 0.8125 1.0 0.0 0.1875 0.0 R )
#(1.0 0.6875 1.0 0.0 0.3125 0.0 R )
#(0.7188 0.7188 1.0 0.2813 0.2813 0.0 B )
#(0.9375 0.9375 0.9375 0.0625 0.0625 0.0625 B )
#(0.8438 0.7188 0.9375 0.1563 0.2813 0.0625 R )
#(0.7813 0.6875 0.8438 0.2188 0.3125 0.1563 R )
#(0.5625 0.5 0.5625 0.4375 0.5 0.4375 R )
#(1.0 0.8125 1.0 0.0 0.1875 0.0 R )
#(1.0 0.6875 1.0 0.0 0.3125 0.0 R )
#(1.0 0.6875 1.0 0.0 0.3125 0.0 R )
#(1.0 0.875 1.0 0.0 0.125 0.0 R )
#(0.75 0.6875 0.8125 0.25 0.3125 0.1875 R )
#(0.75 1.0 1.0 0.25 0.0 0.0 L )
#(0.75 1.0 1.0 0.25 0.0 0.0 L )
#(0.8125 0.625 0.875 0.1875 0.375 0.125 R )
#(0.9375 0.875 0.9375 0.0625 0.125 0.0625 R )
#(0.875 0.625 1.0 0.125 0.375 0.0 R )
#(0.9375 0.625 1.0 0.0625 0.375 0.0 R )
#(0.6875 1.0 1.0 0.3125 0.0 0.0 L )
#(0.8125 1.0 1.0 0.1875 0.0 0.0 L )
#(0.9375 1.0 1.0 0.0625 0.0 0.0 L )
#(0.9583 0.5 1.0 0.0417 0.5 0.0 R )
#(1.0 0.9063 1.0 0.0 0.0938 0.0 R )
#(1.0 1.0 1.0 0.0 0.0 0.0 B )
#(0.875 0.5625 1.0 0.125 0.4375 0.0 R )
#(1.0 0.8125 1.0 0.0 0.1875 0.0 R )
#(1.0 0.5 1.0 0.0 0.5 0.0 R )
#(1.0 0.875 1.0 0.0 0.125 0.0 R )
#(1.0 0.8125 1.0 0.0 0.1875 0.0 R )
#(0.75 0.4167 0.75 0.0833 0.4167 0.0833 R )
#(0.9063 1.0 1.1563 1.5938 0.0 1.3438 L )
#(0.8438 0.9688 1.625 2.0313 0.0313 1.25 L )
#(0.8594 1.0 1.0 0.1406 0.0 0.0 L )
#(0.9063 0.7344 1.5781 1.9688 0.2656 1.2969 R )
#(0.9219 0.9375 1.6094 0.8281 0.0625 0.1406 L )
#(0.7813 0.875 1.4063 1.7188 0.125 1.0938 L )
#(0.7813 0.9688 0.9688 0.2188 0.0313 0.0313 L )
#(0.9531 0.8125 1.25 1.1719 0.1875 0.875 R )
#(0.8906 0.7969 1.5469 1.2344 0.2031 0.5781 R )
#(0.75 0.4167 0.75 0.0833 0.4167 0.0833 R )
#(0.9167 0.75 0.9167 0.0833 0.25 0.0833 R )
#(0.8333 0.4167 1.0 0.1667 0.5833 0.0 R )
#(0.6667 0.6667 0.75 0.0833 0.0833 0.0 B )
#(0.8333 1.0 1.0 0.1667 0.0 0.0 L )
#(0.5833 0.8333 0.8333 0.4167 0.1667 0.1667 L )
#(1.0 0.5833 1.0 0.0 0.4167 0.0 R )
#(0.75 0.5833 1.0 0.25 0.4167 0.0 R )
#(0.6042 0.6667 0.75 0.1458 0.0833 0.0 L )
#(0.9375 0.9167 1.0 0.0625 0.0833 0.0 R )
#(1.0 0.8333 1.0 0.0 0.1667 0.0 R )
#(1.0 0.8333 1.0 0.0 0.1667 0.0 R )
#(0.5833 0.5833 0.6667 0.1667 0.1667 0.0833 B )
#(0.6667 1.0 1.0 0.3333 0.0 0.0 L )
#(0.8333 0.75 0.8333 0.1667 0.25 0.1667 R )
#(0.875 1.0 1.0 0.125 0.0 0.0 L )
#(1.0 0.75 1.0 0.0 0.25 0.0 R )
#(1.0 0.9167 1.0 0.0 0.0833 0.0 R )
#(0.75 0.6667 0.8333 0.1667 0.25 0.0833 R )
#(0.8125 0.625 0.8125 0.0 0.1875 0.0 R )
#(1.0 0.8125 1.0 0.0 0.1875 0.0 R )
#(0.8125 0.9375 1.0 0.1875 0.0625 0.0 L )
#(0.875 0.9375 1.0 0.125 0.0625 0.0 L )
#(0.75 0.75 1.0 0.25 0.25 0.0 B )
#(1.0 0.875 1.0 0.0 0.125 0.0 R )
#(1.0 0.5 1.0 0.0 0.5 0.0 R )
#(1.0 0.875 1.0 0.0 0.125 0.0 R )
#(1.0 0.875 1.0 0.0 0.125 0.0 R )
#(0.875 0.6875 0.9375 0.0625 0.25 0.0 R )
#(0.8125 0.5625 0.8125 0.0 0.25 0.0 R )
#(1.0 0.75 1.0 0.0 0.25 0.0 R )
#(0.875 1.0 1.0 0.125 0.0 0.0 L )
#(1.0 1.0 1.0 0.0 0.0 0.0 B )
#(1.0 1.0 1.0 0.0 0.0 0.0 B )
#(0.8125 0.9375 0.9375 0.1875 0.0625 0.0625 L )
#(1.0 0.8125 1.0 0.0 0.1875 0.0 R )
#(0.875 0.875 1.0 0.125 0.125 0.0 B )
#(0.9375 1.0 1.0 0.0625 0.0 0.0 L )
#(0.75 0.8125 1.0 0.25 0.1875 0.0 L )
#(0.875 0.875 1.0 0.125 0.125 0.0 B )
#(1.0 0.625 1.0 0.0 0.375 0.0 R )
#(1.0 0.75 1.0 0.0 0.25 0.0 R )
#(1.0 0.875 1.0 0.0 0.125 0.0 R )
#(1.0 0.6875 1.0 0.0 0.3125 0.0 R )
#(0.875 0.6875 0.875 0.0625 0.25 0.0625 R )
#(0.5833 0.75 0.8333 0.25 0.0833 0.0 L )
#(0.9167 0.8333 1.0 0.0833 0.1667 0.0 R )
#(0.9167 0.6667 1.0 0.0833 0.3333 0.0 R )
#(1.0 0.75 1.0 0.0 0.25 0.0 R )
#(0.875 0.875 0.875 0.125 0.125 0.125 B )
#(0.9583 0.9167 1.0 0.0417 0.0833 0.0 R )
#(0.875 1.0 1.0 0.125 0.0 0.0 L )
#(0.875 0.9167 1.0 0.125 0.0833 0.0 L )
#(0.9167 0.75 1.0 0.0833 0.25 0.0 R )
#(0.9583 0.8333 1.0 0.0417 0.1667 0.0 R )
#(1.0 0.875 1.0 0.0 0.125 0.0 R )
#(0.9583 0.9583 1.0 0.0417 0.0417 0.0 B )
#(0.9583 1.0 1.0 0.0417 0.0 0.0 L )
#(0.375 0.5 0.5833 0.375 0.25 0.1667 L )
#(0.6667 0.6667 1.0 0.3333 0.3333 0.0 B )
#(0.8333 0.75 1.0 0.1667 0.25 0.0 R )
#(0.9167 1.0 1.0 0.0833 0.0 0.0 L )
#(0.875 0.75 0.875 0.125 0.25 0.125 R )
#(0.75 0.75 1.0 0.25 0.25 0.0 B )
#(0.6667 0.9167 1.0 0.3333 0.0833 0.0 L )
#(0.9167 0.9167 1.0 0.0833 0.0833 0.0 B )
#(0.875 0.875 0.875 0.125 0.125 0.125 B )
#(0.9583 0.9167 1.0 0.0417 0.0833 0.0 R )
#(0.875 1.0 1.0 0.125 0.0 0.0 L )
#(0.875 0.9167 1.0 0.125 0.0833 0.0 L )
#(0.9167 0.75 1.0 0.0833 0.25 0.0 R )
#(0.9583 0.8333 1.0 0.0417 0.1667 0.0 R )
#(1.0 0.875 1.0 0.0 0.125 0.0 R )
#(0.9583 0.9583 1.0 0.0417 0.0417 0.0 B )
#(0.9583 1.0 1.0 0.0417 0.0 0.0 L )
#(0.5833 0.6667 0.6667 0.25 0.1667 0.1667 L )
#(0.9688 0.9688 0.9688 0.0313 0.0313 0.0313 B )
#(0.8438 1.0 1.0 0.1563 0.0 0.0 L )
#(0.9531 1.0 1.0 0.0469 0.0 0.0 L )
#(0.6719 0.6094 0.9688 0.3281 0.3906 0.0313 R )
#(0.9375 0.875 0.9688 0.0625 0.125 0.0313 R )
#(0.9531 0.6875 1.0 0.0469 0.3125 0.0 R )
#(0.9688 0.9688 0.9688 0.0313 0.0313 0.0313 B )
#(0.8438 1.0 1.0 0.1563 0.0 0.0 L )
#(0.9531 1.0 1.0 0.0469 0.0 0.0 L )
#(0.8125 0.7969 0.9688 0.1875 0.2031 0.0313 R )
#(0.875 0.875 0.875 0.125 0.125 0.125 B )
#(0.9167 1.0 1.0 0.0833 0.0 0.0 L )
#(0.9167 1.0 1.0 0.0833 0.0 0.0 L )
#(1.0 1.0 1.0 0.0 0.0 0.0 B )
#(0.6667 1.0 1.0 0.3333 0.0 0.0 L )
#(1.0 0.5 1.0 0.0 0.5 0.0 R )
#(1.0 0.5833 1.0 0.0 0.4167 0.0 R )
#(1.0 0.6667 1.0 0.0 0.3333 0.0 R )
#(1.0 0.6667 1.0 0.0 0.3333 0.0 R )
#(1.0 1.0 1.0 0.0 0.0 0.0 B )
#(0.8333 0.8333 0.8333 0.1667 0.1667 0.1667 B )
#(1.0 0.5 1.0 0.0 0.5 0.0 R )
#(0.75 0.8333 1.0 0.25 0.1667 0.0 L )
#(1.0 0.5 1.0 0.0 0.5 0.0 R )
#(0.75 0.8333 1.0 0.25 0.1667 0.0 L )
#(0.5833 0.5833 1.0 0.4167 0.4167 0.0 B )
#(0.5833 0.5833 1.0 0.4167 0.4167 0.0 B )
#(1.0 0.3333 1.0 0.0 0.6667 0.0 R )
#(0.6667 1.0 1.0 0.3333 0.0 0.0 L )
#(0.8333 0.3333 0.8333 0.1667 0.6667 0.1667 R )
#(0.9167 0.75 0.9167 0.0833 0.25 0.0833 R )
#(0.3333 0.9167 0.9167 0.6667 0.0833 0.0833 L )
#(0.5 0.6667 0.6667 0.5 0.3333 0.3333 L )
#(0.6667 0.6667 1.0 0.3333 0.3333 0.0 B )
#(1.0 1.0 1.0 0.0 0.0 0.0 B )
#(0.8333 0.8333 0.8333 0.1667 0.1667 0.1667 B )
#(0.6667 0.5 0.75 0.3333 0.5 0.25 R )
#(0.8333 0.75 1.0 0.1667 0.25 0.0 R )
#(0.9167 0.5833 1.0 0.0833 0.4167 0.0 R )
#(0.8333 0.3333 1.0 0.1667 0.6667 0.0 R )
#(0.8333 0.5833 1.0 0.1667 0.4167 0.0 R )
#(0.8333 0.5833 1.0 0.1667 0.4167 0.0 R )
#(0.8333 0.8333 1.0 0.1667 0.1667 0.0 B )
#(1.0 0.5 1.0 0.0 0.5 0.0 R )
#(1.0 0.5 1.0 0.0 0.5 0.0 R )
#(0.9167 0.9167 0.9167 0.0833 0.0833 0.0833 B )
#(0.6667 0.6667 0.6667 0.3333 0.3333 0.3333 B )
#(0.75 0.4167 0.75 0.25 0.5833 0.25 R )
#(0.9167 0.5 1.0 0.0833 0.5 0.0 R )
#(0.5833 0.6667 1.0 0.4167 0.3333 0.0 L )
#(0.6667 0.6667 1.0 0.3333 0.3333 0.0 B )
#(1.0 0.5 1.0 0.0 0.5 0.0 R )
#(1.0 0.5 1.0 0.0 0.5 0.0 R )
#(0.5833 0.25 0.5833 0.4167 0.75 0.4167 R )
#(0.9167 1.0 1.0 0.0833 0.0 0.0 L )
#(0.9167 1.0 1.0 0.0833 0.0 0.0 L )
#(0.9167 1.0 1.0 0.0833 0.0 0.0 L )
#(0.75 0.8333 1.0 0.25 0.1667 0.0 L )
#(1.0 0.5833 1.0 0.0 0.4167 0.0 R )
#(1.0 0.6667 1.0 0.0 0.3333 0.0 R )
#(1.0 0.6667 1.0 0.0 0.3333 0.0 R )
#(1.0 0.6667 1.0 0.0 0.3333 0.0 R )
#(1.0 1.0 1.0 0.0 0.0 0.0 B )
#(0.8333 0.5833 0.8333 0.1667 0.4167 0.1667 R )
#(0.9167 0.75 1.0 0.0833 0.25 0.0 R )
#(0.8333 0.5833 1.0 0.1667 0.4167 0.0 R )
#(0.9167 0.75 1.0 0.0833 0.25 0.0 R )
#(0.6667 0.8333 1.0 0.3333 0.1667 0.0 L )
#(0.5833 0.5833 1.0 0.4167 0.4167 0.0 B )
#(0.75 0.4167 1.0 0.25 0.5833 0.0 R )
#(0.8333 0.5 1.0 0.1667 0.5 0.0 R )
#(0.75 0.8333 0.9167 0.25 0.1667 0.0833 L )
#(0.9167 0.4167 0.9167 0.0833 0.5833 0.0833 R )
#(0.75 0.8333 0.9167 0.25 0.1667 0.0833 L )
#(0.4167 0.9167 0.9167 0.5833 0.0833 0.0833 L )
#(0.5833 0.5 0.6667 0.4167 0.5 0.3333 R )
#(0.6667 0.8333 1.0 0.3333 0.1667 0.0 L )
#(0.9167 0.9167 0.9167 0.0833 0.0833 0.0833 B )
#(0.8333 0.8333 0.8333 0.1667 0.1667 0.1667 B )
#(0.25 0.25 0.25 0.75 0.75 0.75 B )
#(0.8125 0.9063 0.9063 0.1875 0.0938 0.0938 L )
#(0.9375 0.8125 1.0 0.0625 0.1875 0.0 R )
#(0.9063 1.0 1.0 0.0938 0.0 0.0 L )
#(1.0 1.0 1.0 0.0 0.0 0.0 B )
#(0.9375 1.0 1.0 0.0625 0.0 0.0 L )
#(0.9375 0.6875 0.9375 0.0625 0.3125 0.0625 R )
#(1.0 0.6875 1.0 0.0 0.3125 0.0 R )
#(1.0 0.75 1.0 0.0 0.25 0.0 R )
#(0.9375 1.0 1.0 0.0625 0.0 0.0 L )
#(1.0 0.8125 1.0 0.0 0.1875 0.0 R )
#(1.0 0.8125 1.0 0.0 0.1875 0.0 R )
#(0.875 0.5 1.0 0.125 0.5 0.0 R )
#(0.9375 0.9375 0.9375 0.0625 0.0625 0.0625 B )
#(1.0 0.5 1.0 0.0 0.125 0.0 R )
#(1.0 0.5625 1.0 0.0 0.0625 0.0 R )
#(0.9688 0.625 1.0 0.0313 0.0 0.0 R )
#(0.7969 0.8125 0.9531 0.2031 0.0 0.0469 L )
#(0.875 0.5 0.9375 0.125 0.5 0.0625 R )
#(0.8438 0.9688 0.9688 0.1563 0.0313 0.0313 L )
#(0.9688 0.8125 1.0 0.0313 0.1875 0.0 R )
#(0.9063 1.0 1.0 0.0938 0.0 0.0 L )
#(0.9688 1.0 1.0 0.0313 0.0 0.0 L )
#(0.9063 0.9375 0.9375 0.0938 0.0625 0.0625 L )
#(1.0 0.6875 1.0 0.0 0.3125 0.0 R )
#(1.0 0.5 1.0 0.0 0.5 0.0 R )
#(1.0 0.75 1.0 0.0 0.25 0.0 R )
#(0.9375 1.0 1.0 0.0625 0.0 0.0 L )
#(1.0 0.8125 1.0 0.0 0.1875 0.0 R )
#(1.0 0.8125 1.0 0.0 0.1875 0.0 R )
#(0.875 0.75 1.0 0.125 0.25 0.0 R )
#(0.875 0.5313 1.0 0.125 0.4688 0.0 R )
#(0.9167 0.9167 0.9167 0.0833 0.0833 0.0833 B )
#(0.8125 0.9375 0.9375 0.1875 0.0625 0.0625 L )
#(0.9375 0.9375 1.0 0.0625 0.0625 0.0 B )
#(0.8125 0.9375 0.9375 0.1875 0.0625 0.0625 L )
#(0.9063 0.875 0.9063 0.0938 0.125 0.0938 R )
#(1.0 1.0 1.0 0.0 0.0 0.0 B )
#(0.8125 1.0 1.0 0.1875 0.0 0.0 L )
#(0.9063 1.0 1.0 0.0938 0.0 0.0 L )
#(0.9375 0.6875 0.9375 0.0625 0.3125 0.0625 R )
#(0.5 1.0 1.0 0.5 0.0 0.0 L )
#(0.7813 1.0 1.0 0.2188 0.0 0.0 L )
#(0.875 0.875 1.0 0.125 0.125 0.0 B )
#(0.9375 0.875 1.0 0.0625 0.125 0.0 R )
#(1.0 0.8125 1.0 0.0 0.1875 0.0 R )
#(0.875 1.0 1.0 0.125 0.0 0.0 L )
#(0.875 0.875 0.875 0.125 0.125 0.125 B )
#(0.75 0.875 0.875 0.25 0.125 0.125 L )
#(0.8281 0.9375 0.9375 0.1719 0.0625 0.0625 L )
#(0.7969 1.0 1.0 0.2031 0.0 0.0 L )
#(0.875 1.0 1.0 0.125 0.0 0.0 L )
#(0.8438 0.7813 1.0 0.1563 0.2188 0.0 R )
#(0.6875 1.0 1.0 0.3125 0.0 0.0 L )
#(0.875 0.875 0.875 0.125 0.125 0.125 B )
#(0.8125 0.8125 0.8125 0.1875 0.1875 0.1875 B )
#(0.8125 0.875 0.875 0.1875 0.125 0.125 L )
#(0.875 0.9375 1.0 0.125 0.0625 0.0 L )
#(0.875 0.9375 0.9375 0.125 0.0625 0.0625 L )
#(0.9688 0.8125 1.0 0.0313 0.1875 0.0 R )
#(1.0 0.75 1.0 0.0 0.25 0.0 R )
#(0.9688 1.0 1.0 0.0313 0.0 0.0 L )
#(0.8125 1.0 1.0 0.1875 0.0 0.0 L )
#(0.9375 0.9688 1.0 0.0625 0.0313 0.0 L )
#(0.9375 0.4375 0.9375 0.0625 0.5625 0.0625 R )
#(1.0 0.7813 1.0 0.0 0.2188 0.0 R )
#(0.875 1.0 1.0 0.125 0.0 0.0 L )
#(0.9375 0.8125 1.0 0.0625 0.1875 0.0 R )
#(1.0 0.9375 1.0 0.0 0.0625 0.0 R )
#(0.9375 0.8125 1.0 0.0625 0.1875 0.0 R )
#(0.9375 1.0 1.0 0.0625 0.0 0.0 L )
#(0.9167 0.9167 0.9167 0.0833 0.0833 0.0833 B )
#(0.875 0.4167 0.875 0.125 0.5833 0.125 R )
#(0.8542 0.9583 1.0 0.1458 0.0417 0.0 L )
#(0.875 0.5833 0.875 0.125 0.4167 0.125 R )
#(0.875 0.7708 0.875 0.125 0.2292 0.125 R )
#(0.875 0.4583 0.875 0.125 0.5417 0.125 R )
#(0.875 0.9583 1.0 0.125 0.0417 0.0 L )
#(0.875 0.5833 0.875 0.125 0.4167 0.125 R )
#(0.75 0.7708 0.875 0.25 0.2292 0.125 L )
#(0.9167 0.8333 1.0 0.0833 0.1667 0.0 R )
#(1.0 1.0 1.0 0.0 0.0 0.0 B )
#(0.875 1.0 1.0 0.125 0.0 0.0 L )
#(0.875 0.4583 0.875 0.125 0.5417 0.125 R )
#(0.75 0.75 0.875 0.25 0.25 0.125 B )
#(0.8958 0.8333 1.0 0.1042 0.1667 0.0 R )
#(1.0 1.0 1.0 0.0 0.0 0.0 R )
#(0.875 1.0 1.0 0.125 0.0 0.0 L )
#(0.7917 0.6667 0.875 0.2083 0.3333 0.125 R )
#(0.7917 0.6875 0.7917 0.2083 0.3125 0.2083 R )
#(0.8542 0.6458 0.875 0.1458 0.3542 0.125 R )
#(0.9444 0.6111 0.9444 0.0556 0.3889 0.0556 R )
#(0.8125 0.75 0.8125 0.0 0.0625 0.0 R )
#(1.0 1.0 1.0 0.0 0.0 0.0 B )
#(1.0 0.9375 1.0 0.0 0.0625 0.0 R )
#(1.0 1.0 1.0 0.0 0.0 0.0 B )
#(0.9375 1.0 1.0 0.0625 0.0 0.0 L )
#(0.875 1.0 1.0 0.125 0.0 0.0 L )
#(0.875 0.8125 1.0 0.125 0.1875 0.0 R )
#(0.875 0.75 1.0 0.125 0.25 0.0 R )
#(1.0 1.0 1.0 0.0 0.0 0.0 B )
#(0.8438 0.875 0.9688 0.1563 0.125 0.0313 L )
#(0.9375 0.4375 1.0 0.0625 0.5625 0.0 R )
#(0.9375 0.4375 1.0 0.0625 0.5625 0.0 R )
#(1.0 0.75 1.0 0.0 0.25 0.0 R )
#(0.9063 0.8125 1.0 0.0938 0.1875 0.0 R )
#(0.875 0.875 1.0 0.125 0.125 0.0 B )
#(1.0 0.5 1.0 0.0 0.5 0.0 R )
#(0.6875 0.5625 0.6875 0.3125 0.4375 0.3125 R )
#(1.0 0.6875 1.0 0.0 0.3125 0.0 R )
#(1.0 0.8542 1.0 0.0 0.1458 0.0 R )
#(0.6875 0.3125 0.8125 0.3125 0.6875 0.1875 R )
#(0.75 0.4375 1.0 0.25 0.5625 0.0 R )
#(0.75 0.8125 1.0 0.25 0.1875 0.0 L )
#(0.8125 0.75 1.0 0.1875 0.25 0.0 R )
#(0.9375 0.875 1.0 0.0625 0.125 0.0 R )
#(1.0 1.0 1.0 0.0 0.0 0.0 B )
#(1.0 0.9375 1.0 0.0 0.0625 0.0 R )
#(1.0 1.0 1.0 0.0 0.0 0.0 B )
#(1.0 0.9375 1.0 0.0 0.0625 0.0 R )
#(1.0 0.625 1.0 0.0 0.375 0.0 R )
#(1.0 1.0 1.0 0.0 0.0 0.0 B )
#(1.0 0.8125 1.0 0.0 0.1875 0.0 R )
#(1.0 1.0 1.0 0.0 0.0 0.0 B )
#(1.0 0.625 1.0 0.0 0.375 0.0 R )
#(1.0 0.6875 1.0 0.0 0.3125 0.0 R )
#(1.0 0.75 1.0 0.0 0.25 0.0 R )
#(0.5625 0.875 1.0 0.4375 0.125 0.0 L )
#(0.9375 0.5 1.0 0.0625 0.5 0.0 R )
#(0.9375 0.5 1.0 0.0625 0.5 0.0 R )
#(0.9375 0.5 1.0 0.0625 0.5 0.0 R )
#(0.9063 0.75 1.0 0.0938 0.25 0.0 R )
#(0.875 0.875 1.0 0.125 0.125 0.0 B )
#(1.0 0.5 1.0 0.0 0.5 0.0 R )
#(0.6875 0.5625 0.6875 0.3125 0.4375 0.3125 R )
#(1.0 0.6875 1.0 0.0 0.3125 0.0 R )
#(1.0 0.75 1.0 0.0 0.25 0.0 R )
#(1.0 0.4375 1.0 0.0 0.5625 0.0 R )
#(1.0 0.5625 1.0 0.0 0.4375 0.0 R )
#(1.0 0.75 1.0 0.0 0.25 0.0 R )
#(0.9375 1.0 1.0 0.0625 0.0 0.0 L )
#(1.0 0.9375 1.0 0.0 0.0625 0.0 R )
#(1.0 1.0 1.0 0.0 0.0 0.0 B )
#(1.0 0.75 1.0 0.0 0.25 0.0 R )
#(0.875 0.625 0.9375 0.125 0.375 0.0625 R )
#(0.75 0.25 1.0 0.25 0.75 0.0 R )
#(0.375 0.8125 1.0 0.625 0.1875 0.0 L )
#(0.9792 0.75 1.0 0.0208 0.25 0.0 R )
#(1.0 0.9375 1.0 0.0 0.0625 0.0 R )
#(0.6667 0.6667 1.0 0.3333 0.3333 0.0 B )
#(0.9375 1.0 1.0 0.0625 0.0 0.0 L )
#(0.875 1.0 1.0 0.125 0.0 0.0 L )
#(0.75 0.875 1.0 0.25 0.125 0.0 L )
#(0.9375 0.875 0.9375 0.0625 0.125 0.0625 R )
#(1.0 1.0 1.0 0.0 0.0 0.0 B )
#(0.5 0.5 0.5 0.25 0.25 0.25 B )
#(1.0 1.0 1.0 0.0 0.0 0.0 B )
#(0.8438 0.5625 1.0 0.1563 0.4375 0.0 R )
#(1.0 1.0 1.0 0.0 0.0 0.0 B )
#(0.9063 1.0 1.0 0.0938 0.0 0.0 L )
#(1.0 0.9375 1.0 0.0 0.0625 0.0 R )
#(0.9688 0.7813 1.0 0.0313 0.2188 0.0 R )
#(1.0 0.6875 1.0 0.0 0.3125 0.0 R )
#(1.0 0.8125 1.0 0.0 0.1875 0.0 R )
#(1.0 0.75 1.0 0.0 0.25 0.0 R )
#(0.875 0.9219 1.0 0.125 0.0781 0.0 L )
#(0.875 0.875 1.0 0.125 0.125 0.0 B )
#(1.0 1.0 1.0 0.0 0.0 0.0 B )
#(0.9375 0.9375 0.9375 0.0625 0.0625 0.0625 B )
#(1.0 0.8125 1.0 0.0 0.1875 0.0 R )
#(1.0 1.0 1.0 0.0 0.0 0.0 B )
#(1.0 1.0 1.0 0.0 0.0 0.0 B )
#(1.0 1.0 1.0 0.0 0.0 0.0 B )
#(0.8594 1.0 1.0 0.1406 0.0 0.0 L )
#(1.0 0.8594 1.0 0.0 0.1406 0.0 R )
#(1.0 0.7656 1.0 0.0 0.2344 0.0 R )
#(0.9688 0.9375 1.0 0.0313 0.0625 0.0 R )
#(0.875 0.625 1.0 0.125 0.375 0.0 R )
#(1.0 1.0 1.0 0.0 0.0 0.0 B )
#(0.8438 1.0 1.0 0.1563 0.0 0.0 L )
#(1.0 1.0 1.0 0.0 0.0 0.0 B )
#(0.9688 0.7813 1.0 0.0313 0.2188 0.0 R )
#(1.0 0.625 1.0 0.0 0.375 0.0 R )
#(1.0 1.0 1.0 0.0 0.0 0.0 B )
#(1.0 0.75 1.0 0.0 0.25 0.0 R )
#(1.0 0.8125 1.0 0.0 0.1875 0.0 R )
#(0.75 0.9844 1.0 0.25 0.0156 0.0 L )
#(0.9844 0.8594 1.0 0.0156 0.1406 0.0 R )
#(1.0 1.0 1.0 0.0 0.0 0.0 B )
#(0.75 0.75 0.75 0.25 0.25 0.25 B )
#(0.8333 0.7083 0.8333 0.0 0.125 0.0 R )
#(1.0 0.75 1.0 0.0 0.25 0.0 R )
#(0.9375 1.0 1.0 0.0625 0.0 0.0 L )
#(0.8438 0.9583 1.0 0.1563 0.0417 0.0 L )
#(0.9792 0.9167 1.0 0.0208 0.0833 0.0 R )
#(0.9792 0.8125 1.0 0.0208 0.1875 0.0 R )
#(0.9792 0.7188 1.0 0.0208 0.2813 0.0 R )
#(0.875 0.7083 0.875 0.0417 0.2083 0.0417 R )
#(0.75 0.7083 0.8333 0.0833 0.125 0.0 R )
#(0.9167 0.9167 1.0 0.0833 0.0833 0.0 R )
#(0.8333 1.0 1.0 0.1667 0.0 0.0 L )
#(1.0 0.8646 1.0 0.0 0.1354 0.0 R )
#(1.0 0.9063 1.0 0.0 0.0938 0.0 R )
#(0.875 0.875 0.9583 0.125 0.125 0.0417 B )
#(1.0 0.8333 1.0 0.0 0.1667 0.0 R )
#(0.9583 0.875 1.0 0.0417 0.125 0.0 R )
#(0.9479 0.875 1.0 0.0521 0.125 0.0 R )
#(0.8542 0.9167 1.0 0.1458 0.0833 0.0 L )
#(1.0 0.875 1.0 0.0 0.125 0.0 R )
#(0.9792 0.8125 1.0 0.0208 0.1875 0.0 R )
#(0.9792 0.7188 1.0 0.0208 0.2813 0.0 R )
#(0.9583 0.8333 0.9583 0.0417 0.1667 0.0417 R )
#(1.0 0.75 1.0 0.0 0.25 0.0 R )
#(1.0 0.8125 1.0 0.0 0.1875 0.0 R )
#(1.0 0.75 1.0 0.0 0.25 0.0 R )
#(1.0 0.75 1.0 0.0 0.25 0.0 R )
#(1.0 0.75 1.0 0.0 0.25 0.0 R )
#(1.0 0.75 1.0 0.0 0.25 0.0 R )
#(1.0 0.9375 1.0 0.0 0.0625 0.0 R )
#(1.0 0.75 1.0 0.0 0.25 0.0 R )
#(1.0 0.75 1.0 0.0 0.25 0.0 R )
#(1.0 1.0 1.0 0.0 0.0 0.0 B )
#(1.0 0.875 1.0 0.0 0.125 0.0 R )
#(1.0 1.0 1.0 0.0 0.0 0.0 B )
#(1.0 0.9375 1.0 0.0 0.0625 0.0 R )
#(1.0 0.9375 1.0 0.0 0.0625 0.0 R )
#(1.0 0.9375 1.0 0.0 0.0625 0.0 R )
#(0.9375 0.875 1.0 0.0625 0.125 0.0 R )
#(0.75 1.0 1.0 0.25 0.0 0.0 L )
#(0.8125 1.0 1.0 0.1875 0.0 0.0 L )
#(1.0 1.0 1.0 0.0 0.0 0.0 B )
#(1.0 0.875 1.0 0.0 0.125 0.0 R )
#(1.0 1.0 1.0 0.0 0.0 0.0 B )
#(1.0 0.9375 1.0 0.0 0.0625 0.0 R )
#(1.0 0.875 1.0 0.0 0.125 0.0 R )
#(1.0 0.875 1.0 0.0 0.125 0.0 R )
#(1.0 1.0 1.0 0.0 0.0 0.0 B )
#(1.0 1.0 1.0 0.0 0.0 0.0 B )
#(1.0 0.5 1.0 0.0 0.5 0.0 R )
#(1.0 0.75 1.0 0.0 0.25 0.0 R )
#(1.0 0.8125 1.0 0.0 0.1875 0.0 R )
#(1.0 0.75 1.0 0.0 0.25 0.0 R )
#(1.0 0.75 1.0 0.0 0.25 0.0 R )
#(1.0 0.9375 1.0 0.0 0.0625 0.0 R )
#(1.0 1.0 1.0 0.0 0.0 0.0 B )
#(1.0 0.875 1.0 0.0 0.125 0.0 R )
#(1.0 1.0 1.0 0.0 0.0 0.0 B )
#(1.0 0.875 1.0 0.0 0.125 0.0 R )
#(1.0 1.0 1.0 0.0 0.0 0.0 B )
#(1.0 1.0 1.0 0.0 0.0 0.0 B )
#(1.0 1.0 1.0 0.0 0.0 0.0 B )
#(0.875 0.5 1.0 0.125 0.5 0.0 R )
#(1.0 0.375 1.0 0.0 0.625 0.0 R )
#(1.0 0.875 1.0 0.0 0.125 0.0 R )
#(1.0 1.0 1.0 0.0 0.0 0.0 B )
#(0.875 0.8125 1.0 0.125 0.1875 0.0 R )
#(1.0 0.75 1.0 0.0 0.25 0.0 R )
#(1.0 0.8125 1.0 0.0 0.1875 0.0 R )
#(1.0 0.75 1.0 0.0 0.25 0.0 R )
#(1.0 0.75 1.0 0.0 0.25 0.0 R )
#(1.0 0.75 1.0 0.0 0.25 0.0 R )
#(1.0 0.75 1.0 0.0 0.25 0.0 R )
#(0.9375 0.8125 1.0 0.0625 0.1875 0.0 R )
#(0.8125 0.9375 1.0 0.1875 0.0625 0.0 L )
#(1.0 0.8125 1.0 0.0 0.1875 0.0 R )
#(1.0 1.0 1.0 0.0 0.0 0.0 B )
#(0.875 1.0 1.0 0.125 0.0 0.0 L )
#(1.0 1.0 1.0 0.0 0.0 0.0 B )
#(1.0 0.9375 1.0 0.0 0.0625 0.0 R )
#(1.0 0.875 1.0 0.0 0.125 0.0 R )
#(1.0 0.25 1.0 0.0 0.75 0.0 R )
#(1.0 0.375 1.0 0.0 0.625 0.0 R )
#(1.0 0.125 1.0 0.0 0.875 0.0 R )
#(1.0 0.625 1.0 0.0 0.375 0.0 R )
#(1.0 1.0 1.0 0.0 0.0 0.0 B )
#(0.5 0.5 0.5 0.5 0.5 0.5 B )
#(0.8125 0.6875 0.8125 0.1875 0.3125 0.1875 R )
#(0.7188 0.8125 0.9375 0.2813 0.1875 0.0625 L )
#(0.7813 0.8125 1.0 0.2188 0.1875 0.0 L )
#(0.9375 0.9063 1.0 0.0625 0.0938 0.0 R )
#(0.875 0.9375 1.0 0.125 0.0625 0.0 L )
#(0.9375 0.9688 1.0 0.0625 0.0313 0.0 L )
#(0.9375 0.9688 1.0 0.0625 0.0313 0.0 L )
#(0.9375 1.0 1.0 0.0625 0.0 0.0 L )
#(0.9688 0.9375 1.0 0.0313 0.0625 0.0 R )
#(0.875 0.625 0.875 0.125 0.375 0.125 R )
#(0.875 0.625 1.0 0.125 0.375 0.0 R )
#(0.875 0.875 1.0 0.125 0.125 0.0 B )
#(1.0 1.0 1.0 0.0 0.0 0.0 B )
#(0.875 0.875 0.875 0.125 0.125 0.125 B )
#(0.8438 0.875 0.875 0.1563 0.125 0.125 L )
#(0.9375 1.0 1.0 0.0625 0.0 0.0 L )
#(1.0 0.8438 1.0 0.0 0.1563 0.0 R )
#(1.0 0.8438 1.0 0.0 0.1563 0.0 R )
#(0.9375 0.9375 1.0 0.0625 0.0625 0.0 B )
#(0.9375 0.9063 1.0 0.0625 0.0938 0.0 R )
#(0.875 0.9063 1.0 0.125 0.0938 0.0 L )
#(0.8438 0.9375 1.0 0.1563 0.0625 0.0 L )
#(0.9375 1.0 1.0 0.0625 0.0 0.0 L )
#(0.9375 1.0 1.0 0.0625 0.0 0.0 L )
#(0.8438 0.75 0.875 0.1563 0.25 0.125 R )
#(0.875 0.75 0.875 0.125 0.25 0.125 R )
#(0.9531 1.0 1.0 0.0469 0.0 0.0 L )
#(0.875 0.8125 0.875 0.125 0.1875 0.125 R )
#(0.9688 0.9688 0.9688 0.0313 0.0313 0.0313 B )
#(1.0 0.9688 1.0 0.0 0.0313 0.0 R )
#(1.0 1.0 1.0 0.0 0.0 0.0 B )
#(0.9375 0.875 0.9375 0.0625 0.125 0.0625 R )
#(1.0 1.0 1.0 0.0 0.0 0.0 B )
#(1.0 0.875 1.0 0.0 0.125 0.0 R )
#(1.0 1.0 1.0 0.0 0.0 0.0 B )
#(0.9375 0.875 0.9375 0.0625 0.125 0.0625 R )
#(0.9375 0.75 0.9375 0.0625 0.25 0.0625 R )
#(1.0 0.75 1.0 0.0 0.25 0.0 R )
#(0.9688 0.9688 0.9688 0.0313 0.0313 0.0313 B )
#(1.0 0.9688 1.0 0.0 0.0313 0.0 R )
#(0.9375 0.875 0.9375 0.0625 0.125 0.0625 R )
#(1.0 1.0 1.0 0.0 0.0 0.0 B )
#(1.0 0.875 1.0 0.0 0.125 0.0 R )
#(1.0 1.0 1.0 0.0 0.0 0.0 B )
#(0.9375 0.875 0.9375 0.0625 0.125 0.0625 R )
#(0.9375 0.75 0.9375 0.0625 0.25 0.0625 R )
#(1.0 0.6875 1.0 0.0 0.3125 0.0 R )
#(0.875 0.9688 0.9688 0.125 0.0313 0.0313 L )
#(1.0 0.9688 1.0 0.0 0.0313 0.0 R )
#(1.0 1.0 1.0 0.0 0.0 0.0 B )
#(1.0 1.0 1.0 0.0 0.0 0.0 B )
#(0.75 0.75 0.75 0.25 0.25 0.25 B )
#(0.875 0.625 0.875 0.0 0.25 0.0 R )
#(1.0 0.6667 1.0 0.0 0.3333 0.0 R )
#(0.9167 0.6667 0.9167 0.0833 0.3333 0.0833 R )
#(1.0 0.5833 1.0 0.0 0.4167 0.0 R )
#(0.625 0.625 0.625 0.375 0.375 0.375 B )
#(1.0 0.5833 1.0 0.0 0.4167 0.0 R )
#(0.7917 0.8333 0.8333 0.2083 0.1667 0.1667 L )
#(0.9583 0.8333 0.9583 0.0417 0.1667 0.0417 R )
#(0.9583 0.8333 0.9583 0.0417 0.1667 0.0417 R )
#(1.0 0.875 1.0 0.0 0.125 0.0 R )
#(0.9167 0.6667 0.9167 0.0833 0.3333 0.0833 R )
#(0.9583 0.9167 1.0 0.0417 0.0833 0.0 R )
#(0.9167 0.6667 0.9167 0.0833 0.3333 0.0833 R )
#(0.9583 0.8333 1.0 0.0417 0.1667 0.0 R )
#(0.9583 1.0 1.0 0.0417 0.0 0.0 L )
#(0.7083 0.5 1.0 0.2917 0.5 0.0 R )
#(0.9583 1.0 1.0 0.0417 0.0 0.0 L )
#(0.7083 0.5 1.0 0.2917 0.5 0.0 R )
#(0.6667 0.5 1.0 0.3333 0.5 0.0 R )
#(0.9167 0.8333 1.0 0.0833 0.1667 0.0 R )
#(0.5833 0.6667 1.0 0.4167 0.3333 0.0 L )
#(0.625 0.375 0.75 0.375 0.625 0.25 R )
#(1.0 0.7917 1.0 0.0 0.2083 0.0 R )
#(0.9167 0.5417 0.9167 0.0833 0.4583 0.0833 R )
#(1.0 0.7917 1.0 0.0 0.2083 0.0 R )
#(0.8333 0.5 0.8333 0.1667 0.5 0.1667 R )
#(0.7917 0.5833 0.7917 0.2083 0.4167 0.2083 R )
#(0.9167 0.7083 0.9167 0.0833 0.2917 0.0833 R )
#(0.8333 0.8333 0.8333 0.1667 0.1667 0.1667 B )
#(0.6667 0.8333 0.9167 0.3333 0.1667 0.0833 L )
#(1.0 1.0 1.0 0.0 0.0 0.0 B )
#(0.9167 0.7083 1.0 0.0833 0.2917 0.0 R )
#(1.0 0.25 1.0 0.0 0.75 0.0 R )
#(1.0 1.0 1.0 0.0 0.0 0.0 B )
#(0.875 0.7917 1.0 0.125 0.2083 0.0 R )
#(0.75 0.5833 1.0 0.25 0.4167 0.0 R )
#(0.875 0.625 1.0 0.125 0.375 0.0 R )
#(0.7708 0.5833 1.0 0.2292 0.4167 0.0 R )
#(0.8333 0.6667 0.8333 0.1667 0.3333 0.1667 R )
#(0.7917 0.3333 0.7917 0.2083 0.6667 0.2083 R )
#(1.0 0.3333 1.0 0.0 0.6667 0.0 R )
#(1.0 0.3333 1.0 0.0 0.6667 0.0 R )
#(1.0 1.0 1.0 0.0 0.0 0.0 B )
#(2.2083 0.5 2.2083 0.125 1.4583 0.125 R )
#(1.0 0.7917 1.0 0.0 0.2083 0.0 R )
#(0.9167 0.5417 0.9167 0.0833 0.4583 0.0833 R )
#(1.0 0.7917 1.0 0.0 0.2083 0.0 R )
#(0.875 0.5417 0.875 0.125 0.4583 0.125 R )
#(0.8333 0.8333 0.9583 0.1667 0.1667 0.0417 B )
#(0.875 0.8333 0.9583 0.125 0.1667 0.0417 R )
#(1.0 1.0 1.0 0.0 0.0 0.0 B )
#(0.9167 0.625 0.9167 0.0833 0.375 0.0833 R )
#(0.9167 1.0 1.0 0.0833 0.0 0.0 L )
#(0.9167 0.5833 0.9167 0.0833 0.4167 0.0833 R )
#(0.9583 1.0 1.0 0.0417 0.0 0.0 L )
#(1.0 0.8333 1.0 0.0 0.1667 0.0 R )
#(0.8333 0.8333 1.0 0.1667 0.1667 0.0 B )
#(0.8333 0.6667 1.0 0.1667 0.3333 0.0 R )
#(0.8333 0.8333 1.0 0.1667 0.1667 0.0 B )
#(0.6667 0.3333 1.0 0.3333 0.6667 0.0 R )
#(0.75 0.8333 1.0 0.25 0.1667 0.0 L )
#(1.0 0.375 1.0 0.0 0.625 0.0 R )
#(0.9167 0.4583 0.9167 0.0833 0.5417 0.0833 R )
#(1.0 0.75 1.0 0.0 0.25 0.0 R )
#(0.625 0.4583 0.625 0.375 0.5417 0.375 R )
#(1.0 0.5833 1.0 0.0 0.4167 0.0 R )
#(0.8333 0.8333 0.8333 0.1667 0.1667 0.1667 B )
#(0.5 0.5 0.5 0.5 0.5 0.5 B )
#(0.875 1.0 1.0 0.125 0.0 0.0 L )
#(0.75 1.0 1.0 0.25 0.0 0.0 L )
#(1.0 0.375 1.0 0.0 0.625 0.0 R )
#(0.875 0.875 1.0 0.125 0.125 0.0 B )
#(0.875 0.875 1.0 0.125 0.125 0.0 B )
#(0.875 0.875 1.0 0.125 0.125 0.0 B )
#(0.875 1.0 1.0 0.125 0.0 0.0 L )
#(0.9688 0.6875 1.0 0.0313 0.3125 0.0 R )
#(0.9063 0.4375 1.0 0.0938 0.5625 0.0 R )
#(1.0 1.0 1.0 0.0 0.0 0.0 B )
#(0.9375 1.0 1.0 0.0625 0.0 0.0 L )
#(0.9688 0.75 1.0 0.0313 0.25 0.0 R )
#(0.9375 0.8125 1.0 0.0625 0.1875 0.0 R )
#(1.0 0.6875 1.0 0.0 0.3125 0.0 R )
#(0.9063 0.8125 0.9375 0.0938 0.1875 0.0625 R )
#(0.9688 0.875 1.0 0.0313 0.125 0.0 R )
#(0.9063 0.8125 1.0 0.0938 0.1875 0.0 R )
#(1.0 1.0 1.0 0.0 0.0 0.0 B )
#(0.8125 1.0 1.0 0.1875 0.0 0.0 L )
#(0.8125 1.0 1.0 0.1875 0.0 0.0 L )
#(0.8594 0.75 0.9844 0.1406 0.25 0.0156 R )
#(0.9844 0.9375 1.0 0.0156 0.0625 0.0 R )
#(0.8125 1.0 1.0 0.1875 0.0 0.0 L )
#(0.8125 0.75 1.0 0.1875 0.25 0.0 R )
#(0.9375 0.625 1.0 0.0625 0.375 0.0 R )
#(0.9375 0.8125 1.0 0.0625 0.1875 0.0 R )
#(0.875 0.875 1.0 0.125 0.125 0.0 L )
#(0.9375 0.9375 1.0 0.0625 0.0625 0.0 B )
#(0.875 1.0 1.0 0.125 0.0 0.0 L )
#(0.9688 0.625 1.0 0.0313 0.375 0.0 R )
#(0.9063 0.4375 1.0 0.0938 0.5625 0.0 R )
#(1.0 1.0 1.0 0.0 0.0 0.0 B )
#(0.9219 1.0 1.0 0.0781 0.0 0.0 L )
#(0.9688 0.75 1.0 0.0313 0.25 0.0 R )
#(0.9531 0.75 1.0 0.0469 0.25 0.0 R )
#(1.0 0.625 1.0 0.0 0.375 0.0 R )
#(0.9063 1.0 1.0 0.0938 0.0 0.0 L )
#(0.625 0.875 0.875 0.375 0.125 0.125 L )
#(0.875 0.7083 0.875 0.0 0.1667 0.0 R )
#(1.0 0.875 1.0 0.0 0.125 0.0 R )
#(0.7083 0.625 0.75 0.0417 0.125 0.0 R )
#(1.0 0.8333 1.0 0.0 0.1667 0.0 R )
#(1.0 0.8333 1.0 0.0 0.1667 0.0 R )
#(0.7083 0.5833 0.75 0.0417 0.1667 0.0 R )
#(0.9167 0.875 1.0 0.0833 0.125 0.0 R )
#(0.7083 0.5417 0.75 0.0417 0.2083 0.0 R )
#(1.0 0.7917 1.0 0.0 0.2083 0.0 R )
#(0.75 0.8333 0.875 0.125 0.0417 0.0 L )
#(0.875 0.75 0.875 0.0 0.125 0.0 R )
#(0.9583 0.7917 0.9583 0.0417 0.2083 0.0417 R )
#(1.0 0.875 1.0 0.0 0.125 0.0 R )
#(0.9583 0.875 1.0 0.0417 0.125 0.0 R )
#(1.0 0.8333 1.0 0.0 0.1667 0.0 R )
#(1.0 0.7917 1.0 0.0 0.2083 0.0 R )
#(0.9167 0.875 1.0 0.0833 0.125 0.0 R )
#(0.3333 0.3333 0.3333 0.1667 0.1667 0.1667 B )
#(1.0 0.875 1.0 0.0 0.125 0.0 R )
#(1.0 0.75 1.0 0.0 0.25 0.0 R )
#(1.0 1.0 1.0 0.0 0.0 0.0 B )
#(1.0 0.8125 1.0 0.0 0.1875 0.0 R )
#(1.0 0.75 1.0 0.0 0.25 0.0 R )
#(0.9375 1.0 1.0 0.0625 0.0 0.0 L )
#(0.9375 1.0 1.0 0.0625 0.0 0.0 L )
#(0.8333 0.625 1.0 0.1667 0.375 0.0 R )
#(0.625 1.0 1.0 0.375 0.0 0.0 L )
#(0.875 1.0 1.0 0.125 0.0 0.0 L )
#(0.875 1.0 1.0 0.125 0.0 0.0 L )
#(0.9375 0.875 1.0 0.0625 0.125 0.0 R )
#(1.0 0.75 1.0 0.0 0.25 0.0 R )
#(1.0 0.6875 1.0 0.0 0.3125 0.0 R )
#(0.9688 0.75 1.0 0.0313 0.25 0.0 R )
#(0.9375 1.0 1.0 0.0625 0.0 0.0 L )
#(0.8125 0.875 0.9375 0.1875 0.125 0.0625 L )
#(0.8438 0.9063 0.9063 0.1563 0.0938 0.0938 L )
#(0.8438 0.8125 0.9375 0.1563 0.1875 0.0625 R )
#(0.8438 1.0 1.0 0.1563 0.0 0.0 L )
#(0.75 1.0 1.0 0.25 0.0 0.0 L )
#(0.8125 1.0 1.0 0.1875 0.0 0.0 L )
#(0.7188 0.875 0.9375 0.2813 0.125 0.0625 L )
#(0.625 0.4375 0.625 0.375 0.5625 0.375 R )
#(1.0 0.9375 1.0 0.0 0.0625 0.0 R )
#(1.0 0.75 1.0 0.0 0.25 0.0 R )
#(1.0 1.0 1.0 0.0 0.0 0.0 B )
#(1.0 0.75 1.0 0.0 0.25 0.0 R )
#(1.0 0.8125 1.0 0.0 0.1875 0.0 R )
#(0.9375 1.0 1.0 0.0625 0.0 0.0 L )
#(0.9375 0.875 1.0 0.0625 0.125 0.0 R )
#(1.0 0.5 1.0 0.0 0.5 0.0 R )
#(0.9271 0.75 1.0 0.0729 0.25 0.0 R )
#(0.7813 1.0 1.0 0.2188 0.0 0.0 L )
#(0.8125 1.0 1.0 0.1875 0.0 0.0 L )
#(0.875 1.0 1.0 0.125 0.0 0.0 L )
#(1.0 0.8125 1.0 0.0 0.1875 0.0 R )
#(1.0 0.6875 1.0 0.0 0.3125 0.0 R )
#(1.0 0.6875 1.0 0.0 0.3125 0.0 R )
#(0.9063 0.875 1.0 0.0938 0.125 0.0 R )
#(0.9375 1.0 1.0 0.0625 0.0 0.0 L )
#(0.8125 0.9375 1.0 0.1875 0.0625 0.0 L )
#(0.5 0.5 0.5 0.5 0.5 0.5 B )
#(1.0 1.0 1.0 0.0 0.0 0.0 B )
#(0.9583 0.9583 0.9583 0.0417 0.0417 0.0417 B )
#(1.0 0.9167 1.0 0.0 0.0833 0.0 R )
#(1.0 1.0 1.0 0.0 0.0 0.0 B )
#(0.9167 0.9167 0.9167 0.0833 0.0833 0.0833 B )
#(0.9167 0.6667 0.9167 0.0833 0.3333 0.0833 R )
#(0.75 0.75 1.0 0.25 0.25 0.0 B )
#(0.9167 0.75 0.9167 0.0833 0.25 0.0833 R )
#(1.0 0.5833 1.0 0.0 0.4167 0.0 R )
#(0.75 0.6667 0.9167 0.25 0.3333 0.0833 R )
#(0.8125 0.8333 1.0 0.1875 0.1667 0.0 L )
#(0.875 0.9167 1.0 0.125 0.0833 0.0 L )
#(0.9167 0.75 0.9167 0.0833 0.25 0.0833 R )
#(0.9167 0.5 1.0 0.0833 0.5 0.0 R )
#(0.8333 0.8333 1.0 0.1667 0.1667 0.0 B )
#(1.0 1.0 1.0 0.0 0.0 0.0 B )
#(0.8333 0.75 0.9167 0.1667 0.25 0.0833 R )
#(1.0 0.5 1.0 0.0 0.5 0.0 R )
#(1.0 0.3333 1.0 0.0 0.6667 0.0 R )
#(1.0 0.5 1.0 0.0 0.5 0.0 R )
#(1.0 0.5 1.0 0.0 0.5 0.0 R )
#(1.0 0.5 1.0 0.0 0.5 0.0 R )
#(1.0 0.8333 1.0 0.0 0.1667 0.0 R )
#(0.8542 1.0 1.0 0.1458 0.0 0.0 L )
#(0.875 0.8333 1.0 0.125 0.1667 0.0 R )
#(1.0 0.6667 1.0 0.0 0.3333 0.0 R )
#(1.0 0.6667 1.0 0.0 0.3333 0.0 R )
#(1.0 0.3333 1.0 0.0 0.6667 0.0 R )
#(1.0 0.5 1.0 0.0 0.5 0.0 R )
#(1.0 0.5 1.0 0.0 0.5 0.0 R )
#(0.3333 0.6667 0.6667 0.6667 0.3333 0.3333 L )
#(0.75 0.75 0.875 0.125 0.125 0.0 B )
#(1.0 1.0 1.0 0.0 0.0 0.0 B )
#(0.75 0.5 0.75 0.0 0.25 0.0 R )
#(1.0 0.75 1.0 0.0 0.25 0.0 R )
#(0.875 0.875 1.0 0.125 0.125 0.0 B )
#(1.0 1.0 1.0 0.0 0.0 0.0 B )
#(0.75 0.625 0.75 0.0 0.125 0.0 R )
#(1.0 1.0 1.0 0.0 0.0 0.0 B )
#(0.75 0.625 0.75 0.0 0.125 0.0 R )
#(1.0 1.0 1.0 0.0 0.0 0.0 B )
#(0.875 0.875 0.875 0.0 0.0 0.0 B )
#(0.875 0.75 0.875 0.0 0.125 0.0 R )
#(1.0 1.0 1.0 0.0 0.0 0.0 B )
#(1.0 0.875 1.0 0.0 0.125 0.0 R )
#(1.0 1.0 1.0 0.0 0.0 0.0 B )
#(0.75 0.625 0.75 0.0 0.125 0.0 R )
#(1.0 1.0 1.0 0.0 0.0 0.0 B )
#(0.6875 0.625 0.75 0.0625 0.125 0.0 R )
#(0.9375 1.0 1.0 0.0625 0.0 0.0 L )
#(0.75 0.625 0.75 0.0 0.125 0.0 R )
#(1.0 0.75 1.0 0.0 0.25 0.0 R )
#(1.0 0.75 1.0 0.0 0.25 0.0 R )
#(0.875 1.0 1.0 0.125 0.0 0.0 L )
#(0.875 0.875 0.875 0.0 0.0 0.0 B )
#(0.8125 0.75 0.875 0.0625 0.125 0.0 R )
#(0.9375 1.0 1.0 0.0625 0.0 0.0 L )
#(0.875 0.875 0.875 0.0 0.0 0.0 B )
#(1.0 1.0 1.0 0.0 0.0 0.0 B )
#(1.0 1.0 1.0 0.0 0.0 0.0 B )
#(1.0 1.0 1.0 0.0 0.0 0.0 B )
#(1.0 1.0 1.0 0.0 0.0 0.0 B )
#(1.0 1.0 1.0 0.0 0.0 0.0 B )
#(1.0 1.0 1.0 0.0 0.0 0.0 B )
#(1.0 1.0 1.0 0.0 0.0 0.0 B )
#(0.5 0.5 0.5 0.5 0.5 0.5 B )
#(0.9167 1.0 1.0 0.0833 0.0 0.0 L )
#(1.0 0.5833 1.0 0.0 0.4167 0.0 R )
#(0.9167 0.75 0.9167 0.0833 0.25 0.0833 R )
#(1.0 1.0 1.0 0.0 0.0 0.0 B )
#(0.9167 0.8333 0.9167 0.0833 0.1667 0.0833 R )
#(0.8333 0.8333 0.8333 0.1667 0.1667 0.1667 B )
#(1.0 0.8333 1.0 0.0 0.1667 0.0 R )
#(0.9167 0.8333 1.0 0.0833 0.1667 0.0 R )
#(0.9167 1.0 1.0 0.0833 0.0 0.0 L )
#(0.9167 0.9167 0.9167 0.0833 0.0833 0.0833 B )
#(0.875 0.5833 0.9167 0.125 0.4167 0.0833 R )
#(1.0 0.6667 1.0 0.0 0.3333 0.0 R )
#(1.0 1.0 1.0 0.0 0.0 0.0 B )
#(0.9167 1.0 1.0 0.0833 0.0 0.0 L )
#(0.6667 1.0 1.0 0.3333 0.0 0.0 L )
#(0.7083 1.0 1.0 0.2917 0.0 0.0 L )
#(0.7917 0.75 1.0 0.2083 0.25 0.0 R )
#(1.0 0.8333 1.0 0.0 0.1667 0.0 R )
#(1.0 0.8333 1.0 0.0 0.1667 0.0 R )
#(1.0 1.0 1.0 0.0 0.0 0.0 B )
#(0.7292 0.75 1.0 0.2708 0.25 0.0 L )
#(0.8542 1.0 1.0 0.1458 0.0 0.0 L )
#(1.0 1.0 1.0 0.0 0.0 0.0 B )
#(0.9167 0.75 0.9167 0.0833 0.25 0.0833 R )
#(1.0 0.6667 1.0 0.0 0.3333 0.0 R )
#(1.0 0.6667 1.0 0.0 0.3333 0.0 R )
#(1.0 0.5 1.0 0.0 0.5 0.0 R )
#(0.6667 1.0 1.0 0.3333 0.0 0.0 L )
#(0.6667 1.0 1.0 0.3333 0.0 0.0 L )
#(0.6667 1.0 1.0 0.3333 0.0 0.0 L )
#(0.8333 0.75 1.0 0.1667 0.25 0.0 R )
#(0.6667 0.6667 0.6667 0.3333 0.3333 0.3333 B )
#(0.6667 0.6667 0.6667 0.3333 0.3333 0.3333 B )
#(0.9167 1.0 1.0 0.0833 0.0 0.0 L )
#(1.0 0.5833 1.0 0.0 0.4167 0.0 R )
#(0.9167 0.75 0.9167 0.0833 0.25 0.0833 R )
#(1.0 1.0 1.0 0.0 0.0 0.0 B )
#(0.9167 0.8333 0.9167 0.0833 0.1667 0.0833 R )
#(0.8333 0.8333 0.8333 0.1667 0.1667 0.1667 B )
#(1.0 0.8333 1.0 0.0 0.1667 0.0 R )
#(1.0 0.8333 1.0 0.0 0.1667 0.0 R )
#(0.9167 0.8333 1.0 0.0833 0.1667 0.0 R )
#(0.9167 1.0 1.0 0.0833 0.0 0.0 L )
#(0.9167 0.9167 0.9167 0.0833 0.0833 0.0833 B )
#(0.875 0.5833 0.9167 0.125 0.4167 0.0833 R )
#(1.0 0.6667 1.0 0.0 0.3333 0.0 R )
#(1.0 1.0 1.0 0.0 0.0 0.0 B )
#(0.9167 1.0 1.0 0.0833 0.0 0.0 L )
#(0.6667 1.0 1.0 0.3333 0.0 0.0 L )
#(0.7083 1.0 1.0 0.2917 0.0 0.0 L )
#(0.7917 0.75 1.0 0.2083 0.25 0.0 R )
#(1.0 0.8333 1.0 0.0 0.1667 0.0 R )
#(1.0 0.8333 1.0 0.0 0.1667 0.0 R )
#(1.0 1.0 1.0 0.0 0.0 0.0 B )
#(0.7292 0.625 1.0 0.2708 0.375 0.0 R )
#(0.8542 0.875 1.0 0.1458 0.125 0.0 L )
#(1.0 1.0 1.0 0.0 0.0 0.0 B )
#(0.6667 0.6667 0.6667 0.3333 0.3333 0.3333 B )
#(0.9375 0.9688 1.0 0.0625 0.0313 0.0 L )
#(0.875 1.0 1.0 0.125 0.0 0.0 L )
#(0.8125 0.7813 1.0 0.1875 0.2188 0.0 R )
#(0.875 0.75 1.0 0.125 0.25 0.0 R )
#(0.9805 0.8594 1.0 0.0195 0.1406 0.0 R )
#(0.9375 0.9688 1.0 0.0625 0.0313 0.0 L )
#(0.875 1.0 1.0 0.125 0.0 0.0 L )
#(0.7969 0.8438 1.0 0.2031 0.1563 0.0 L )
#(0.875 0.9375 1.0 0.125 0.0625 0.0 L )
#(0.9219 0.8906 0.9688 0.0781 0.1094 0.0313 R )
#(0.9792 0.4583 1.0 0.0208 0.5417 0.0 R )
#(0.8958 0.5 0.9167 0.1042 0.5 0.0833 R )
#(0.8333 0.7083 0.8333 0.1667 0.2917 0.1667 R )
#(0.875 0.75 0.9167 0.125 0.25 0.0833 R )
#(0.9167 1.0 1.0 0.0833 0.0 0.0 L )
#(0.9583 0.8333 0.9583 0.0417 0.1667 0.0417 R )
#(0.8333 0.75 0.8333 0.1667 0.25 0.1667 R )
#(0.8333 0.7083 0.8333 0.1667 0.2917 0.1667 R )
#(0.9167 0.6667 0.9167 0.0833 0.3333 0.0833 R )
#(1.0 1.0 1.0 0.0 0.0 0.0 B )
#(1.0 0.8333 1.0 0.0 0.1667 0.0 R )
#(1.0 0.5417 1.0 0.0 0.4583 0.0 R )
#(0.8542 0.8958 1.0 0.1458 0.1042 0.0 L )
#(0.9583 1.0 1.0 0.0417 0.0 0.0 L )
#(0.875 1.0 1.0 0.125 0.0 0.0 L )
#(0.9583 1.0 1.0 0.0417 0.0 0.0 L )
#(1.0 0.7083 1.0 0.0 0.2917 0.0 R )
#(0.9167 0.5417 1.0 0.0833 0.4583 0.0 R )
#(1.0 0.875 1.0 0.0 0.125 0.0 R )
#(1.0 0.5417 1.0 0.0 0.4583 0.0 R )
#(0.9167 0.8333 1.0 0.0833 0.1667 0.0 R )
#(0.75 0.7917 1.0 0.25 0.2083 0.0 L )
#(0.7292 0.3333 0.75 0.2708 0.6667 0.25 R )
#(1.0 0.875 1.0 0.0 0.125 0.0 R )
#(0.9792 0.5833 1.0 0.0208 0.4167 0.0 R )
#(0.9375 0.5833 1.0 0.0625 0.4167 0.0 R )
#(0.9375 0.5833 1.0 0.0625 0.4167 0.0 R )
#(0.8542 0.5833 1.0 0.1458 0.4167 0.0 R )
#(0.9167 1.0 1.0 0.0833 0.0 0.0 L )
#(0.9167 0.9167 1.0 0.0833 0.0833 0.0 B )
#(0.875 0.7917 1.0 0.125 0.2083 0.0 R )
#(0.375 0.75 1.0 0.625 0.25 0.0 L )
#(1.0 1.0 1.0 0.0 0.0 0.0 B )
#(0.7917 0.8333 1.0 0.2083 0.1667 0.0 L )
#(0.8333 0.8333 1.0 0.1667 0.1667 0.0 B )
#(0.9167 0.4583 1.0 0.0833 0.5417 0.0 R )
#(0.4792 0.5833 1.0 0.5208 0.4167 0.0 L )
#(1.0 0.625 1.0 0.0 0.375 0.0 R )
#(0.8958 0.375 0.9167 0.1042 0.625 0.0833 R )
#(0.7083 0.6667 0.75 0.2917 0.3333 0.25 R )
#(1.0 0.9167 1.0 0.0 0.0833 0.0 R )
#(0.9167 1.0 1.0 0.0833 0.0 0.0 L )
#(0.9167 0.75 0.9167 0.0833 0.25 0.0833 R )
#(1.0 0.8333 1.0 0.0 0.1667 0.0 R )
#(1.0 0.7083 1.0 0.0 0.2917 0.0 R )
#(0.8958 0.7292 1.0 0.1042 0.2708 0.0 R )
#(0.9167 1.0 1.0 0.0833 0.0 0.0 L )
#(0.9167 1.0 1.0 0.0833 0.0 0.0 L )
#(0.9167 1.0 1.0 0.0833 0.0 0.0 L )
#(0.9375 0.9583 1.0 0.0625 0.0417 0.0 L )
#(1.0 0.7083 1.0 0.0 0.2917 0.0 R )
#(0.9167 0.5417 1.0 0.0833 0.4583 0.0 R )
#(1.0 0.875 1.0 0.0 0.125 0.0 R )
#(1.0 0.5 1.0 0.0 0.5 0.0 R )
#(0.9167 0.8333 1.0 0.0833 0.1667 0.0 R )
#(1.0 0.75 1.0 0.0 0.25 0.0 R )
#(0.4583 0.5833 0.5833 0.5417 0.4167 0.4167 L )
#(0.7917 0.7917 0.7917 0.2083 0.2083 0.2083 B )
#(0.9167 0.7083 0.9167 0.0833 0.2917 0.0833 R )
#(0.75 0.625 0.75 0.25 0.375 0.25 R )
#(1.0 1.0 1.0 0.0 0.0 0.0 B )
#(0.6667 0.6667 0.6667 0.3333 0.3333 0.3333 B )
#(0.8125 0.6563 0.8125 0.0 0.1563 0.0 R )
#(0.9688 0.7813 1.0 0.0313 0.2188 0.0 R )
#(0.9375 0.6875 1.0 0.0625 0.3125 0.0 R )
#(0.9375 0.9063 1.0 0.0625 0.0938 0.0 R )
#(0.9063 1.0 1.0 0.0938 0.0 0.0 L )
#(0.8438 0.75 0.9375 0.1563 0.25 0.0625 R )
#(1.0 0.7813 1.0 0.0 0.2188 0.0 R )
#(0.9375 0.7188 1.0 0.0625 0.2813 0.0 R )
#(1.0 0.6563 1.0 0.0 0.3438 0.0 R )
#(0.8125 1.0 1.0 0.1875 0.0 0.0 L )
#(1.0 0.9375 1.0 0.0 0.0625 0.0 R )
#(0.875 0.875 1.0 0.125 0.125 0.0 B )
#(0.9375 0.8438 1.0 0.0625 0.1563 0.0 R )
#(1.0 0.875 1.0 0.0 0.125 0.0 R )
#(0.9688 0.875 1.0 0.0313 0.125 0.0 R )
#(0.875 0.9375 0.9375 0.0625 0.0 0.0 L )
#(0.75 0.6563 0.8125 0.0625 0.1563 0.0 R )
#(0.875 0.875 1.0 0.125 0.125 0.0 B )
#(0.9219 1.0 1.0 0.0781 0.0 0.0 L )
#(0.9844 1.0 1.0 0.0156 0.0 0.0 L )
#(1.0 0.75 1.0 0.0 0.25 0.0 R )
#(0.875 0.4375 1.0 0.125 0.5625 0.0 R )
#(0.9375 0.75 1.0 0.0625 0.25 0.0 R )
#(1.0 0.5 1.0 0.0 0.5 0.0 R )
#(0.9688 0.9063 1.0 0.0313 0.0938 0.0 R )
#(1.0 0.625 1.0 0.0 0.375 0.0 R )
#(0.9375 0.8125 1.0 0.0625 0.1875 0.0 R )
#(0.9688 0.6875 1.0 0.0313 0.3125 0.0 R )
#(0.9375 1.0 1.0 0.0625 0.0 0.0 L )
#(0.8125 0.875 0.9375 0.1875 0.125 0.0625 L )
#(1.0 0.75 1.0 0.0 0.25 0.0 R )
#(0.9375 0.75 1.0 0.0625 0.25 0.0 R )
#(1.0 0.75 1.0 0.0 0.25 0.0 R )
#(0.8125 0.9688 1.0 0.1875 0.0313 0.0 L )
#(1.0 1.0 1.0 0.0 0.0 0.0 B )
#(0.9375 0.8125 1.0 0.0625 0.1875 0.0 R )
#(0.75 1.0 1.0 0.25 0.0 0.0 L )
#(0.75 0.875 1.0 0.25 0.125 0.0 L )
#(1.0 0.7188 1.0 0.0 0.2813 0.0 R )
#(1.0 0.8125 1.0 0.0 0.1875 0.0 R )
#(0.9688 1.0 1.0 0.0313 0.0 0.0 L )
#(0.8333 0.9167 0.9167 0.0833 0.0 0.0 L )
#(0.9896 0.75 1.0 0.0104 0.25 0.0 R )
#(0.9583 0.875 1.0 0.0417 0.125 0.0 R )
#(1.0 0.9583 1.0 0.0 0.0417 0.0 R )
#(0.9167 0.7917 1.0 0.0833 0.2083 0.0 R )
#(0.875 0.9167 1.0 0.125 0.0833 0.0 L )
#(0.9583 0.9583 1.0 0.0417 0.0417 0.0 B )
#(0.9688 0.9167 1.0 0.0313 0.0833 0.0 R )
#(0.9167 1.0 1.0 0.0833 0.0 0.0 L )
#(0.8333 0.9167 1.0 0.1667 0.0833 0.0 L )
#(0.9167 1.0 1.0 0.0833 0.0 0.0 L )
#(0.9583 1.0 1.0 0.0417 0.0 0.0 L )
#(1.0 1.0 1.0 0.0 0.0 0.0 B )
#(0.9583 0.7083 0.9583 0.0417 0.2917 0.0417 R )
#(1.0 0.8333 1.0 0.0 0.1667 0.0 R )
#(0.9583 0.9583 1.0 0.0417 0.0417 0.0 B )
#(0.9167 0.9583 1.0 0.0833 0.0417 0.0 L )
#(0.875 0.7917 1.0 0.125 0.2083 0.0 R )
#(0.9583 0.9583 1.0 0.0417 0.0417 0.0 B )
#(1.0 0.9583 1.0 0.0 0.0417 0.0 R )
#(0.8958 0.9167 1.0 0.1042 0.0833 0.0 L )
#(0.9444 0.8333 0.9444 0.0556 0.1667 0.0556 R )
#(0.9688 0.875 1.0 0.0313 0.125 0.0 R )
#(0.9688 0.75 1.0 0.0313 0.25 0.0 R )
#(0.9688 0.9375 1.0 0.0313 0.0625 0.0 R )
#(0.9375 0.875 1.0 0.0625 0.125 0.0 R )
#(0.9375 0.625 1.0 0.0625 0.375 0.0 R )
#(0.9583 0.6875 1.0 0.0417 0.3125 0.0 R )
#(0.875 1.0 1.0 0.125 0.0 0.0 L )
#(1.0 0.6875 1.0 0.0 0.3125 0.0 R )
#(0.9375 0.8125 1.0 0.0625 0.1875 0.0 R )
#(0.875 0.6875 1.0 0.125 0.3125 0.0 R )
#(0.9688 0.875 1.0 0.0313 0.125 0.0 R )
#(0.9688 0.75 1.0 0.0313 0.25 0.0 R )
#(0.9688 0.9375 1.0 0.0313 0.0625 0.0 R )
#(0.9375 0.875 1.0 0.0625 0.125 0.0 R )
#(0.9375 0.625 1.0 0.0625 0.375 0.0 R )
#(0.9531 0.75 0.9531 0.0469 0.25 0.0469 R )
#(0.9219 0.8438 1.0 0.0781 0.1563 0.0 R )
#(1.0 0.6875 1.0 0.0 0.3125 0.0 R )
#(1.0 0.8125 1.0 0.0 0.1875 0.0 R )
#(0.9688 0.875 1.0 0.0313 0.125 0.0 R )
#(0.9063 0.625 1.0 0.0938 0.375 0.0 R )
#(0.8125 0.75 0.8438 0.1875 0.25 0.1563 R )
#(0.8125 0.625 0.8125 0.1875 0.375 0.1875 R )
#(0.9375 0.75 0.9688 0.0625 0.25 0.0313 R )
#(0.8125 0.75 1.0 0.1875 0.25 0.0 R )
#(0.9375 0.875 1.0 0.0625 0.125 0.0 R )
#(0.875 0.75 1.0 0.125 0.25 0.0 R )
#(0.9375 0.6875 1.0 0.0625 0.3125 0.0 R )
#(0.9687 0.875 1.0 0.0313 0.125 0.0 R )
#(0.9688 0.8125 1.0 0.0313 0.1875 0.0 R )
#(0.9687 0.9375 1.0 0.0313 0.0625 0.0 R )
#(0.9375 0.8125 1.0 0.0625 0.1875 0.0 R )
#(0.9375 0.625 1.0 0.0625 0.375 0.0 R )
#(0.9063 0.6875 1.0 0.0938 0.3125 0.0 R )
#(0.9167 0.5938 1.0 0.0833 0.4063 0.0 R )
#(0.9792 0.9063 1.0 0.0208 0.0938 0.0 R )
#(1.0 0.9375 1.0 0.0 0.0625 0.0 R )
#(0.875 1.0 1.0 0.125 0.0 0.0 L )
#(1.0 0.6875 1.0 0.0 0.3125 0.0 R )
#(1.0 0.5 1.0 0.0 0.5 0.0 R )
#(0.9375 0.6875 1.0 0.0625 0.3125 0.0 R )
#(0.8438 0.875 1.0 0.1563 0.125 0.0 L )
#(0.9688 0.5313 0.9688 0.0313 0.4688 0.0313 R )
#(0.875 1.0 1.0 0.125 0.0 0.0 L )
#(0.875 0.6875 1.0 0.125 0.3125 0.0 R )
#(0.9375 0.75 1.0 0.0625 0.25 0.0 R )
#(1.0 0.8125 1.0 0.0 0.1875 0.0 R )
#(0.75 1.0 1.0 0.25 0.0 0.0 L )
#(0.875 1.0 1.0 0.125 0.0 0.0 L )
#(1.9766 0.875 2.2891 0.3359 1.4375 0.0234 R )
#(0.9688 0.875 1.0 0.0313 0.125 0.0 R )
#(0.9688 0.875 1.0 0.0313 0.125 0.0 R )
#(1.0 0.625 1.0 0.0 0.375 0.0 R )
#(0.8438 1.0 1.0 0.1563 0.0 0.0 L )
#(0.9687 0.8125 1.0 0.0313 0.1875 0.0 R )
#(0.9063 0.875 0.9375 0.0938 0.125 0.0625 R )
#(0.5625 0.625 0.625 0.4375 0.375 0.375 L )
#(0.8906 0.6875 0.8906 0.1094 0.3125 0.1094 R )
#(0.8906 0.6875 0.8906 0.1094 0.3125 0.1094 R )
#(0.9375 1.0 1.0 0.0625 0.0 0.0 L )
#(0.7813 1.0 1.0 0.2188 0.0 0.0 L )
#(0.8594 0.625 0.9531 0.1406 0.375 0.0469 R )
#(1.0 0.875 1.0 0.0 0.125 0.0 R )
#(0.9375 1.0 1.0 0.0625 0.0 0.0 L )
#(0.6875 0.625 1.0 0.3125 0.375 0.0 R )
#(1.0 0.5625 1.0 0.0 0.4375 0.0 R )
#(0.875 1.0 1.0 0.125 0.0 0.0 L )
#(0.875 1.0 1.0 0.125 0.0 0.0 L )
#(0.8125 0.4375 0.8438 0.1875 0.5625 0.1563 R )
#(0.625 0.875 0.875 0.375 0.125 0.125 L )
#(0.5 0.5 1.0 0.5 0.5 0.0 B )
#(0.8438 0.75 1.0 0.1563 0.25 0.0 R )
#(0.9375 1.0 1.0 0.0625 0.0 0.0 L )
#(1.0 0.5 1.0 0.0 0.5 0.0 R )
#(0.9531 0.5625 1.0 0.0469 0.4375 0.0 R )
#(0.8906 0.6875 0.8906 0.1094 0.3125 0.1094 R )
#(1.0 0.875 1.0 0.0 0.125 0.0 R )
#(0.875 1.0 1.0 0.125 0.0 0.0 L )
#(0.875 0.875 1.0 0.125 0.125 0.0 L )
#(0.75 1.0 1.0 0.25 0.0 0.0 L )
#(0.625 0.625 0.875 0.375 0.375 0.125 B )
#(0.8125 0.5625 0.8125 0.1875 0.4375 0.1875 R )
#(0.8906 0.6875 0.8906 0.1094 0.3125 0.1094 R )
#(0.8906 0.6875 0.8906 0.1094 0.3125 0.1094 R )
#(0.875 1.0 1.0 0.125 0.0 0.0 L )
#(0.8125 0.875 1.0 0.1875 0.125 0.0 L )
#(0.9375 0.75 1.0 0.0625 0.25 0.0 R )
#(0.9375 0.9688 1.0 0.0625 0.0313 0.0 L )
#(0.75 0.75 1.0 0.25 0.25 0.0 B )
#(0.9375 0.5625 1.0 0.0625 0.4375 0.0 R )
#(0.875 1.0 1.0 0.125 0.0 0.0 L )
#(0.9063 0.875 0.9688 0.0938 0.125 0.0313 R )
#(0.9375 0.5625 1.0 0.0625 0.4375 0.0 R )
#(0.9063 0.625 0.9688 0.0938 0.375 0.0313 R )
#(0.375 0.625 1.0 0.625 0.375 0.0 L )
#(0.9063 0.5625 1.0 0.0938 0.4375 0.0 R )
#(0.875 1.0 1.0 0.125 0.0 0.0 L )
#(1.0 0.875 1.0 0.0 0.125 0.0 R )
#(0.8125 0.75 1.0 0.1875 0.25 0.0 R )
#(0.8125 0.75 1.0 0.1875 0.25 0.0 R )
#(0.9375 1.0 1.0 0.0625 0.0 0.0 L )
#(0.6667 1.0 1.0 0.3333 0.0 0.0 L )
#(0.75 0.875 0.875 0.25 0.125 0.125 L )
#(0.5 0.5 0.5 0.5 0.5 0.5 B )
#(0.8333 0.75 0.8333 0.0 0.0833 0.0 R )
#(1.0 1.0 1.0 0.0 0.0 0.0 B )
#(1.0 0.9167 1.0 0.0 0.0833 0.0 R )
#(1.0 0.9167 1.0 0.0 0.0833 0.0 R )
#(0.9167 0.8333 0.9167 0.0833 0.1667 0.0833 R )
#(0.5833 0.6667 1.0 0.4167 0.3333 0.0 L )
#(0.5833 0.3333 0.5833 0.4167 0.6667 0.4167 R )
#(0.9167 0.8333 0.9167 0.0833 0.1667 0.0833 R )
#(0.8333 0.9167 1.0 0.1667 0.0833 0.0 L )
#(0.3333 0.3333 0.5833 0.6667 0.6667 0.4167 B )
#(1.0 0.75 1.0 0.0 0.25 0.0 R )
#(0.5 0.8333 0.8333 0.5 0.1667 0.1667 L )
#(0.9167 1.0 1.0 0.0833 0.0 0.0 L )
#(0.9167 1.0 1.0 0.0833 0.0 0.0 L )
#(0.9583 0.75 1.0 0.0417 0.25 0.0 R )
#(0.875 0.5 1.0 0.125 0.5 0.0 R )
#(0.6667 0.4167 1.0 0.3333 0.5833 0.0 R )
#(0.75 1.0 1.0 0.25 0.0 0.0 L )
#(0.9167 0.8333 1.0 0.0833 0.1667 0.0 R )
#(0.875 0.6667 1.0 0.125 0.3333 0.0 R )
#(0.8333 0.6667 1.0 0.1667 0.3333 0.0 R )
#(0.875 0.6667 1.0 0.125 0.3333 0.0 R )
#(0.9167 0.5 1.0 0.0833 0.5 0.0 R )
#(1.0 0.6667 1.0 0.0 0.3333 0.0 R )
#(1.0 0.5833 1.0 0.0 0.4167 0.0 R )
#(0.6667 0.5833 0.6667 0.3333 0.4167 0.3333 R )
#(1.0 1.0 1.0 0.0 0.0 0.0 B )
#(1.0 0.9167 1.0 0.0 0.0833 0.0 R )
#(1.0 1.0 1.0 0.0 0.0 0.0 B )
#(0.9167 0.75 0.9167 0.0833 0.25 0.0833 R )
#(1.0 1.0 1.0 0.0 0.0 0.0 B )
#(0.4167 0.5 0.8333 0.5833 0.5 0.1667 L )
#(0.75 0.5 0.75 0.25 0.5 0.25 R )
#(0.9167 0.8333 0.9167 0.0833 0.1667 0.0833 R )
#(0.6667 0.8333 1.0 0.3333 0.1667 0.0 L )
#(0.4167 0.4167 0.5833 0.5833 0.5833 0.4167 B )
#(0.0833 0.5833 0.5833 0.9167 0.4167 0.4167 L )
#(0.5 1.0 1.0 0.5 0.0 0.0 L )
#(0.5833 0.8333 0.8333 0.4167 0.1667 0.1667 L )
#(0.0833 0.75 0.75 0.9167 0.25 0.25 L )
#(0.6667 1.0 1.0 0.3333 0.0 0.0 L )
#(0.375 0.8333 0.8333 0.625 0.1667 0.1667 L )
#(0.9167 1.0 1.0 0.0833 0.0 0.0 L )
#(0.9167 1.0 1.0 0.0833 0.0 0.0 L )
#(0.875 0.9167 1.0 0.125 0.0833 0.0 L )
#(0.9167 0.5 1.0 0.0833 0.5 0.0 R )
#(0.875 0.25 1.0 0.125 0.75 0.0 R )
#(1.0 0.1667 1.0 0.0 0.8333 0.0 R )
#(1.0 1.0 1.0 0.0 0.0 0.0 B )
#(0.875 1.0 1.0 0.125 0.0 0.0 L )
#(0.875 0.5 1.0 0.125 0.5 0.0 R )
#(0.8333 0.8333 1.0 0.1667 0.1667 0.0 B )
#(0.875 1.0 1.0 0.125 0.0 0.0 L )
#(1.0 1.0 1.0 0.0 0.0 0.0 B )
#(0.9583 0.4167 1.0 0.0417 0.5833 0.0 R )
#(1.0 0.75 1.0 0.0 0.25 0.0 R )
#(1.0 1.0 1.0 0.0 0.0 0.0 B )
#(0.8333 0.75 0.8333 0.1667 0.25 0.1667 R )
#(0.6667 0.5833 0.6667 0.3333 0.4167 0.3333 R )
#(0.6667 0.5833 0.6667 0.3333 0.4167 0.3333 R )
#(0.6667 0.5833 0.6667 0.3333 0.4167 0.3333 R )
#(0.5 0.4167 0.5 0.5 0.5833 0.5 R )
#(0.9167 0.8333 0.9167 0.0833 0.1667 0.0833 R )
#(0.5833 0.6667 1.0 0.4167 0.3333 0.0 L )
#(0.5833 0.3333 0.5833 0.4167 0.6667 0.4167 R )
#(0.9167 0.8333 0.9167 0.0833 0.1667 0.0833 R )
#(0.8333 0.9167 1.0 0.1667 0.0833 0.0 L )
#(0.3333 0.3333 0.5833 0.6667 0.6667 0.4167 B )
#(0.25 0.5833 0.5833 0.75 0.4167 0.4167 L )
#(0.4583 1.0 1.0 0.5417 0.0 0.0 L )
#(0.5833 1.0 1.0 0.4167 0.0 0.0 L )
#(0.7917 0.8333 1.0 0.2083 0.1667 0.0 L )
#(1.0 0.6667 1.0 0.0 0.3333 0.0 R )
#(1.0 1.0 1.0 0.0 0.0 0.0 B )
#(1.0 1.0 1.0 0.0 0.0 0.0 B )
#(1.0 1.0 1.0 0.0 0.0 0.0 B )
#(1.0 1.0 1.0 0.0 0.0 0.0 B )
#(0.75 1.0 1.0 0.25 0.0 0.0 L )
#(0.75 1.0 1.0 0.25 0.0 0.0 L )
#(0.5 0.5 0.5 0.5 0.5 0.5 B )
#(0.875 1.0 1.0 0.125 0.0 0.0 L )
#(1.0 0.5 1.0 0.0 0.5 0.0 R )
#(0.9375 0.9375 0.9375 0.0625 0.0625 0.0625 B )
#(0.625 1.0 1.0 0.375 0.0 0.0 L )
#(0.7813 0.9063 1.0 0.2188 0.0938 0.0 L )
#(0.9688 0.9688 1.0 0.0313 0.0313 0.0 B )
#(0.9375 0.6875 0.9375 0.0625 0.3125 0.0625 R )
#(0.8438 0.5938 1.0 0.1563 0.4063 0.0 R )
#(0.8438 0.5938 1.0 0.1563 0.4063 0.0 R )
#(0.6875 0.6875 1.0 0.3125 0.3125 0.0 B )
#(0.9219 1.0 1.0 0.0781 0.0 0.0 L )
#(0.9375 0.625 1.0 0.0625 0.375 0.0 R )
#(0.625 0.8125 1.0 0.375 0.1875 0.0 L )
#(0.875 1.0 1.0 0.125 0.0 0.0 L )
#(0.5625 0.9375 0.9375 0.4375 0.0625 0.0625 L )
#(0.8125 0.9375 1.0 0.1875 0.0625 0.0 L )
#(0.9375 0.875 1.0 0.0625 0.125 0.0 R )
#(1.0 0.75 1.0 0.0 0.25 0.0 R )
#(0.75 0.75 0.75 0.25 0.25 0.25 B )
#(0.8333 1.0 1.0 0.1667 0.0 0.0 L )
#(0.9167 0.9167 1.0 0.0833 0.0833 0.0 B )
#(0.9167 1.0 1.0 0.0833 0.0 0.0 L )
#(0.8958 0.9167 0.9167 0.1042 0.0833 0.0833 L )
#(0.8333 1.0 1.0 0.1667 0.0 0.0 L )
#(1.0 0.9167 1.0 0.0 0.0833 0.0 R )
#(0.9167 1.0 1.0 0.0833 0.0 0.0 L )
#(0.8958 0.9167 0.9167 0.1042 0.0833 0.0833 L )
#(0.8333 1.0 1.0 0.1667 0.0 0.0 L )
#(1.0 0.9167 1.0 0.0 0.0833 0.0 R )
#(0.8333 1.0 1.0 0.1667 0.0 0.0 L )
#(1.0 0.9167 1.0 0.0 0.0833 0.0 R )
#(0.8333 1.0 1.0 0.1667 0.0 0.0 L )
#(0.9167 0.9167 1.0 0.0833 0.0833 0.0 B )
#(0.9167 1.0 1.0 0.0833 0.0 0.0 L )
#(0.9792 0.8333 1.0 0.0208 0.1667 0.0 R )
#(0.9792 0.8333 1.0 0.0208 0.1667 0.0 R )
#(1.0 0.875 1.0 0.0 0.125 0.0 R )
#(0.6667 0.4167 0.6667 0.3333 0.5833 0.3333 R )
#(0.75 0.625 0.875 0.125 0.25 0.0 R )
#(0.875 0.6875 1.0 0.125 0.3125 0.0 R )
#(0.6875 0.75 0.75 0.0625 0.0 0.0 L )
#(0.875 0.6875 1.0 0.125 0.3125 0.0 R )
#(0.8125 0.625 1.0 0.1875 0.375 0.0 R )
#(0.8125 0.375 0.9375 0.1875 0.625 0.0625 R )
#(0.875 0.6875 1.0 0.125 0.3125 0.0 R )
#(0.6875 0.75 1.0 0.3125 0.25 0.0 L )
#(0.875 0.875 1.0 0.125 0.125 0.0 B )
#(0.9375 0.875 1.0 0.0625 0.125 0.0 R )
#(0.6875 0.6875 0.9375 0.3125 0.3125 0.0625 B )
#(0.875 0.875 1.0 0.125 0.125 0.0 B )
#(0.8125 1.0 1.0 0.1875 0.0 0.0 L )
#(0.75 0.625 0.875 0.25 0.375 0.125 R )
#(0.875 0.6875 1.0 0.125 0.3125 0.0 R )
#(0.9375 1.0 1.0 0.0625 0.0 0.0 L )
#(1.0 1.0 1.0 0.0 0.0 0.0 B )
#(1.0 0.875 1.0 0.0 0.125 0.0 R )
#(0.8333 0.6667 0.8333 0.1667 0.3333 0.1667 R )
#(1.0 0.9167 1.0 0.0 0.0833 0.0 R )
#(1.0 0.5833 1.0 0.0 0.4167 0.0 R )
#(0.8125 0.7083 0.8125 0.1875 0.2917 0.1875 R )
#(0.8542 0.5 0.9792 0.1458 0.5 0.0208 R )
#(0.7083 0.5833 0.9167 0.2917 0.4167 0.0833 R )
#(0.8333 0.8333 0.8333 0.1667 0.1667 0.1667 B )
#(0.8333 1.0 1.0 0.1667 0.0 0.0 L )
#(0.6667 1.0 1.0 0.3333 0.0 0.0 L )
#(0.7292 0.9167 1.0 0.2708 0.0833 0.0 L )
#(0.8333 0.7292 0.9167 0.1667 0.2708 0.0833 R )
#(0.4583 0.8333 1.0 0.5417 0.1667 0.0 L )
#(0.625 0.8333 1.0 0.375 0.1667 0.0 L )
#(0.8333 1.0 1.0 0.1667 0.0 0.0 L )
#(0.9167 1.0 1.0 0.0833 0.0 0.0 L )
#(1.0 0.8333 1.0 0.0 0.1667 0.0 R )
#(1.0 0.9167 1.0 0.0 0.0833 0.0 R )
#(1.0 0.8333 1.0 0.0 0.1667 0.0 R )
#(0.8333 1.0 1.0 0.1667 0.0 0.0 L )
#(0.8333 1.0 1.0 0.1667 0.0 0.0 L )
#(0.7917 0.625 0.8333 0.2083 0.375 0.1667 R )
#(0.8333 1.0 1.0 0.1667 0.0 0.0 L )
#(0.8333 1.0 1.0 0.1667 0.0 0.0 L )
#(0.6667 1.0 1.0 0.3333 0.0 0.0 L )
#(0.7292 0.9167 1.0 0.2708 0.0833 0.0 L )
#(0.8333 0.7292 0.9167 0.1667 0.2708 0.0833 R )
#(0.4583 0.8333 1.0 0.5417 0.1667 0.0 L )
#(0.625 0.8333 1.0 0.375 0.1667 0.0 L )
#(0.8333 0.4583 1.0 0.1667 0.5417 0.0 R )
#(0.8333 0.625 1.0 0.1667 0.375 0.0 R )
#(0.9167 0.6667 1.0 0.0833 0.3333 0.0 R )
#(0.9583 0.6667 1.0 0.0417 0.3333 0.0 R )
#(0.6667 0.9167 1.0 0.3333 0.0833 0.0 L )
#(1.0 0.6667 1.0 0.0 0.3333 0.0 R )
#(1.0 0.9167 1.0 0.0 0.0833 0.0 R )
#(1.0 0.5833 1.0 0.0 0.4167 0.0 R )
#(0.8125 0.7083 0.8125 0.1875 0.2917 0.1875 R )
#(0.8542 0.5 0.9792 0.1458 0.5 0.0208 R )
#(0.7083 0.5 0.8333 0.2917 0.5 0.1667 R )
#(0.8333 0.8333 0.8333 0.1667 0.1667 0.1667 B )
#(0.8333 1.0 1.0 0.1667 0.0 0.0 L )
#(0.6667 1.0 1.0 0.3333 0.0 0.0 L )
#(0.8125 0.8333 1.0 0.1875 0.1667 0.0 L )
#(0.4167 0.8125 0.9167 0.5833 0.1875 0.0833 L )
#(0.625 0.8333 1.0 0.375 0.1667 0.0 L )
#(0.875 0.8333 1.0 0.125 0.1667 0.0 R )
#(0.8333 1.0 1.0 0.1667 0.0 0.0 L )
#(1.0 0.9167 1.0 0.0 0.0833 0.0 R )
#(1.0 0.8333 1.0 0.0 0.1667 0.0 R )
#(1.0 0.8333 1.0 0.0 0.1667 0.0 R )
#(0.8333 1.0 1.0 0.1667 0.0 0.0 L )
#(0.8333 1.0 1.0 0.1667 0.0 0.0 L )
#(0.9583 0.7917 1.0 0.0417 0.2083 0.0 R )
#(0.6667 0.6667 0.6667 0.3333 0.3333 0.3333 B )
#(0.9688 0.875 0.9688 0.0313 0.125 0.0313 R )
#(0.9688 0.7188 0.9688 0.0313 0.2813 0.0313 R )
#(0.9688 0.875 0.9688 0.0313 0.125 0.0313 R )
#(0.7813 0.8438 1.0 0.2188 0.1563 0.0 L )
#(0.8906 0.875 1.0 0.1094 0.125 0.0 R )
#(0.7813 0.8438 1.0 0.2188 0.1563 0.0 L )
#(0.875 0.7031 0.9531 0.125 0.2969 0.0469 R )
#(0.9688 0.875 0.9688 0.0313 0.125 0.0313 R )
#(0.9375 0.9375 1.0 0.0625 0.0625 0.0 B )
#(0.9688 0.9688 1.0 0.0313 0.0313 0.0 B )
#(0.875 0.7969 0.9688 0.125 0.2031 0.0313 R )
#(0.9688 0.875 0.9688 0.0313 0.125 0.0313 R )
#(0.8594 0.9063 0.9688 0.1406 0.0938 0.0313 L )
#(0.8594 0.8125 0.9063 0.1406 0.1875 0.0938 R )
#(0.7188 0.75 0.7813 0.0625 0.0313 0.0 L )
#(0.9375 0.8125 1.0 0.0625 0.1875 0.0 R )
#(0.8438 0.875 0.9688 0.1563 0.125 0.0313 L )
#(0.8594 0.8125 1.0 0.1406 0.1875 0.0 R )
#(0.9375 0.9375 1.0 0.0625 0.0625 0.0 B )
#(0.7188 0.5625 0.7188 0.0313 0.1875 0.0313 R )
#(1.0 0.875 1.0 0.0 0.125 0.0 R )
#(0.9688 0.8438 0.9688 0.0 0.125 0.0 R )
#(0.7813 0.75 0.7813 0.0 0.0313 0.0 R )
#(1.0 0.875 1.0 0.0 0.125 0.0 R )
#(1.0 0.8125 1.0 0.0 0.1875 0.0 R )
#(0.6875 0.3438 0.75 0.0625 0.4063 0.0 R )
#(0.9375 0.6875 1.0 0.0625 0.3125 0.0 R )
#(0.9688 0.9375 1.0 0.0313 0.0625 0.0 R )
#(0.9375 0.6875 1.0 0.0625 0.3125 0.0 R )
#(0.875 0.9063 1.0 0.125 0.0938 0.0 L )
#(0.8906 0.875 1.0 0.1094 0.125 0.0 R )
#(0.9375 0.9375 1.0 0.0625 0.0625 0.0 B )
#(0.9688 0.8125 0.9688 0.0313 0.1875 0.0313 R )
#(1.0 0.875 1.0 0.0 0.125 0.0 R )
#(0.9375 1.0 1.0 0.0625 0.0 0.0 L )
#(0.9688 0.875 0.9688 0.0313 0.125 0.0313 R )
#(0.625 0.75 1.0 0.375 0.25 0.0 L )
#(0.375 0.375 0.375 0.5 0.5 0.5 B )
#(0.7083 0.7083 0.7083 0.0833 0.0833 0.0833 B )
#(0.9167 0.8333 0.9167 0.0833 0.1667 0.0833 R )
#(0.875 0.875 0.9583 0.125 0.125 0.0417 B )
#(0.875 0.8333 0.9583 0.125 0.1667 0.0417 R )
#(0.7917 1.0 1.0 0.2083 0.0 0.0 L )
#(1.0 0.75 1.0 0.0 0.25 0.0 R )
#(0.875 0.875 0.9583 0.125 0.125 0.0417 B )
#(1.0 1.0 1.0 0.0 0.0 0.0 B )
#(1.0 0.9167 1.0 0.0 0.0833 0.0 R )
#(0.9583 0.8333 1.0 0.0417 0.1667 0.0 R )
#(0.9583 0.6667 0.9583 0.0417 0.3333 0.0417 R )
#(0.9583 0.5833 0.9583 0.0417 0.4167 0.0417 R )
#(0.9583 0.625 0.9583 0.0417 0.375 0.0417 R )
#(0.9167 1.0 1.0 0.0833 0.0 0.0 L )
#(0.5833 0.5833 0.5833 0.1667 0.1667 0.1667 B )
#(0.7083 0.6667 0.7083 0.2917 0.3333 0.2917 R )
#(1.0 0.7917 1.0 0.0 0.2083 0.0 R )
#(0.9583 0.875 1.0 0.0417 0.125 0.0 R )
#(0.9583 0.9167 1.0 0.0417 0.0833 0.0 R )
#(0.8542 0.625 1.0 0.1458 0.375 0.0 R )
#(0.8333 0.8333 1.0 0.1667 0.1667 0.0 B )
#(0.8333 0.8333 1.0 0.1667 0.1667 0.0 B )
#(1.0 0.8333 1.0 0.0 0.1667 0.0 R )
#(0.8333 1.0 1.0 0.1667 0.0 0.0 L )
#(1.0 0.625 1.0 0.0 0.375 0.0 R )
#(0.875 0.875 0.875 0.125 0.125 0.125 B )
#(0.875 0.8333 0.9167 0.125 0.1667 0.0833 R )
#(0.9167 0.9583 1.0 0.0833 0.0417 0.0 L )
#(0.8333 0.875 1.0 0.1667 0.125 0.0 L )
#(0.8542 0.8333 1.0 0.1458 0.1667 0.0 R )
#(0.9167 0.625 0.9583 0.0833 0.375 0.0417 R )
#(0.9583 0.5833 0.9583 0.0417 0.4167 0.0417 R )
#(0.9167 0.5833 0.9167 0.0833 0.4167 0.0833 R )
#(0.9583 0.6667 0.9583 0.0417 0.3333 0.0417 R )
#(0.9583 0.7917 0.9583 0.0417 0.2083 0.0417 R )
#(1.0 1.0 1.0 0.0 0.0 0.0 B )
#(0.9792 0.8333 1.0 0.0208 0.1667 0.0 R )
#(0.9375 0.9167 1.0 0.0625 0.0833 0.0 R )
#(0.9583 0.75 1.0 0.0417 0.25 0.0 R )
#(0.9167 1.0 1.0 0.0833 0.0 0.0 L )
#(0.6667 0.6667 0.6667 0.25 0.25 0.25 B )
#(1.0 0.7917 1.0 0.0 0.2083 0.0 R )
#(0.9167 0.8333 1.0 0.0833 0.1667 0.0 R )
#(0.9167 0.875 1.0 0.0833 0.125 0.0 R )
#(1.0 0.7083 1.0 0.0 0.2917 0.0 R )
#(0.8125 0.4792 1.0 0.1875 0.5208 0.0 R )
#(0.8958 0.5417 1.0 0.1042 0.4583 0.0 R )
#(0.9896 0.4792 1.0 0.0104 0.5208 0.0 R )
#(0.9063 0.5208 1.0 0.0938 0.4792 0.0 R )
#(0.8125 0.4792 1.0 0.1875 0.5208 0.0 R )
#(0.9375 0.7292 1.0 0.0625 0.2708 0.0 R )
#(0.9792 0.8125 1.0 0.0208 0.1875 0.0 R )
#(1.0 0.7917 1.0 0.0 0.2083 0.0 R )
#(0.875 0.8333 1.0 0.125 0.1667 0.0 R )
#(0.9583 0.875 1.0 0.0417 0.125 0.0 R )
#(0.9583 0.8333 1.0 0.0417 0.1667 0.0 R )
#(0.875 0.8333 0.9167 0.125 0.1667 0.0833 R )
#(0.8333 0.5 0.8333 0.1667 0.5 0.1667 R )
#(0.875 0.75 1.0 0.125 0.25 0.0 R )
#(0.9375 0.6875 0.9375 0.0625 0.3125 0.0625 R )
#(0.875 1.0 1.0 0.125 0.0 0.0 L )
#(0.9375 0.8125 1.0 0.0625 0.1875 0.0 R )
#(0.9375 0.9375 1.0 0.0625 0.0625 0.0 R )
#(0.875 0.8125 1.0 0.125 0.1875 0.0 R )
#(0.3125 0.75 0.875 0.6875 0.25 0.125 L )
#(0.8125 0.875 1.0 0.1875 0.125 0.0 L )
#(1.0 0.875 1.0 0.0 0.125 0.0 R )
#(1.0 0.875 1.0 0.0 0.125 0.0 R )
#(1.0 0.625 1.0 0.0 0.375 0.0 R )
#(1.0 0.875 1.0 0.0 0.125 0.0 R )
#(0.9375 0.875 0.9375 0.0625 0.125 0.0625 R )
#(1.0 0.9375 1.0 0.0 0.0625 0.0 R )
#(0.8125 0.8125 1.0 0.1875 0.1875 0.0 R )
#(0.9063 0.375 1.0 0.0938 0.625 0.0 R )
#(0.875 0.75 1.0 0.125 0.25 0.0 R )
#(0.9375 0.6875 0.9375 0.0625 0.3125 0.0625 R )
#(0.875 1.0 1.0 0.125 0.0 0.0 L )
#(0.9375 0.8125 1.0 0.0625 0.1875 0.0 R )
#(0.9375 0.9375 1.0 0.0625 0.0625 0.0 R )
#(0.9375 0.8125 1.0 0.0625 0.1875 0.0 R )
#(0.875 1.0 1.0 0.125 0.0 0.0 L )
#(0.8125 0.375 0.875 0.1875 0.625 0.125 R )
#(0.9375 0.625 1.0 0.0625 0.375 0.0 R )
#(1.0 0.6875 1.0 0.0 0.3125 0.0 R )
#(1.0 1.0 1.0 0.0 0.0 0.0 R )
#(1.0 1.0 1.0 0.0 0.0 0.0 L )
#(0.75 0.75 0.875 0.25 0.25 0.125 R )
#(0.375 0.875 1.0 0.625 0.125 0.0 L )
#(0.875 0.9375 1.0 0.125 0.0625 0.0 L )
#(0.9375 0.875 1.0 0.0625 0.125 0.0 R )
#(1.0 0.625 1.0 0.0 0.375 0.0 R )
#(1.0 0.75 1.0 0.0 0.25 0.0 R )
#(1.0 1.0 1.0 0.0 0.0 0.0 R )
#(0.9375 0.875 0.9375 0.0625 0.125 0.0625 R )
#(1.0 0.9375 1.0 0.0 0.0625 0.0 R )
#(0.7708 0.8125 1.0 0.2292 0.1875 0.0 L )
#(0.875 0.75 1.0 0.125 0.25 0.0 R )
#(0.6667 0.5833 1.0 0.3333 0.4167 0.0 R )
#(0.9375 0.875 1.0 0.0625 0.125 0.0 R )
#(0.9375 0.8125 1.0 0.0625 0.1875 0.0 R )
#(0.875 0.8125 0.9375 0.125 0.1875 0.0625 R )
#(0.9375 0.875 1.0 0.0625 0.125 0.0 R )
#(1.0 0.8125 1.0 0.0 0.1875 0.0 R )
#(0.875 0.875 1.0 0.125 0.125 0.0 L )
#(0.5 0.875 0.875 0.5 0.125 0.125 L )
#(0.5 0.5 0.5 0.5 0.5 0.5 B )
