#(68 77 57 64 9 7 20 )
#(65 77 45 64 12 19 32 )
#(68 82 55 65 14 10 27 )
#(71 82 47 65 11 18 35 )
#(71 84 43 65 13 22 41 )
#(67 86 31 69 19 38 55 )
#(64 86 52 65 22 13 34 )
#(64 81 47 62 17 15 34 )
#(72 86 53 72 14 19 33 )
#(62 88 52 72 26 20 36 )
#(71 89 31 72 18 41 58 )
#(71 84 38 64 13 26 46 )
#(67 84 36 67 17 31 48 )
#(64 82 60 67 18 7 22 )
#(58 76 35 47 18 12 41 )
#(61 81 35 52 20 17 46 )
#(66 86 40 57 20 17 46 )
#(70 86 45 65 16 20 41 )
#(63 84 40 64 21 24 44 )
#(63 84 40 64 21 24 44 )
#(68 77 45 64 9 19 32 )
#(65 81 45 62 16 17 36 )
#(65 81 44 55 16 11 37 )
#(64 79 43 55 15 12 36 )
#(68 81 52 62 13 10 29 )
#(64 83 40 65 19 25 43 )
#(60 83 45 70 23 25 38 )
#(60 79 45 62 19 17 34 )
#(69 81 48 68 12 20 33 )
#(58 88 48 69 30 21 40 )
#(69 86 35 69 17 34 51 )
#(57 89 36 63 32 27 53 )
#(68 81 35 60 13 25 46 )
#(64 81 33 45 17 12 48 )
