#( 0 0 48 73 15 0 0 )
#( 0 1 21 23 25 0 0 )
#( 0 0 47 77 23 0 0 )
#( 0 1 37 22 25 0 0 )
#( 0 1 19 40 29 2 0 )
#( 2 6 7 29 46 9 0 )
#( 0 0 13 37 39 5 0 )
#( 0 1 14 28 41 0 0 )
#( 0 0 14 24 51 7 0 )
#( 0 0 13 32 28 5 0 )
#( 1 14 14 23 34 9 0 )
#( 0 26 32 9 47 8 0 )
#( 0 3 2 83 27 1 0 )
#( 0 0 0 85 28 0 0 )
#( 6 46 2 42 7 0 0 )
#( 2 20 42 22 25 0 0 )
#( 0 8 56 6 37 4 0 )
#( 0 2 44 22 36 2 0 )
#( 0 5 19 25 40 1 0 )
#( 0 5 18 43 28 1 0 )
#( 0 1 44 63 19 0 0 )
#( 0 1 23 18 32 0 0 )
#( 0 4 29 32 32 0 0 )
#( 0 7 13 26 20 0 0 )
#( 0 0 40 30 20 0 0 )
#( 0 12 15 33 38 0 0 )
#( 0 1 11 58 31 0 0 )
#( 0 3 20 30 35 0 0 )
#( 0 0 31 21 47 0 0 )
#( 0 0 18 22 37 3 0 )
#( 1 14 14 38 21 2 0 )
#( 0 12 16 20 31 4 0 )
#( 2 31 30 31 31 0 0 )
#( 3 2 0 3 6 0 0 )
