#(8 0 6 20 6 0 0 0 0 0 )
#(12 7 3 1 5 1 0 0 0 0 )
#(13 0 5 16 11 0 0 0 0 0 )
#(20 13 1 9 0 0 0 0 0 0 )
#(45 12 6 1 0 0 0 0 0 0 )
#(33 8 11 1 1 0 0 1 0 0 )
#(49 5 5 5 0 0 0 0 0 0 )
#(51 7 5 1 0 0 0 0 0 0 )
#(33 30 1 0 0 0 0 0 0 0 )
#(47 4 5 2 0 0 0 0 0 0 )
#(43 13 7 0 1 0 0 0 0 0 )
#(40 1 12 11 0 0 0 0 0 0 )
#(7 0 6 15 5 1 0 0 0 0 )
#(15 0 3 21 1 0 0 0 0 0 )
#(42 12 4 5 1 0 0 0 0 0 )
#(38 16 0 9 1 0 0 0 0 0 )
#(38 16 0 9 1 0 0 0 0 0 )
#(41 15 9 2 0 0 0 0 0 0 )
#(48 15 4 0 0 0 0 0 0 0 )
#(40 6 7 3 2 0 0 0 0 0 )
#(9 4 3 16 5 2 0 0 0 0 )
#(20 10 3 1 3 1 0 0 0 0 )
#(31 33 0 0 0 0 0 0 0 0 )
#(21 12 7 0 0 0 0 0 0 0 )
#(44 16 2 2 0 0 0 0 0 0 )
#(23 12 7 6 0 1 0 0 0 0 )
#(48 0 11 5 0 0 0 0 0 0 )
#(48 9 6 1 0 0 0 0 0 0 )
#(34 27 1 2 0 0 0 0 0 0 )
#(48 5 3 2 1 0 0 0 0 0 )
#(51 11 4 0 1 0 0 0 0 0 )
#(47 4 4 0 2 1 0 0 0 0 )
#(40 1 9 14 0 0 0 0 0 0 )
#(0 0 0 1 2 0 0 0 0 0 )
