24
;
#( 0 1 17 23 4 0 0 )
#( 0 7 23 22 10 0 0 )
#( 0 8 19 22 14 0 0 )
#( 0 7 20 21 12 0 0 )
#( 0 3 19 17 10 0 0 )
#( 0 3 22 16 20 3 0 )
#( 0 5 20 10 17 4 0 )
#( 0 9 15 17 17 1 0 )
#( 0 5 25 4 16 7 0 )
#( 0 4 12 12 8 0 0 )
#( 0 3 21 21 4 0 0 )
#( 0 3 21 17 3 0 0 )
#( 0 2 21 17 3 0 0 )
#( 0 5 18 12 2 0 0 )
#( 0 2 24 24 3 0 0 )
#( 0 9 9 12 9 0 0 )
#( 0 4 19 13 15 1 0 )
#( 0 2 21 11 6 0 0 )
#( 0 1 21 19 3 0 0 )
#( 0 8 20 18 8 0 0 )
#( 0 7 24 24 14 0 0 )
#( 0 8 18 20 10 0 0 )
#( 0 4 23 17 14 0 0 )
#( 0 1 5 8 1 0 0 )
