24
;
#(2 2 3 2 2 2 2 11 6 6 2 5)
#(13 0 4 0 12 7 0 14 0 7 0 5)
#(7 2 11 0 7 3 2 18 0 5 1 7)
#(12 0 4 0 11 7 0 13 0 7 0 6)
#(6 0 7 0 7 9 0 11 0 6 0 3)
#(7 0 6 0 10 10 0 18 2 7 0 4)
#(6 0 5 0 6 11 0 12 4 7 0 5)
#(4 7 4 0 13 4 0 6 2 15 4 0)
#(11 0 6 3 6 2 5 10 0 10 0 4)
#(10 0 0 0 4 4 0 11 0 6 1 0)
#(17 0 0 2 7 4 3 7 0 7 1 1)
#(8 1 1 0 8 6 0 13 0 5 1 1)
#(12 0 2 3 6 0 3 9 0 3 0 5)
#(6 0 5 0 4 0 2 13 0 3 0 4)
#(17 0 0 2 9 5 3 8 0 8 0 1)
#(0 4 1 1 8 4 0 3 4 8 0 6)
#(7 5 5 1 6 5 1 10 2 10 0 0)
#(6 0 3 0 7 5 0 12 0 2 0 5)
#(10 0 8 1 9 0 3 6 0 4 0 3)
#(7 0 15 0 5 0 5 9 0 4 0 9)
#(15 2 8 0 12 3 2 14 0 7 1 5)
#(5 0 7 0 7 7 0 18 0 5 0 7)
#(11 0 7 0 10 9 0 9 0 8 0 4)
#(8 0 0 0 3 0 0 4 0 0 0 0)
