24
;
#(1 19 0 0 0 1 0 0 0 0 )
#(4 6 0 7 0 3 0 0 0 0 )
#(5 4 1 5 3 2 0 0 0 0 )
#(6 6 0 6 0 3 0 0 0 0 )
#(8 4 3 6 0 0 0 0 0 0 )
#(0 4 5 3 1 4 0 0 0 0 )
#(5 1 4 5 1 2 0 0 0 0 )
#(0 0 4 4 5 1 0 0 0 0 )
#(4 0 3 6 4 0 0 0 0 0 )
#(7 4 7 0 0 0 0 0 0 0 )
#(0 0 15 1 0 0 0 0 0 0 )
#(0 1 11 1 1 0 0 0 0 0 )
#(0 6 9 1 0 0 0 0 0 0 )
#(5 2 8 1 0 0 0 0 0 0 )
#(0 0 13 1 2 0 0 0 0 0 )
#(6 0 2 3 3 0 0 0 0 0 )
#(0 0 6 3 2 2 0 0 0 0 )
#(10 0 4 2 2 0 0 0 0 0 )
#(9 0 1 3 4 0 0 0 0 0 )
#(5 6 1 7 0 1 0 0 0 0 )
#(4 4 1 5 2 4 0 0 0 0 )
#(5 6 0 7 1 1 0 0 0 0 )
#(6 5 2 6 0 2 0 0 0 0 )
#(4 0 2 0 1 0 0 0 0 0 )
