#( 0 1 11 7 12 0 0 )
#( 0 1 11 9 9 0 0 )
#( 1 4 3 18 6 0 0 )
#( 0 0 8 21 9 1 0 )
#( 0 0 0 18 7 0 0 )
#( 0 0 11 12 0 0 0 )
#( 0 4 10 9 9 0 0 )
#( 0 4 10 7 11 0 0 )
#( 0 0 0 29 6 0 0 )
#( 0 0 3 19 8 3 0 )
#( 0 0 2 6 14 0 0 )
#( 0 0 4 8 14 0 0 )
#( 0 0 2 8 12 0 0 )
#( 0 0 4 9 15 0 0 )
#( 0 0 5 17 9 1 0 )
#( 0 4 11 6 9 0 0 )
#( 0 0 0 20 12 0 0 )
#( 0 2 10 11 6 1 0 )
#( 0 0 2 6 11 1 0 )
#( 0 0 6 11 7 0 0 )
#( 0 0 1 11 8 0 0 )
#( 0 0 0 6 12 0 0 )
#( 0 2 10 8 10 2 0 )
#( 0 2 10 8 12 12 0 )
#( 0 0 10 10 1 1 0 )
#( 0 2 12 5 5 2 0 )
#( 0 0 17 4 7 3 0 )
#( 0 0 20 12 1 0 0 )
#( 0 0 12 5 9 1 0 )
#( 0 0 11 6 13 1 0 )
#( 0 2 15 16 2 0 0 )
#( 0 3 13 8 17 0 0 )
#( 0 0 5 7 23 1 0 )
#( 0 0 2 17 11 1 0 )
#( 0 0 8 13 5 0 0 )
#( 0 3 8 5 6 3 0 )
#( 0 3 5 3 12 2 0 )
#( 0 0 14 9 4 0 0 )
#( 0 0 4 16 1 0 0 )
#( 0 0 1 8 11 0 0 )
#( 0 0 1 13 5 0 0 )
#( 0 0 0 13 13 0 0 )
#( 0 1 2 3 5 3 0 )
#( 0 1 11 7 12 0 0 )
#( 1 1 9 13 8 0 0 )
#( 0 3 5 16 8 1 0 )
#( 0 0 6 24 8 0 0 )
#( 0 0 1 16 6 0 0 )
#( 0 1 15 10 0 0 0 )
#( 0 4 10 9 9 0 0 )
#( 0 3 5 10 13 0 0 )
#( 0 0 0 32 4 0 0 )
#( 0 0 3 10 8 6 0 )
#( 0 0 0 10 11 6 0 )
#( 0 0 0 6 10 5 0 )
#( 0 0 0 11 11 5 0 )
#( 0 0 3 10 10 5 0 )
#( 1 3 10 14 4 0 0 )
#( 0 1 3 12 13 1 0 )
#( 0 2 3 8 16 3 0 )
#( 0 0 3 14 10 1 0 )
#( 0 0 0 7 8 5 0 )
#( 0 0 2 13 7 2 0 )
#( 0 0 5 10 5 0 0 )
#( 0 0 2 11 6 1 0 )
#( 0 4 8 8 17 4 0 )
#( 0 6 10 14 29 0 0 )
#( 0 1 2 9 11 1 0 )
#( 1 3 5 4 8 0 0 )
