18
;
#(4 0 6 0 6 4 0 8 2 4 0 1)
#(14 0 9 6 12 7 4 10 3 4 0 0)
#(12 0 15 0 17 6 10 9 5 9 0 10)
#(15 0 9 6 9 8 4 8 4 4 0 0)
#(18 5 10 1 14 6 9 15 2 18 3 5)
#(23 0 5 6 7 12 3 7 0 12 2 4)
#(24 0 4 6 18 9 3 4 2 13 1 3)
#(21 0 5 6 8 12 3 7 0 17 1 4)
#(15 0 3 7 11 1 7 11 0 12 0 2)
#(22 1 4 1 8 21 2 8 1 15 4 0)
#(25 3 6 0 25 8 0 18 5 7 1 3)
#(21 1 12 1 17 3 3 16 1 6 1 4)
#(9 9 12 1 16 6 5 6 8 17 4 7)
#(11 2 6 1 7 9 0 22 0 8 3 16)
#(12 4 7 0 18 6 0 24 0 10 2 8)
#(0 3 10 5 11 13 4 10 0 16 4 13)
#(12 4 7 0 18 6 0 24 0 10 2 8)
#(14 2 4 1 12 10 1 15 2 10 1 4)
