#( 0 0 7 12 21 1 0 )
#( 0 0 2 8 23 0 0 )
#( 0 0 8 7 21 1 0 )
#( 0 1 29 2 15 0 0 )
#( 0 2 26 3 17 0 0 )
#( 0 12 12 11 12 0 0 )
#( 0 1 18 3 11 0 0 )
#( 0 2 14 10 12 0 0 )
#( 0 0 10 7 14 0 0 )
#( 0 1 8 5 14 1 0 )
#( 0 1 6 9 11 1 0 )
#( 0 0 8 15 19 0 0 )
#( 0 1 19 8 16 0 0 )
#( 0 2 14 1 19 0 0 )
#( 0 2 14 0 24 0 0 )
#( 0 2 14 0 24 0 0 )
#( 0 1 14 13 11 0 0 )
#( 0 0 2 22 3 0 0 )
#( 0 0 5 9 29 1 0 )
#( 0 0 3 10 19 0 0 )
#( 0 1 9 5 20 1 0 )
#( 0 0 36 2 10 0 0 )
#( 0 3 22 3 21 0 0 )
#( 0 2 12 4 12 1 0 )
#( 0 0 3 10 16 0 0 )
#( 0 0 7 20 8 0 0 )
#( 0 0 10 18 13 0 0 )
#( 0 1 11 15 7 0 0 )
#( 0 0 7 8 17 1 0 )
#( 0 5 19 2 8 1 0 )
#( 0 1 20 4 7 1 0 )
