#(14 0 0 0 14 0 0 11 0 1 0 1)
#(7 0 4 0 5 5 1 5 1 3 0 2)
#(7 0 7 1 4 3 1 7 2 1 0 4)
#(12 0 2 0 7 5 0 18 0 1 0 2)
#(13 0 2 0 9 3 4 14 0 0 0 3)
#(2 3 12 0 2 0 5 8 0 7 0 8)
#(1 1 8 0 2 0 4 7 0 5 1 4)
#(5 0 8 0 3 0 3 8 1 6 0 4)
#(0 0 7 0 3 0 5 7 0 4 1 4)
#(4 3 4 0 2 0 3 3 1 8 0 1)
#(3 0 6 1 2 1 1 7 1 1 0 5)
#(4 1 13 0 3 0 4 7 0 4 1 5)
#(4 0 4 0 6 6 4 14 0 0 0 6)
#(9 0 0 0 3 7 0 0 5 9 3 0)
#(12 0 0 0 5 5 3 3 3 6 3 0)
#(11 0 6 3 6 6 5 3 0 0 0 0)
#(7 0 0 7 11 2 0 0 4 3 0 5)
#(4 0 2 2 6 2 2 3 0 0 0 6)
#(12 0 2 0 13 2 0 11 0 2 0 2)
#(6 0 4 0 4 5 1 7 1 2 0 2)
#(7 0 7 1 3 3 1 6 2 2 0 4)
#(14 0 0 0 6 6 0 20 0 0 0 2)
#(14 0 2 0 11 0 6 16 0 0 0 0)
#(4 0 4 0 3 0 1 13 0 1 0 5)
#(6 1 4 1 2 1 3 4 0 5 0 2)
#(7 0 5 0 5 2 0 7 0 3 0 6)
#(8 1 4 1 6 4 1 6 0 8 0 2)
#(6 0 4 0 4 4 1 9 1 3 0 2)
#(6 1 4 2 4 5 1 3 1 3 1 2)
#(4 0 2 2 3 4 2 14 1 0 0 3)
#(14 0 1 0 5 5 0 4 0 0 0 4)
