#(0.9583 0.6667 1.0 0.0417 0.3333 0.0 R )
#(0.8333 0.5833 0.8333 0.1667 0.4167 0.1667 R )
#(0.9583 0.9583 0.9583 0.0417 0.0417 0.0417 B )
#(0.9167 1.0 1.0 0.0833 0.0 0.0 L )
#(1.0 1.0 1.0 0.0 0.0 0.0 B )
#(1.0 1.0 1.0 0.0 0.0 0.0 B )
#(0.9167 0.9167 0.9167 0.0833 0.0833 0.0833 B )
#(1.0 1.0 1.0 0.0 0.0 0.0 B )
#(0.8333 0.8333 1.0 0.1667 0.1667 0.0 B )
#(0.8333 0.875 1.0 0.1667 0.125 0.0 L )
#(0.875 0.75 0.875 0.125 0.25 0.125 R )
#(0.8333 0.8333 0.8333 0.1667 0.1667 0.1667 B )
#(0.9167 0.9167 0.9167 0.0833 0.0833 0.0833 B )
#(0.9167 0.8333 0.9167 0.0833 0.1667 0.0833 R )
#(1.0 0.8333 1.0 0.0 0.1667 0.0 R )
#(1.0 0.8333 1.0 0.0 0.1667 0.0 R )
#(0.8333 0.8333 0.9167 0.1667 0.1667 0.0833 B )
#(0.75 0.75 0.75 0.25 0.25 0.25 B )
#(0.9583 0.4167 1.0 0.0417 0.5833 0.0 R )
#(0.8333 0.8333 0.8333 0.1667 0.1667 0.1667 B )
#(0.9583 0.9583 0.9583 0.0417 0.0417 0.0417 B )
#(0.9167 1.0 1.0 0.0833 0.0 0.0 L )
#(1.0 1.0 1.0 0.0 0.0 0.0 B )
#(0.75 0.9167 0.9167 0.25 0.0833 0.0833 L )
#(0.8333 1.0 1.0 0.1667 0.0 0.0 L )
#(1.0 0.8333 1.0 0.0 0.1667 0.0 R )
#(0.8333 1.0 1.0 0.1667 0.0 0.0 L )
#(0.8333 0.7917 0.9167 0.1667 0.2083 0.0833 R )
#(0.5833 0.5833 0.5833 0.4167 0.4167 0.4167 B )
#(1.0 1.0 1.0 0.0 0.0 0.0 B )
#(0.8889 0.8889 0.8889 0.1111 0.1111 0.1111 B )
