#(5 9 6 0 0 0 0 0 0 0 )
#(2 7 3 2 0 0 0 0 0 0 )
#(2 1 11 0 0 0 0 0 0 0 )
#(6 7 9 0 0 0 0 0 0 0 )
#(3 18 3 0 0 0 0 0 0 0 )
#(9 7 8 0 0 0 0 0 0 0 )
#(9 9 2 0 0 0 0 0 0 0 )
#(15 4 5 0 0 0 0 0 0 0 )
#(14 7 1 0 0 0 0 0 0 0 )
#(15 7 0 0 0 0 0 0 0 0 )
#(7 0 7 0 0 0 0 0 0 0 )
#(2 5 10 0 0 0 0 0 0 0 )
#(2 12 6 0 0 0 0 0 0 0 )
#(6 3 8 0 0 0 0 0 0 0 )
#(6 2 10 0 0 0 0 0 0 0 )
#(6 2 10 0 0 0 0 0 0 0 )
#(10 1 9 0 0 0 0 0 0 0 )
#(0 0 9 0 0 0 0 0 0 0 )
#(5 15 3 0 0 0 0 0 0 0 )
#(2 2 6 2 0 0 0 0 0 0 )
#(3 0 11 0 0 0 0 0 0 0 )
#(8 8 8 0 0 0 0 0 0 0 )
#(0 23 1 0 0 0 0 0 0 0 )
#(9 5 4 0 0 0 0 0 0 0 )
#(15 7 0 0 0 0 0 0 0 0 )
#(14 9 1 0 0 0 0 0 0 0 )
#(12 7 5 0 0 0 0 0 0 0 )
#(10 0 8 0 0 0 0 0 0 0 )
#(0 0 11 0 0 0 0 0 0 0 )
#(13 3 4 1 0 0 0 0 0 0 )
#(3 4 6 1 0 0 0 0 0 0 )
