#(14 2 2 11 0 6 0 15 6 0 2 2)
#(12 0 6 8 0 9 0 21 5 0 9 2)
#(2 2 0 17 4 2 17 4 0 2 14 4)
#(4 6 2 11 0 16 9 0 0 3 22 1)
#(4 2 6 8 4 10 6 4 3 1 25 1)
#(24 2 2 0 3 13 3 6 8 0 8 2)
#(13 0 14 4 0 15 2 13 7 1 0 11)
#(8 0 7 13 0 5 0 18 5 0 0 7)
#(7 0 6 7 0 6 3 12 6 3 0 6)
#(10 1 6 2 0 14 0 14 13 0 0 8)
#(14 0 8 6 0 11 0 21 5 0 0 4)
#(4 0 6 14 0 6 0 11 6 0 25 2)
#(18 4 3 5 2 16 0 14 8 0 0 6)
#(22 1 2 3 6 15 0 7 11 0 6 1)
#(17 0 10 8 0 9 0 24 8 0 0 4)
#(11 0 6 9 0 7 0 25 4 0 0 4)
#(14 0 2 9 0 3 0 17 4 0 0 3)
#(3 0 0 1 0 0 0 2 0 0 0 0)
