#(67 84 51 72 17 21 33 )
#(67 81 43 65 14 22 38 )
#(59 86 48 65 27 17 38 )
#(67 81 43 65 14 22 38 )
#(67 88 43 66 21 23 45 )
#(64 84 36 65 20 29 48 )
#(60 81 36 65 21 29 45 )
#(59 83 43 65 24 22 40 )
#(65 88 41 65 23 24 47 )
#(64 80 43 65 16 22 37 )
#(59 86 48 65 27 17 38 )
#(60 84 43 65 24 22 41 )
#(67 87 48 66 20 18 39 )
#(57 88 43 62 31 19 45 )
#(57 77 36 64 20 28 41 )
#(57 77 40 62 20 22 37 )
#(65 77 36 62 12 26 41 )
#(57 82 36 64 25 28 46 )
#(66 82 36 65 16 29 46 )
#(65 82 36 65 17 29 46 )
#(68 82 36 65 14 29 46 )
#(64 81 41 65 17 24 40 )
