20
;
#(62 81 48 65 19 17 33 )
#(64 84 43 62 20 19 41 )
#(65 84 41 72 19 31 43 )
#(57 79 36 62 22 26 43 )
#(65 81 41 65 16 24 40 )
#(64 84 43 62 20 19 41 )
#(65 84 41 72 19 31 43 )
#(52 79 36 62 27 26 43 )
#(64 89 36 65 25 29 53 )
#(71 84 40 65 13 25 44 )
#(64 79 43 60 15 17 36 )
#(65 84 41 60 19 19 43 )
#(58 84 38 58 26 20 46 )
#(64 89 36 65 25 29 53 )
#(71 84 40 65 13 25 44 )
#(64 82 43 60 18 17 39 )
#(65 84 41 65 19 24 43 )
#(60 84 40 67 24 27 44 )
#(64 89 36 60 25 24 53 )
#(52 72 33 58 20 25 39 )
