20
;
#(0.875 0.4167 0.875 0.125 0.5833 0.125 R )
#(0.8542 0.9583 1.0 0.1458 0.0417 0.0 L )
#(0.875 0.5833 0.875 0.125 0.4167 0.125 R )
#(0.875 0.7708 0.875 0.125 0.2292 0.125 R )
#(0.875 0.4583 0.875 0.125 0.5417 0.125 R )
#(0.875 0.9583 1.0 0.125 0.0417 0.0 L )
#(0.875 0.5833 0.875 0.125 0.4167 0.125 R )
#(0.75 0.7708 0.875 0.25 0.2292 0.125 L )
#(0.9167 0.8333 1.0 0.0833 0.1667 0.0 R )
#(1.0 1.0 1.0 0.0 0.0 0.0 B )
#(0.875 1.0 1.0 0.125 0.0 0.0 L )
#(0.875 0.4583 0.875 0.125 0.5417 0.125 R )
#(0.75 0.75 0.875 0.25 0.25 0.125 B )
#(0.8958 0.8333 1.0 0.1042 0.1667 0.0 R )
#(1.0 1.0 1.0 0.0 0.0 0.0 R )
#(0.875 1.0 1.0 0.125 0.0 0.0 L )
#(0.7917 0.6667 0.875 0.2083 0.3333 0.125 R )
#(0.7917 0.6875 0.7917 0.2083 0.3125 0.2083 R )
#(0.8542 0.6458 0.875 0.1458 0.3542 0.125 R )
#(0.9444 0.6111 0.9444 0.0556 0.3889 0.0556 R )
