20
;
#(23 4 5 0 1 0 0 0 0 0 )
#(28 5 9 0 0 0 0 0 0 0 )
#(17 13 2 1 0 0 0 0 0 0 )
#(11 7 9 0 0 0 0 0 0 0 )
#(20 14 2 1 2 0 0 0 0 0 )
#(38 5 8 2 0 0 0 0 0 0 )
#(47 14 2 0 0 0 0 0 0 0 )
#(26 9 4 3 0 0 0 0 0 0 )
#(17 9 10 0 0 0 0 0 0 0 )
#(18 11 6 1 1 0 0 0 0 0 )
#(19 5 11 0 0 0 0 0 0 0 )
#(29 4 7 0 0 0 0 0 0 0 )
#(16 6 5 7 0 0 0 0 0 0 )
#(49 6 13 0 0 0 0 0 0 0 )
#(37 13 7 1 1 0 0 0 0 0 )
#(53 8 10 0 0 0 0 0 0 0 )
#(42 16 7 0 0 0 0 0 0 0 )
#(11 5 1 18 0 0 0 0 0 0 )
#(34 3 9 4 0 0 0 0 0 0 )
#(11 3 0 5 1 0 0 0 0 0 )
