#(21 0 3 0 11 3 0 12 0 1 0 1)
#(13 0 6 0 9 8 0 10 1 3 0 2)
#(14 0 5 0 9 7 0 6 0 6 0 2)
#(6 0 5 0 4 7 0 6 0 6 0 4)
#(8 0 12 0 8 6 2 10 0 3 0 7)
#(2 2 7 0 4 1 2 15 0 2 0 5)
#(5 0 5 0 3 0 5 8 1 4 0 5)
#(9 0 8 0 3 0 4 10 1 6 0 14)
#(8 2 17 0 0 0 15 9 0 12 0 13)
#(0 2 3 0 0 2 0 8 0 2 3 3)
#(2 1 2 0 5 5 0 4 2 4 0 2)
#(9 0 4 0 5 8 0 7 1 8 4 2)
#(3 3 6 2 6 6 5 10 1 7 0 1)
#(6 0 3 3 4 4 4 26 1 0 0 5)
#(2 0 4 0 0 1 2 11 0 2 0 6)
#(6 2 8 0 8 9 0 5 1 1 1 2)
#(8 0 10 0 15 11 1 13 1 3 1 9)
#(16 0 7 0 16 7 1 13 0 0 0 9)
