28
;
#(67 74 54 62 7 8 20 )
#(67 81 54 62 14 8 27 )
#(62 76 59 60 14 1 17 )
#(62 74 50 57 12 7 24 )
#(67 74 54 62 7 8 20 )
#(67 81 54 62 14 8 27 )
#(62 79 59 60 17 1 20 )
#(67 86 48 62 19 14 38 )
#(75 83 55 64 8 9 28 )
#(61 83 45 62 22 17 38 )
#(64 69 57 62 5 5 12 )
#(64 71 57 62 7 5 14 )
#(67 76 50 59 9 9 26 )
#(62 74 45 57 12 12 29 )
#(64 71 57 62 7 5 14 )
#(64 71 57 62 7 5 14 )
#(67 76 50 59 9 9 26 )
#(61 74 45 57 13 12 29 )
#(60 74 50 62 14 12 24 )
#(67 81 54 62 14 8 27 )
#(64 76 54 62 12 8 22 )
#(62 74 52 59 12 7 22 )
#(62 74 50 62 12 12 24 )
#(67 81 54 62 14 8 27 )
#(64 76 54 62 12 8 22 )
#(62 79 48 62 17 14 31 )
#(66 79 43 62 13 19 36 )
#(59 79 43 55 20 12 36 )
