28
;
#(0.8333 1.0 1.0 0.1667 0.0 0.0 L )
#(0.8333 1.0 1.0 0.1667 0.0 0.0 L )
#(0.9167 0.8333 1.0 0.0833 0.1667 0.0 R )
#(1.0 0.75 1.0 0.0 0.25 0.0 R )
#(0.8333 1.0 1.0 0.1667 0.0 0.0 L )
#(0.8333 1.0 1.0 0.1667 0.0 0.0 L )
#(0.9167 0.8333 1.0 0.0833 0.1667 0.0 R )
#(0.9167 1.0 1.0 0.0833 0.0 0.0 L )
#(1.0 1.0 1.0 0.0 0.0 0.0 B )
#(0.75 1.0 1.0 0.25 0.0 0.0 L )
#(0.8333 1.0 1.0 0.1667 0.0 0.0 L )
#(0.8333 1.0 1.0 0.1667 0.0 0.0 L )
#(0.9167 1.0 1.0 0.0833 0.0 0.0 L )
#(0.5833 1.0 1.0 0.4167 0.0 0.0 L )
#(0.8333 1.0 1.0 0.1667 0.0 0.0 L )
#(0.8333 1.0 1.0 0.1667 0.0 0.0 L )
#(0.9167 1.0 1.0 0.0833 0.0 0.0 L )
#(1.0 0.75 1.0 0.0 0.25 0.0 R )
#(0.75 0.75 0.75 0.25 0.25 0.25 B )
#(0.8333 1.0 1.0 0.1667 0.0 0.0 L )
#(0.7917 0.9167 1.0 0.2083 0.0833 0.0 L )
#(0.9583 0.9167 1.0 0.0417 0.0833 0.0 R )
#(1.0 0.75 1.0 0.0 0.25 0.0 R )
#(0.8333 1.0 1.0 0.1667 0.0 0.0 L )
#(0.7917 0.9167 1.0 0.2083 0.0833 0.0 L )
#(0.9583 0.9167 1.0 0.0417 0.0833 0.0 R )
#(1.0 1.0 1.0 0.0 0.0 0.0 B )
#(0.5556 1.0 1.0 0.4444 0.0 0.0 L )
