#(4 10 0 0 0 0 0 0 0 0 )
#(7 10 0 0 0 0 0 0 0 0 )
#(16 4 0 0 0 0 0 0 0 0 )
#(17 7 0 0 0 0 0 0 0 0 )
#(4 10 0 0 0 0 0 0 0 0 )
#(7 10 0 0 0 0 0 0 0 0 )
#(18 4 0 0 0 0 0 0 0 0 )
#(10 8 0 0 0 0 0 0 0 0 )
#(6 11 0 0 0 0 0 0 0 0 )
#(11 7 0 0 0 0 0 0 0 0 )
#(5 7 0 0 0 0 0 0 0 0 )
#(7 7 0 0 0 0 0 0 0 0 )
#(16 6 2 0 0 0 0 0 0 0 )
#(13 5 0 0 0 0 0 0 0 0 )
#(7 7 0 0 0 0 0 0 0 0 )
#(9 9 0 0 0 0 0 0 0 0 )
#(16 6 2 0 0 0 0 0 0 0 )
#(7 11 0 0 0 0 0 0 0 0 )
#(0 8 1 0 0 0 0 0 0 0 )
#(7 10 0 0 0 0 0 0 0 0 )
#(12 6 0 0 0 0 0 0 0 0 )
#(14 8 0 0 0 0 0 0 0 0 )
#(11 7 0 0 0 0 0 0 0 0 )
#(7 10 0 0 0 0 0 0 0 0 )
#(12 6 0 0 0 0 0 0 0 0 )
#(15 7 0 0 0 0 0 0 0 0 )
#(11 11 0 0 0 0 0 0 0 0 )
#(4 1 0 2 0 0 0 0 0 0 )
