#(60 77 29 62 17 33 48 )
#(69 82 52 65 13 13 30 )
#(55 82 46 65 27 19 36 )
#(57 70 29 60 13 31 41 )
#(67 81 41 65 14 24 40 )
#(64 86 45 60 22 15 41 )
#(64 82 36 58 18 22 46 )
#(71 79 31 69 8 38 48 )
#(68 79 40 67 11 27 39 )
#(70 83 42 69 13 27 41 )
#(69 81 48 65 12 17 33 )
#(59 81 36 72 22 36 45 )
#(59 84 38 77 25 39 46 )
#(64 84 48 67 20 19 36 )
#(62 79 47 62 17 15 32 )
#(64 79 52 67 15 15 27 )
#(69 82 38 67 13 29 44 )
#(64 82 31 55 18 24 51 )
#(61 86 29 58 25 29 57 )
#(61 86 44 64 25 20 42 )
#(60 74 29 65 14 36 45 )
#(70 77 53 65 7 12 24 )
#(55 82 46 60 27 14 36 )
#(55 81 29 65 26 36 52 )
#(60 81 36 65 21 29 45 )
#(62 86 45 62 24 17 41 )
#(64 86 46 58 22 12 40 )
#(76 86 29 74 10 45 57 )
#(76 84 36 72 8 36 48 )
#(60 84 40 60 24 20 44 )
#(60 81 33 64 21 31 48 )
#(63 76 35 62 13 27 41 )
#(62 84 46 70 22 24 38 )
#(64 86 41 77 22 36 45 )
#(55 77 43 70 22 27 34 )
#(57 77 41 60 20 19 36 )
