#(19 0 3 0 10 9 0 9 0 8 1 1)
#(23 0 10 0 12 5 0 11 0 2 0 10)
#(8 0 9 0 6 9 0 7 0 3 0 7)
#(12 0 6 0 6 3 0 16 0 0 0 5)
#(10 1 2 2 7 2 2 6 3 8 3 4)
#(3 2 5 0 8 10 3 4 3 6 1 1)
#(3 1 11 0 3 4 0 3 1 3 0 5)
#(9 0 11 0 2 0 4 5 0 9 0 11)
#(11 0 6 1 1 2 4 5 1 11 0 11)
#(2 5 5 4 7 1 5 3 0 2 1 5)
#(9 0 5 0 2 0 5 6 2 9 1 9)
#(11 0 7 0 6 0 2 11 2 9 1 13)
#(13 0 4 1 8 0 3 3 1 11 1 6)
#(5 0 15 0 3 0 5 13 0 6 0 11)
#(3 2 7 0 0 1 5 2 3 7 1 7)
#(2 0 8 0 3 1 2 5 1 3 0 7)
#(6 0 6 0 6 2 1 2 1 5 0 3)
#(3 0 10 0 2 7 0 7 0 7 1 7)
#(8 0 1 1 10 5 0 6 2 7 0 2)
#(6 0 0 4 9 3 1 0 4 7 0 4)
#(7 0 2 1 6 3 2 10 0 2 0 1)
#(31 0 8 0 10 10 0 5 0 8 1 7)
#(8 0 9 0 8 8 0 11 0 3 0 8)
#(13 0 6 0 8 5 0 11 0 1 0 5)
#(11 0 6 1 5 2 1 13 0 2 0 7)
#(6 3 2 1 10 6 1 6 2 7 1 3)
#(1 2 7 0 4 11 0 1 3 6 0 1)
#(6 0 6 0 13 6 0 14 0 4 0 2)
#(5 0 12 0 9 12 0 7 0 0 0 6)
#(11 0 10 0 12 12 0 10 0 5 0 8)
#(7 1 9 0 10 9 0 10 1 9 2 7)
#(3 0 2 1 5 2 5 5 4 7 1 5)
#(6 2 9 1 9 9 0 5 0 2 0 5)
#(11 2 9 1 13 11 0 7 0 6 0 2)
#(3 1 11 1 6 13 0 4 1 8 0 3)
#(14 0 6 0 10 5 0 14 0 3 0 5)
