#(66 86 38 69 20 31 48 )
#(69 86 50 69 17 19 36 )
#(69 86 50 62 17 12 36 )
#(69 81 45 57 12 12 36 )
#(68 81 52 66 13 14 29 )
#(66 81 50 71 15 21 31 )
#(40 83 52 69 43 17 31 )
#(69 83 50 69 14 19 33 )
#(64 83 50 69 19 19 33 )
#(59 81 45 61 22 16 36 )
#(66 81 40 71 15 31 41 )
#(64 86 38 69 22 31 48 )
#(71 86 41 62 15 21 45 )
#(61 83 35 62 22 27 48 )
#(71 81 42 67 10 25 39 )
#(67 81 48 67 14 19 33 )
#(66 79 48 62 13 14 31 )
#(73 86 50 67 13 17 36 )
#(69 86 45 64 17 19 41 )
#(69 86 45 71 17 26 41 )
#(73 86 57 70 13 13 29 )
#(73 83 38 76 10 38 45 )
#(45 88 62 74 43 12 26 )
#(66 83 50 74 17 24 33 )
#(64 86 38 69 22 31 48 )
#(76 86 50 69 10 19 36 )
#(73 88 54 67 15 13 34 )
#(64 86 38 66 22 28 48 )
