#( 0 2 6 17 30 2 0 )
#( 0 0 5 27 19 2 0 )
#( 0 0 27 11 34 3 0 )
#( 0 8 36 5 56 0 0 )
#( 0 0 17 19 22 0 0 )
#( 0 0 14 23 29 0 0 )
#( 0 6 10 41 26 0 0 )
#( 0 0 21 50 21 0 0 )
#( 0 0 24 48 26 0 0 )
#( 0 2 13 20 17 0 0 )
#( 0 9 1 11 20 0 0 )
#( 0 9 6 15 19 8 0 )
#( 0 4 20 9 42 15 0 )
#( 1 5 11 30 15 0 0 )
#( 0 2 15 34 19 0 0 )
#( 0 0 29 45 18 0 0 )
#( 0 0 34 41 27 0 0 )
#( 0 0 15 16 60 4 0 )
#( 0 2 28 12 52 3 0 )
#( 0 6 24 17 45 2 0 )
#( 0 0 4 26 26 2 0 )
#( 0 4 9 16 45 0 0 )
#( 0 1 5 43 28 10 0 )
#( 0 0 16 47 27 0 0 )
#( 0 13 18 16 25 2 0 )
#( 0 0 9 19 31 2 0 )
#( 0 0 24 40 39 10 0 )
#( 0 6 7 23 29 2 0 )
