28
;
#(12 0 5 1 14 11 0 11 0 1 0 2)
#(12 0 8 0 12 6 0 9 0 2 0 4)
#(9 1 9 0 15 10 1 13 0 9 0 8)
#(16 0 17 0 12 8 0 30 0 1 0 21)
#(9 2 12 0 3 0 5 8 0 7 1 11)
#(11 3 16 0 5 0 6 10 0 8 0 7)
#(13 6 28 0 3 0 3 18 0 5 0 7)
#(11 0 9 0 7 0 9 32 0 13 0 11)
#(12 0 12 0 7 0 11 28 0 15 0 13)
#(6 1 10 0 3 2 4 12 0 6 0 8)
#(2 4 5 1 7 8 0 5 0 7 0 2)
#(12 1 5 0 15 5 1 9 1 2 0 6)
#(21 0 8 4 5 8 2 7 2 15 4 14)
#(12 0 5 2 11 2 2 2 5 10 1 10)
#(5 1 5 0 10 29 0 5 0 8 7 0)
#(9 0 7 0 9 32 0 12 0 12 11 0)
#(19 0 9 0 12 18 0 19 0 11 9 5)
#(10 6 16 0 19 12 0 12 1 12 1 6)
#(14 2 16 0 15 19 2 11 1 6 1 10)
#(7 0 20 0 13 8 1 28 0 2 0 15)
#(8 0 7 5 7 8 2 12 2 1 1 5)
#(12 0 6 3 4 11 6 23 2 2 1 4)
#(24 0 5 0 6 13 4 20 0 6 0 9)
#(32 0 12 0 12 11 0 7 0 7 0 9)
#(18 0 13 0 14 11 0 11 0 4 0 3)
#(13 0 6 1 14 11 0 12 0 1 0 3)
#(30 1 11 0 19 20 1 17 0 8 0 6)
#(15 0 9 0 13 9 0 11 2 3 0 5)
