28
;
#(20 6 5 1 0 1 0 0 0 0 )
#(24 13 1 0 0 0 0 0 0 0 )
#(38 8 7 0 0 0 0 0 0 0 )
#(29 16 0 4 0 0 4 0 0 0 )
#(11 22 1 0 0 0 0 0 0 0 )
#(14 21 2 1 0 0 0 0 0 0 )
#(39 22 0 0 0 0 0 0 0 0 )
#(42 23 0 1 0 0 0 0 0 0 )
#(42 20 1 2 1 0 0 0 0 0 )
#(9 6 4 1 0 0 1 1 0 0 )
#(27 2 2 1 0 0 0 0 0 0 )
#(27 10 2 1 0 0 0 0 0 0 )
#(44 14 6 0 0 0 0 0 0 0 )
#(9 12 5 1 2 0 0 0 0 0 )
#(32 15 0 2 0 0 0 0 0 0 )
#(42 23 0 1 0 0 0 0 0 0 )
#(42 8 13 0 1 0 0 0 0 0 )
#(42 13 9 0 0 0 0 0 0 0 )
#(33 17 10 0 0 0 0 0 0 0 )
#(17 15 1 4 0 0 4 0 0 0 )
#(11 22 1 0 0 0 0 0 0 0 )
#(25 20 3 0 0 0 0 0 0 0 )
#(39 24 0 0 0 0 0 0 0 0 )
#(42 24 0 0 0 0 0 0 0 0 )
#(30 8 7 0 0 0 1 0 0 0 )
#(18 12 5 1 0 0 0 0 0 0 )
#(15 49 0 0 0 0 0 0 0 0 )
#(13 6 4 5 2 0 0 0 0 0 )
