#(62 82 39 63 20 24 43 )
#(62 75 39 63 13 24 36 )
#(62 84 46 68 22 22 38 )
#(58 80 39 70 22 31 41 )
#(74 84 57 70 10 13 27 )
#(71 84 51 65 13 14 33 )
#(69 79 34 62 10 28 45 )
#(70 82 41 63 12 22 41 )
#(69 82 50 63 13 13 32 )
#(67 82 51 63 15 12 31 )
#(57 82 38 63 25 25 44 )
#(53 82 34 68 29 34 48 )
#(69 82 58 70 13 12 24 )
#(69 82 57 63 13 6 25 )
#(62 84 39 53 22 14 45 )
#(62 79 51 65 17 14 28 )
#(65 84 55 65 19 10 29 )
#(58 84 39 68 26 29 45 )
#(58 82 49 68 24 19 33 )
#(70 87 52 65 17 13 35 )
#(67 80 50 65 13 15 30 )
#(74 84 39 67 10 28 45 )
#(75 87 34 68 12 34 53 )
#(70 86 55 68 16 13 31 )
#(60 75 43 63 15 20 32 )
#(62 87 43 79 25 36 44 )
#(58 63 39 55 5 16 24 )
