27
;
#( 0 2 5 11 12 0 0 )
#( 0 4 7 17 6 0 0 )
#( 0 1 6 15 12 2 0 )
#( 0 4 10 17 7 0 0 )
#( 0 0 1 23 19 1 0 )
#( 0 0 9 16 12 1 0 )
#( 1 4 10 10 12 0 0 )
#( 0 1 15 8 14 0 0 )
#( 0 0 28 14 9 0 0 )
#( 0 0 25 18 15 0 0 )
#( 0 4 18 19 16 0 0 )
#( 1 4 11 12 4 0 0 )
#( 0 0 8 27 14 0 0 )
#( 0 0 2 6 9 0 0 )
#( 0 3 3 5 19 1 0 )
#( 0 0 13 25 17 0 0 )
#( 0 0 6 18 8 1 0 )
#( 0 5 10 22 7 1 0 )
#( 0 0 4 18 16 0 0 )
#( 0 0 14 11 9 10 0 )
#( 0 0 18 10 10 0 0 )
#( 0 4 7 12 13 1 0 )
#( 1 1 6 15 12 3 0 )
#( 0 0 14 23 16 2 0 )
#( 0 11 21 21 5 0 0 )
#( 0 2 10 21 20 4 0 )
#( 0 1 7 3 0 0 0 )
