#(7 0 3 0 3 2 0 6 0 4 0 5)
#(6 0 4 0 6 6 0 4 0 4 0 4)
#(5 0 5 0 6 5 0 9 0 3 0 3)
#(12 0 2 0 13 2 0 8 0 0 0 1)
#(6 0 11 0 4 0 7 9 0 3 0 4)
#(6 0 5 0 3 0 3 5 1 5 0 10)
#(7 0 4 1 3 0 1 5 0 8 0 8)
#(5 0 7 0 1 0 2 9 0 6 0 8)
#(6 0 8 0 6 0 3 15 0 5 0 8)
#(7 1 8 0 8 2 4 10 1 8 1 8)
#(5 1 12 0 4 2 3 11 1 5 1 12)
#(1 0 4 0 1 1 3 16 0 2 0 4)
#(3 2 5 0 4 3 6 17 0 5 0 4)
#(5 0 2 1 0 0 3 3 1 0 0 2)
#(5 0 6 0 4 5 0 6 0 2 0 3)
#(10 0 6 0 6 6 0 7 0 9 0 11)
#(4 0 3 0 6 4 0 7 0 5 0 4)
#(11 0 4 0 9 4 0 11 0 1 1 4)
#(12 0 1 0 6 7 0 3 0 4 5 0)
#(3 6 5 0 5 3 0 6 0 12 4 0)
#(4 1 6 0 6 9 0 5 0 3 0 4)
#(5 0 8 0 8 7 0 4 1 3 0 1)
#(9 0 6 0 8 5 0 7 0 1 0 2)
#(14 0 5 0 10 6 0 9 0 6 0 5)
#(10 1 8 1 8 7 1 8 0 8 2 4)
#(11 1 5 1 14 5 1 10 0 4 2 3)
#(7 0 0 0 2 0 0 2 0 0 0 0)
