#(18 0 12 0 12 16 0 8 0 4 0 8)
#(17 2 8 1 11 6 1 27 1 11 1 7)
#(18 0 4 0 14 11 0 15 1 9 1 6)
#(14 2 10 0 12 9 0 11 0 8 3 12)
#(11 0 12 0 9 1 11 11 5 10 0 13)
#(9 2 13 0 9 0 14 16 3 11 0 12)
#(13 0 6 4 11 0 9 18 2 5 1 13)
#(13 0 16 1 5 0 6 17 0 16 0 17)
#(8 1 11 1 7 0 15 18 2 12 2 10)
#(1 5 8 0 4 0 7 25 0 7 4 4)
#(4 1 17 0 10 16 0 10 0 6 4 4)
#(21 0 6 2 10 7 4 12 2 11 8 5)
#(16 0 10 1 8 8 6 26 0 5 0 9)
#(12 0 6 0 11 4 10 35 0 6 0 4)
#(17 0 11 0 11 12 1 8 1 4 0 8)
#(16 1 5 0 13 15 0 20 0 7 7 3)
#(14 2 11 3 10 8 11 20 3 3 0 7)
#(2 7 4 0 15 8 4 10 0 11 1 1)
#(13 1 11 0 10 8 0 25 0 14 0 12)
#(23 2 9 0 11 10 2 13 0 9 0 16)
#(8 0 12 0 7 13 1 12 0 8 0 12)
#(20 3 9 1 16 11 0 12 1 6 0 10)
#(15 1 10 0 12 11 0 12 6 8 0 8)
#(21 2 14 2 17 9 1 10 2 7 0 13)
#(23 0 4 0 10 4 1 14 0 2 0 9)
