25
;
#(0.9375 0.5 1.0 0.0625 0.5 0.0 R )
#(0.8125 1.0 1.0 0.1875 0.0 0.0 L )
#(0.7188 0.6563 0.9688 0.2813 0.3438 0.0313 R )
#(0.9375 0.5938 0.9375 0.0625 0.4063 0.0625 R )
#(1.0 0.7188 1.0 0.0 0.2813 0.0 R )
#(0.9688 0.8125 1.0 0.0313 0.1875 0.0 R )
#(0.8125 0.875 1.0 0.1875 0.125 0.0 L )
#(1.0 0.6563 1.0 0.0 0.3438 0.0 R )
#(1.0 0.6563 1.0 0.0 0.3438 0.0 R )
#(0.8438 0.375 0.9063 0.1563 0.625 0.0938 R )
#(0.875 0.375 1.0 0.125 0.625 0.0 R )
#(0.875 0.9063 1.0 0.125 0.0938 0.0 L )
#(0.9063 0.875 1.0 0.0938 0.125 0.0 R )
#(1.0 0.7344 1.0 0.0 0.2656 0.0 R )
#(0.9375 0.3438 1.0 0.0625 0.6563 0.0 R )
#(0.8438 0.9063 1.0 0.1563 0.0938 0.0 L )
#(0.9063 0.9375 1.0 0.0938 0.0625 0.0 L )
#(0.9375 0.3906 0.9375 0.0625 0.6094 0.0625 R )
#(0.9688 0.8594 1.0 0.0313 0.1406 0.0 R )
#(0.9688 0.875 1.0 0.0313 0.125 0.0 R )
#(0.7188 0.625 1.0 0.2813 0.375 0.0 R )
#(0.9219 0.875 0.9844 0.0781 0.125 0.0156 R )
#(0.875 0.625 1.0 0.125 0.375 0.0 R )
#(1.0 0.6875 1.0 0.0 0.3125 0.0 R )
#(0.5469 0.625 0.9375 0.4531 0.375 0.0625 L )
