25
;
#(46 6 0 2 0 2 0 0 0 0 )
#(39 22 2 1 0 0 0 0 0 0 )
#(48 0 9 1 0 0 0 0 0 0 )
#(20 17 2 4 1 0 0 0 0 0 )
#(40 13 3 2 0 0 0 0 0 0 )
#(34 23 3 0 0 0 0 0 0 0 )
#(28 22 2 1 0 0 0 0 0 0 )
#(29 23 0 4 0 0 0 0 0 0 )
#(37 15 4 2 0 0 0 0 0 0 )
#(51 0 2 2 0 0 0 0 0 0 )
#(56 0 0 4 0 0 0 0 0 0 )
#(45 16 1 2 0 0 0 0 0 0 )
#(46 17 3 0 0 0 0 0 0 0 )
#(47 10 7 0 0 0 0 0 0 0 )
#(53 3 0 2 0 1 0 0 0 0 )
#(40 19 1 0 0 1 0 0 0 0 )
#(40 16 1 3 1 0 0 0 0 0 )
#(27 8 4 2 0 0 0 0 0 0 )
#(37 22 3 1 0 0 0 0 0 0 )
#(30 28 3 0 0 0 0 0 0 0 )
#(55 9 0 0 0 0 0 0 0 0 )
#(35 17 4 2 0 0 0 0 0 0 )
#(18 28 0 1 1 0 0 0 0 0 )
#(40 18 2 4 0 0 0 0 0 0 )
#(43 2 4 2 0 0 0 0 0 0 )
