#( 0 6 26 25 4 0 0 )
#( 0 9 18 19 43 0 0 )
#( 0 1 33 24 4 0 0 )
#( 0 9 16 7 40 32 0 )
#( 0 0 10 54 39 1 0 )
#( 0 0 3 37 27 0 0 )
#( 0 0 0 51 34 0 0 )
#( 0 0 15 38 46 0 0 )
#( 0 0 9 46 32 1 0 )
#( 1 7 15 24 51 1 0 )
#( 1 9 27 30 35 0 0 )
#( 0 2 10 12 30 7 0 )
#( 1 3 18 34 20 0 0 )
#( 0 0 5 29 56 2 0 )
#( 0 0 5 40 44 1 0 )
#( 0 0 14 20 36 4 0 )
#( 0 0 6 37 30 3 0 )
#( 0 2 18 32 24 0 0 )
#( 0 9 21 17 12 0 0 )
#( 0 5 22 21 34 0 0 )
#( 0 4 29 20 12 8 0 )
#( 0 6 14 20 39 25 0 )
#( 0 0 11 45 39 0 0 )
#( 0 0 18 55 5 0 0 )
#( 0 0 0 13 56 6 0 )
#( 0 15 15 10 39 20 0 )
#( 0 0 27 46 10 6 0 )
#( 0 13 17 7 46 16 0 )
#( 0 13 24 15 39 11 0 )
#( 0 3 12 35 16 0 0 )
#( 0 2 11 24 34 11 0 )
#( 0 5 16 19 9 2 0 )
