#(13 0 8 0 14 6 0 14 0 4 0 2)
#(10 1 11 0 14 6 2 28 0 7 0 10)
#(37 0 2 0 6 4 0 4 0 4 1 4)
#(48 0 8 2 8 14 8 4 4 6 2 0)
#(12 0 14 0 10 6 2 42 0 8 0 10)
#(3 0 16 0 8 0 14 11 0 9 0 6)
#(8 3 15 0 13 0 16 9 0 13 1 7)
#(16 4 12 4 16 3 3 17 3 7 2 12)
#(5 6 25 5 6 0 10 13 2 5 6 5)
#(12 0 30 0 10 0 7 24 0 4 0 12)
#(12 0 28 0 9 0 8 25 0 7 0 13)
#(2 1 11 2 3 0 6 17 0 2 2 15)
#(14 2 12 1 2 0 8 23 0 7 3 4)
#(0 5 13 0 12 12 1 20 2 23 4 0)
#(12 1 15 2 24 10 2 0 6 10 0 8)
#(2 8 11 8 14 5 4 7 4 4 5 2)
#(10 0 7 7 6 9 0 12 9 0 3 13)
#(19 6 9 0 10 8 2 8 2 6 0 6)
#(9 0 6 0 13 2 0 21 0 4 0 4)
#(15 1 10 0 11 6 2 20 0 7 1 9)
#(38 0 9 0 5 8 0 4 0 6 0 3)
#(40 0 3 2 10 11 9 15 4 6 2 2)
#(10 0 16 0 8 5 1 36 0 6 0 13)
#(9 0 13 0 6 9 1 13 0 12 0 15)
#(8 0 11 1 4 3 4 16 0 11 0 17)
#(16 3 6 2 12 16 4 13 4 17 3 3)
#(13 2 5 6 5 5 6 26 5 6 0 10)
#(24 0 4 0 11 12 0 30 0 10 0 8)
#(25 0 7 0 13 12 0 28 0 9 0 8)
#(15 0 7 1 8 11 1 8 1 7 0 7)
#(21 0 3 3 16 4 1 12 4 7 0 11)
#(12 0 5 0 3 10 2 10 0 2 0 7)
