32
;
#(4 21 3 0 0 1 0 0 0 0 )
#(19 17 12 0 0 0 0 0 0 0 )
#(21 5 9 1 0 0 0 0 0 0 )
#(44 4 12 4 0 0 0 0 0 0 )
#(28 34 0 2 0 0 0 0 0 0 )
#(11 4 12 3 0 0 0 0 0 0 )
#(26 4 17 0 0 0 0 0 0 0 )
#(40 1 19 0 0 0 0 0 0 0 )
#(19 8 15 2 0 0 0 0 0 0 )
#(36 8 9 5 0 0 0 0 0 0 )
#(24 17 8 5 0 0 0 0 0 0 )
#(14 20 1 1 0 0 0 0 0 0 )
#(24 16 1 0 1 2 0 0 0 0 )
#(43 14 7 0 0 0 0 0 0 0 )
#(23 23 7 0 0 0 0 0 0 0 )
#(26 24 0 0 0 0 0 0 0 0 )
#(49 9 3 0 0 0 0 0 0 0 )
#(43 12 1 0 0 1 0 0 0 0 )
#(6 13 9 0 0 0 0 0 0 0 )
#(22 18 8 0 0 0 0 0 0 0 )
#(28 4 11 1 0 0 0 0 0 0 )
#(42 9 8 5 0 0 0 0 0 0 )
#(21 29 0 4 0 0 0 0 0 0 )
#(19 4 17 0 0 0 0 0 0 0 )
#(31 4 12 0 0 0 0 0 0 0 )
#(40 1 19 0 0 0 0 0 0 0 )
#(19 7 16 2 0 0 0 0 0 0 )
#(36 8 9 5 0 0 0 0 0 0 )
#(24 17 8 5 0 0 0 0 0 0 )
#(32 6 3 2 1 0 0 0 0 0 )
#(8 34 2 0 0 0 0 0 0 0 )
#(15 10 0 0 2 1 0 0 0 0 )
