#(18 7 5 4 0 0 0 0 0 0 )
#(33 4 8 3 0 0 0 0 0 0 )
#(37 35 0 0 0 0 0 0 0 0 )
#(47 18 4 2 0 0 0 0 0 0 )
#(39 8 8 2 0 0 0 0 0 0 )
#(17 15 9 8 0 0 0 0 0 0 )
#(52 10 2 5 0 0 0 0 0 0 )
#(19 2 10 3 2 1 0 0 0 0 )
#(17 0 0 2 13 0 0 0 0 0 )
#(43 4 3 6 4 0 0 0 0 0 )
#(52 9 6 5 0 0 0 0 0 0 )
#(30 36 13 0 0 0 0 0 0 0 )
#(16 48 13 2 0 0 0 0 0 0 )
#(34 7 8 3 1 0 0 0 0 0 )
#(31 6 8 2 0 0 0 0 0 0 )
#(29 19 3 3 0 0 0 0 0 0 )
#(34 29 1 0 0 0 0 0 0 0 )
#(43 3 12 0 0 0 0 0 0 0 )
#(33 7 2 9 0 0 0 0 0 0 )
#(15 14 9 8 0 0 0 0 0 0 )
#(54 9 2 5 0 0 0 0 0 0 )
#(31 1 8 4 2 0 0 0 0 0 )
