22
;
#(7 0 1 1 4 4 2 8 2 3 2 3)
#(8 0 6 0 8 6 0 13 0 0 0 4)
#(10 0 1 0 12 8 0 15 0 4 1 1)
#(9 0 7 0 8 6 0 14 1 1 0 5)
#(10 0 1 0 12 8 0 15 0 4 1 1)
#(19 0 2 2 14 0 0 9 4 6 0 4)
#(3 2 6 0 7 2 6 8 3 8 0 5)
#(4 0 9 2 4 4 3 13 0 1 0 3)
#(6 2 0 0 6 0 0 13 0 4 4 2)
#(6 2 4 4 8 4 5 12 0 1 0 5)
#(9 0 2 1 6 5 2 13 2 11 2 2)
#(25 0 3 0 7 6 0 14 0 2 0 6)
#(7 0 2 0 7 1 0 28 0 2 0 1)
#(9 0 5 0 11 10 0 38 0 4 0 10)
#(9 0 4 0 11 9 0 36 0 6 2 12)
#(13 0 10 4 11 0 4 22 0 5 0 12)
#(4 0 16 0 2 0 4 22 0 3 0 11)
#(9 0 4 0 9 8 0 17 0 2 0 9)
#(16 0 6 2 8 20 0 17 0 2 0 14)
#(11 0 4 0 9 8 0 15 0 2 0 9)
#(17 1 2 2 4 10 4 15 5 3 1 7)
#(8 0 0 0 2 0 0 2 0 0 0 0)
