22
;
#(0.8125 0.75 0.8125 0.0 0.0625 0.0 R )
#(0.875 1.0 1.0 0.125 0.0 0.0 L )
#(1.0 1.0 1.0 0.0 0.0 0.0 B )
#(1.0 1.0 1.0 0.0 0.0 0.0 B )
#(1.0 1.0 1.0 0.0 0.0 0.0 B )
#(0.9375 0.875 0.9375 0.0625 0.125 0.0625 R )
#(0.6875 0.875 0.9375 0.3125 0.125 0.0625 L )
#(0.75 0.875 1.0 0.25 0.125 0.0 L )
#(1.0 0.9375 1.0 0.0 0.0625 0.0 R )
#(1.0 0.9375 1.0 0.0 0.0625 0.0 R )
#(1.0 1.0 1.0 0.0 0.0 0.0 B )
#(1.0 0.625 1.0 0.0 0.375 0.0 R )
#(0.9688 0.625 0.9688 0.0313 0.375 0.0313 R )
#(1.0 1.0 1.0 0.0 0.0 0.0 B )
#(1.0 1.0 1.0 0.0 0.0 0.0 B )
#(1.0 1.0 1.0 0.0 0.0 0.0 B )
#(1.0 0.875 1.0 0.0 0.125 0.0 R )
#(0.875 1.0 1.0 0.125 0.0 0.0 L )
#(1.0 1.0 1.0 0.0 0.0 0.0 B )
#(0.875 1.0 1.0 0.125 0.0 0.0 L )
#(1.0 0.8125 1.0 0.0 0.1875 0.0 R )
#(0.5 0.5 0.5 0.25 0.25 0.25 B )
