#( 0 0 11 24 8 0 0 )
#( 0 0 13 21 10 0 0 )
#( 0 7 17 16 6 0 0 )
#( 0 6 18 13 11 0 0 )
#( 1 6 23 20 11 2 0 )
#( 3 7 14 21 21 0 0 )
#( 3 7 15 11 17 6 0 )
#( 1 4 22 14 8 3 0 )
#( 0 2 10 22 19 1 0 )
#( 1 2 8 21 29 0 0 )
#( 0 0 2 19 30 0 0 )
#( 0 3 17 15 21 5 0 )
#( 1 1 4 21 10 0 0 )
#( 1 3 17 29 14 0 0 )
#( 1 5 15 20 14 1 0 )
#( 0 2 9 25 16 1 0 )
#( 0 0 0 18 12 12 0 )
#( 0 4 26 26 14 16 0 )
#( 0 0 4 20 16 8 0 )
#( 0 0 5 12 20 11 0 )
#( 0 6 14 15 6 1 0 )
#( 0 6 18 12 12 0 0 )
#( 1 8 13 22 9 0 0 )
#( 0 1 4 30 13 0 0 )
#( 1 1 3 8 26 3 0 )
#( 0 0 0 2 2 0 0 )
