#(1 0 10 0 0 11 0 8 0 11 0 2)
#(3 0 7 0 4 8 0 10 0 7 0 5)
#(10 0 3 0 11 2 0 10 0 6 0 4)
#(4 0 8 0 7 6 0 7 0 10 0 6)
#(7 0 14 0 12 4 0 11 0 4 7 4)
#(15 0 9 0 10 10 0 5 0 8 8 1)
#(15 0 3 0 10 8 0 2 5 15 0 1)
#(16 0 6 0 12 0 1 0 5 10 0 2)
#(0 0 16 0 2 2 1 19 0 1 9 4)
#(0 8 10 0 11 2 0 11 0 10 9 0)
#(2 0 1 7 10 0 0 16 0 2 1 12)
#(6 0 6 1 5 15 2 12 0 9 0 5)
#(8 0 0 4 6 0 4 1 0 6 0 8)
#(11 0 2 6 9 1 8 2 0 11 0 14)
#(0 5 1 11 4 3 15 1 5 0 3 8)
#(8 0 4 0 9 5 0 16 0 6 0 5)
#(9 0 10 5 0 2 0 8 0 4 0 4)
#(9 0 6 0 14 10 0 37 0 5 2 3)
#(10 0 5 0 8 3 0 12 0 1 7 2)
#(11 0 5 4 0 7 0 2 9 0 10 0)
#(4 0 4 9 0 3 0 11 2 0 9 0)
#(7 4 6 3 0 9 0 7 6 0 6 0)
#(9 8 2 2 1 9 0 6 10 0 4 2)
#(8 0 7 1 0 8 0 11 6 0 0 7)
#(5 0 6 6 0 5 0 8 5 0 3 4)
#(0 0 0 1 0 0 0 2 0 0 1 0)
