24
;
#(53 81 36 65 28 29 45 )
#(65 82 34 63 17 29 48 )
#(65 82 34 65 17 31 48 )
#(65 82 34 65 17 31 48 )
#(62 81 34 65 19 31 47 )
#(62 81 34 63 19 29 47 )
#(68 85 41 63 17 22 44 )
#(65 86 41 63 21 22 45 )
#(65 82 38 65 17 27 44 )
#(62 82 34 62 20 28 48 )
#(65 82 34 63 17 29 48 )
#(65 82 34 65 17 31 48 )
#(65 81 41 65 16 24 40 )
#(62 82 34 58 20 24 48 )
#(63 77 29 63 14 34 48 )
#(68 89 34 68 21 34 55 )
#(63 87 29 67 24 38 58 )
#(68 89 34 68 21 34 55 )
#(67 84 30 67 17 37 54 )
#(70 91 41 68 21 27 50 )
#(70 87 34 68 17 34 53 )
#(70 91 41 68 21 27 50 )
#(67 84 34 68 17 34 50 )
#(67 87 39 63 20 24 48 )
