24
;
#( 0 4 17 19 6 0 0 )
#( 1 7 17 29 23 0 0 )
#( 1 6 18 28 24 0 0 )
#( 1 4 17 35 23 0 0 )
#( 1 12 25 22 13 0 0 )
#( 1 14 16 19 17 0 0 )
#( 0 7 15 25 36 4 0 )
#( 0 7 17 24 28 1 0 )
#( 0 8 21 28 26 0 0 )
#( 1 10 22 18 14 0 0 )
#( 1 7 17 29 23 0 0 )
#( 1 6 18 28 24 0 0 )
#( 0 3 18 39 22 0 0 )
#( 4 13 19 24 13 0 0 )
#( 6 14 11 24 10 0 0 )
#( 1 7 7 22 34 12 0 )
#( 5 8 10 24 21 5 0 )
#( 1 9 12 20 37 9 0 )
#( 4 6 11 23 19 1 0 )
#( 0 5 12 19 27 15 0 )
#( 1 4 11 20 24 10 0 )
#( 0 5 13 20 31 14 0 )
#( 1 7 14 24 29 4 0 )
#( 0 2 3 2 4 1 0 )
