24
;
#(4 0 4 0 10 6 0 12 0 6 0 4)
#(15 0 5 1 12 5 1 18 0 12 1 7)
#(13 1 11 1 9 4 1 18 0 10 0 9)
#(17 0 3 1 12 7 1 17 0 12 1 9)
#(10 2 8 0 13 4 1 18 0 13 0 4)
#(6 0 8 0 4 12 0 14 0 11 2 10)
#(19 2 9 2 12 11 0 16 0 5 2 9)
#(6 0 6 4 7 12 2 17 0 9 2 12)
#(20 2 0 0 19 4 0 19 0 16 1 2)
#(15 0 6 0 8 4 2 12 0 8 2 8)
#(15 0 5 1 12 5 1 18 0 12 1 7)
#(13 1 11 1 9 4 1 18 0 10 0 9)
#(12 2 3 1 14 7 1 22 0 14 1 5)
#(15 3 10 3 9 2 2 14 0 6 7 2)
#(10 0 7 2 6 6 9 10 0 6 0 9)
#(22 0 6 0 12 9 0 16 1 6 0 11)
#(10 0 11 4 8 0 10 15 0 8 0 7)
#(12 0 10 0 15 12 0 17 2 9 0 11)
#(11 2 4 2 10 2 2 20 2 7 0 2)
#(9 0 5 0 8 7 0 21 0 10 2 16)
#(10 0 1 0 4 7 0 24 2 6 0 16)
#(11 0 5 0 12 7 0 22 0 10 2 14)
#(8 2 10 0 9 12 2 18 4 12 0 2)
#(7 0 0 0 2 0 0 3 0 0 0 0)
