32
;
#(47 82 34 70 35 36 48 )
#(51 58 39 55 7 16 19 )
#(51 70 39 56 19 17 31 )
#(50 60 38 55 10 17 22 )
#(43 70 31 56 27 25 39 )
#(58 74 39 64 16 25 35 )
#(60 94 34 70 34 36 60 )
#(55 72 46 70 17 24 26 )
#(46 94 22 70 48 48 72 )
#(50 82 34 70 32 36 48 )
#(51 58 39 55 7 16 19 )
#(51 65 39 55 14 16 26 )
#(55 65 37 51 10 14 28 )
#(47 65 32 49 18 17 33 )
#(55 65 37 51 10 14 28 )
#(56 75 39 65 19 26 36 )
#(57 75 42 66 18 24 33 )
#(58 80 49 68 22 19 31 )
#(57 75 42 66 18 24 33 )
#(57 83 42 71 26 29 41 )
#(54 80 37 63 26 26 43 )
#(53 70 37 49 17 12 33 )
#(53 70 37 55 17 18 33 )
#(50 60 38 55 10 17 22 )
#(43 70 31 56 27 25 39 )
#(58 74 39 64 16 25 35 )
#(60 94 34 70 34 36 60 )
#(53 72 46 70 19 24 26 )
#(48 94 22 70 46 48 72 )
#(50 82 34 70 32 36 48 )
#(51 58 39 55 7 16 19 )
#(41 58 27 55 17 28 31 )
