32
;
#( 1 5 10 13 9 0 0 )
#( 0 12 28 0 0 0 0 )
#( 0 16 23 19 0 0 0 )
#( 0 17 26 2 0 0 0 )
#( 1 16 18 19 0 0 0 )
#( 0 8 25 17 1 0 0 )
#( 1 2 14 34 2 2 0 )
#( 0 6 16 16 1 0 0 )
#( 2 5 15 34 1 1 0 )
#( 1 1 10 28 14 0 0 )
#( 0 8 16 0 0 0 0 )
#( 0 8 18 5 0 0 0 )
#( 0 8 17 7 0 0 0 )
#( 2 9 13 5 0 0 0 )
#( 0 8 15 6 0 0 0 )
#( 0 6 14 16 18 0 0 )
#( 0 1 11 22 12 0 0 )
#( 0 0 8 19 8 0 0 )
#( 0 3 19 11 9 0 0 )
#( 0 1 8 15 10 1 0 )
#( 0 7 9 16 6 0 0 )
#( 0 9 6 17 0 0 0 )
#( 0 5 8 18 0 0 0 )
#( 0 17 26 2 0 0 0 )
#( 1 16 18 19 0 0 0 )
#( 0 8 25 17 1 0 0 )
#( 1 2 14 34 2 2 0 )
#( 0 6 18 14 1 0 0 )
#( 2 4 18 34 1 1 0 )
#( 1 1 10 29 14 0 0 )
#( 0 8 16 0 0 0 0 )
#( 6 9 11 0 0 0 0 )
