32
;
#(6 0 8 0 1 8 0 8 6 0 0 1)
#(14 0 6 0 6 0 0 14 0 0 0 0)
#(15 0 10 0 4 6 0 17 5 1 0 0)
#(12 0 8 0 4 4 0 13 1 1 0 2)
#(11 0 8 0 4 6 0 13 5 5 0 2)
#(6 1 7 9 4 1 2 7 1 2 10 1)
#(6 0 6 0 4 8 0 21 0 4 0 6)
#(5 0 2 0 4 2 0 10 0 11 0 5)
#(6 0 5 0 6 8 0 19 0 8 0 7)
#(10 0 8 0 5 6 0 12 8 2 0 3)
#(8 0 4 0 4 0 0 8 0 0 0 0)
#(4 0 4 4 3 2 3 5 1 1 4 0)
#(5 1 2 5 4 1 1 9 0 2 0 2)
#(5 1 3 3 3 3 2 6 0 1 0 2)
#(5 1 2 4 3 1 1 8 0 2 0 2)
#(1 0 8 3 2 12 5 4 4 6 1 8)
#(7 0 0 3 12 1 2 10 4 5 1 1)
#(5 0 5 2 3 4 0 6 0 4 0 6)
#(3 1 4 5 2 7 1 8 2 5 1 3)
#(2 0 0 3 9 2 2 7 2 5 1 2)
#(6 0 4 0 4 7 0 6 0 7 0 4)
#(3 0 3 0 7 5 0 8 0 4 0 2)
#(0 2 3 0 11 2 1 2 0 5 0 5)
#(12 0 8 0 4 4 0 13 1 1 0 2)
#(11 0 8 0 4 6 0 13 5 5 0 2)
#(6 1 7 8 5 2 1 7 1 2 10 1)
#(6 0 6 0 4 8 0 21 0 4 0 6)
#(3 1 4 0 4 1 1 9 2 7 3 4)
#(7 0 5 0 7 8 0 19 0 8 0 7)
#(9 0 8 0 6 6 0 13 8 2 0 3)
#(8 0 4 0 4 0 0 8 0 0 0 0)
#(9 0 4 0 4 2 0 5 2 0 0 0)
