#(0.9375 0.9375 0.9375 0.0625 0.0625 0.0625 B )
#(0.375 0.75 0.75 0.625 0.25 0.25 L )
#(0.875 1.0 1.0 0.125 0.0 0.0 L )
#(1.0 1.0 1.0 0.0 0.0 0.0 B )
#(1.0 1.0 1.0 0.0 0.0 0.0 B )
#(1.0 0.9375 1.0 0.0 0.0625 0.0 R )
#(0.9375 0.9375 0.9375 0.0625 0.0625 0.0625 B )
#(1.0 1.0 1.0 0.0 0.0 0.0 B )
#(0.9688 0.9688 0.9688 0.0313 0.0313 0.0313 B )
#(0.9688 0.9688 0.9688 0.0313 0.0313 0.0313 B )
#(0.25 0.625 0.625 0.75 0.375 0.375 L )
#(0.375 0.9375 0.9375 0.625 0.0625 0.0625 L )
#(0.375 1.0 1.0 0.625 0.0 0.0 L )
#(0.3125 0.9375 0.9375 0.6875 0.0625 0.0625 L )
#(0.3125 1.0 1.0 0.6875 0.0 0.0 L )
#(0.8125 0.9375 0.9375 0.1875 0.0625 0.0625 L )
#(0.8125 0.6875 0.8125 0.1875 0.3125 0.1875 R )
#(0.875 0.75 0.875 0.125 0.125 0.125 R )
#(0.875 0.9375 0.9375 0.125 0.0625 0.0625 L )
#(0.875 0.875 0.875 0.125 0.125 0.125 B )
#(1.0 1.0 1.0 0.0 0.0 0.0 B )
#(1.0 1.0 1.0 0.0 0.0 0.0 B )
#(1.0 0.5 1.0 0.0 0.5 0.0 R )
#(1.0 1.0 1.0 0.0 0.0 0.0 B )
#(1.0 1.0 1.0 0.0 0.0 0.0 B )
#(1.0 0.9375 1.0 0.0 0.0625 0.0 R )
#(0.9375 0.9375 0.9375 0.0625 0.0625 0.0625 B )
#(1.0 1.0 1.0 0.0 0.0 0.0 B )
#(1.0 0.9688 1.0 0.0 0.0313 0.0 R )
#(0.9688 0.9688 0.9688 0.0313 0.0313 0.0313 B )
#(0.25 0.625 0.625 0.75 0.375 0.375 L )
#(0.375 0.4375 0.4375 0.625 0.5625 0.5625 L )
