#(71 79 43 60 8 17 36 )
#(67 84 52 67 17 15 32 )
#(71 79 36 60 8 24 43 )
#(67 84 52 64 17 12 32 )
#(60 84 36 65 24 29 48 )
#(71 79 58 67 8 9 21 )
#(71 89 55 67 18 12 34 )
#(74 88 50 72 14 22 38 )
#(67 79 50 64 12 14 29 )
#(67 84 50 64 17 14 34 )
#(76 88 48 64 12 16 40 )
#(69 88 48 62 19 14 40 )
#(65 89 43 62 24 19 46 )
#(64 89 43 60 25 17 46 )
#(64 79 48 62 15 14 31 )
#(67 86 55 67 19 12 31 )
#(59 86 43 67 27 24 43 )
#(69 76 54 65 7 11 22 )
#(66 76 47 60 10 13 29 )
#(69 76 50 67 7 17 26 )
#(72 79 57 67 7 10 22 )
#(71 79 55 67 8 12 24 )
#(71 79 55 67 8 12 24 )
#(71 79 48 67 8 19 31 )
#(71 79 43 60 8 17 36 )
#(67 84 36 67 17 31 48 )
#(71 79 36 60 8 24 43 )
#(67 84 52 65 17 13 32 )
#(60 84 36 67 24 31 48 )
#(71 81 58 67 10 9 23 )
#(70 89 48 67 19 19 41 )
#(65 81 41 62 16 21 40 )
#(62 84 48 67 22 19 36 )
#(74 84 55 69 10 14 29 )
#(74 89 53 69 15 16 36 )
#(69 81 41 65 12 24 40 )
#(62 81 43 55 19 12 38 )
#(60 82 43 60 22 17 39 )
#(67 86 48 65 19 17 38 )
#(67 84 48 67 17 19 36 )
#(67 79 48 60 12 12 31 )
#(65 84 48 60 19 12 36 )
#(60 81 36 57 21 21 45 )
