43
;
#(11 2 8 0 0 0 0 0 0 0 )
#(19 6 3 0 0 0 0 0 0 0 )
#(19 7 8 0 0 0 0 0 0 0 )
#(24 9 3 0 0 0 0 0 0 0 )
#(29 1 5 4 0 0 0 0 0 0 )
#(16 16 0 0 0 1 0 0 0 0 )
#(11 20 0 0 0 1 0 0 0 0 )
#(37 6 2 0 0 0 0 0 0 0 )
#(19 12 1 0 0 0 0 0 0 0 )
#(15 18 1 0 0 0 0 0 0 0 )
#(16 19 0 0 0 0 0 0 0 0 )
#(19 12 6 0 0 0 0 0 0 0 )
#(36 1 6 0 1 0 0 0 0 0 )
#(31 2 3 0 1 0 0 0 0 0 )
#(20 12 1 0 0 0 0 0 0 0 )
#(20 12 2 0 0 0 0 0 0 0 )
#(18 4 6 0 0 0 0 0 0 0 )
#(0 5 7 1 0 0 0 0 0 0 )
#(6 1 5 0 1 0 0 0 0 0 )
#(19 12 0 1 0 0 0 0 0 0 )
#(20 12 0 0 0 0 0 0 0 0 )
#(21 12 0 0 0 0 0 0 0 0 )
#(11 15 2 0 0 0 0 0 0 0 )
#(8 1 2 0 3 0 0 0 0 0 )
#(10 4 7 0 0 0 0 0 0 0 )
#(21 6 4 0 0 0 0 0 0 0 )
#(19 8 7 0 0 0 0 0 0 0 )
#(28 5 4 2 0 0 0 0 0 0 )
#(25 4 3 2 0 1 0 0 0 0 )
#(16 16 0 0 0 1 0 0 0 0 )
#(16 20 0 0 0 0 0 0 0 0 )
#(40 8 0 0 0 0 0 0 0 0 )
#(27 13 0 0 0 0 0 0 0 0 )
#(14 18 0 0 0 0 0 0 0 0 )
#(17 18 0 0 0 0 0 0 0 0 )
#(16 19 0 0 0 0 0 0 0 0 )
#(21 8 9 0 0 0 0 0 0 0 )
#(35 2 3 2 0 0 0 0 0 0 )
#(30 3 2 2 0 0 0 0 0 0 )
#(19 14 1 0 0 0 0 0 0 0 )
#(21 12 2 0 0 0 0 0 0 0 )
#(27 8 3 0 0 0 0 0 0 0 )
#(0 1 1 0 0 2 0 1 0 0 )
