#(58 70 41 55 12 14 29 )
#(65 77 46 62 12 16 31 )
#(65 91 34 63 26 29 57 )
#(65 77 46 62 12 16 31 )
#(63 93 36 64 30 28 57 )
#(62 77 46 62 15 16 31 )
#(65 91 34 63 26 29 57 )
#(65 77 38 63 12 25 39 )
#(62 74 41 62 12 21 33 )
#(62 94 31 63 32 32 63 )
#(74 94 31 62 20 31 63 )
#(74 95 31 63 21 32 64 )
#(74 91 31 63 17 32 60 )
#(65 91 38 63 26 25 53 )
#(65 91 41 63 26 22 50 )
#(65 89 34 63 24 29 55 )
#(65 86 36 64 21 28 50 )
#(62 93 36 64 31 28 57 )
#(65 91 41 63 26 22 50 )
#(65 89 34 63 24 29 55 )
#(65 77 38 63 12 25 39 )
#(58 82 39 63 24 24 43 )
#(65 87 34 65 22 31 53 )
#(65 82 34 63 17 29 48 )
#(65 87 32 63 22 31 55 )
#(58 82 34 62 24 28 48 )
#(63 77 39 62 14 23 38 )
#(65 91 34 63 26 29 57 )
#(65 77 38 62 12 24 39 )
#(68 93 36 64 25 28 57 )
#(62 89 41 62 27 21 48 )
#(65 91 34 63 26 29 57 )
#(65 72 38 63 7 25 34 )
#(58 82 38 62 24 24 44 )
#(69 98 46 65 29 19 52 )
#(58 82 27 65 24 38 55 )
