42
;
(G "6/8" 268 38 85 67 184 103 58 238 67 132 45 112 165 42 32 78 145 0.9221 0.9022 0.9565 0.0779 0.0978 0.0435 R 41 160 394 428 363 11 0 52 86 25 65 34 40 61)
(B- "3/4" 310 8 145 27 280 168 26 251 39 205 3 104 120 111 117 141 56 0.9595 0.9324 0.9595 0.0405 0.0676 0.0405 R 6 122 491 534 358 55 0 53 94 31 67 41 36 63)
(B- "3/4" 354 8 132 44 319 174 18 322 54 165 10 126 163 101 99 108 118 0.9788 0.9302 0.9788 0.0212 0.0698 0.0212 R 23 180 470 518 370 164 1 58 98 27 65 40 38 71)
(C "2/4" 307 30 145 85 273 179 36 323 38 189 24 109 112 165 119 84 112 0.9171 0.887 0.9423 0.0661 0.0962 0.0409 R 6 103 401 534 598 96 0 53 89 29 67 36 38 60)
(C "2/4" 274 17 139 54 195 132 39 268 29 114 29 97 119 98 84 107 73 0.954 0.8289 0.9803 0.0461 0.1711 0.0197 R 4 111 313 449 436 74 0 58 92 0 68 34 68 92)
(B- "2/4" 237 38 162 25 248 130 25 267 43 167 23 144 233 110 106 113 53 0.9808 0.9471 0.9856 0.0192 0.0529 0.0144 R 1 134 419 485 421 49 0 58 89 31 66 31 35 58)
(F "2/4" 202 39 143 12 144 152 27 324 17 137 32 136 99 63 93 139 55 0.981 0.9293 0.981 0.0 0.0516 0.0 R 2 167 310 424 402 60 0 60 93 0 65 33 65 93)
(B- "4/4" 219 7 95 18 170 119 30 359 17 74 13 126 87 92 84 64 87 0.9219 0.8949 0.9616 0.0582 0.0852 0.0185 R 21 144 350 378 311 43 0 53 91 31 70 38 39 60)
(C "2/4" 227 15 101 29 243 124 39 253 53 174 24 105 132 97 117 77 73 0.9719 0.9339 0.9719 0.0172 0.0553 0.0172 R 2 114 357 413 449 52 0 57 89 35 79 32 44 54)
(D "4/4" 249 33 199 140 121 141 46 321 98 69 136 107 69 81 111 138 99 0.9491 0.9221 0.973 0.0409 0.0679 0.017 R 27 212 404 468 469 80 0 45 94 29 75 49 46 65)
(F "2/4" 260 8 135 34 199 120 36 316 16 143 16 106 222 194 71 94 38 0.9247 0.9347 0.983 0.0753 0.0653 0.017 L 4 128 337 529 372 19 0 53 86 34 67 33 33 52)
(C "2/4" 393 10 177 41 321 147 48 301 14 164 22 77 124 126 128 101 103 0.9769 0.9484 0.9837 0.0231 0.0516 0.0163 R 2 130 393 482 576 132 0 55 89 29 76 34 47 60)
(B- "2/4" 341 30 207 43 291 202 33 327 69 188 16 168 175 212 95 166 72 0.9836 0.9896 0.9968 0.0164 0.0104 0.0032 L 16 261 527 478 602 31 0 50 87 29 68 37 39 58)
(B- "2/4" 294 32 153 47 240 147 62 378 59 176 32 158 142 140 80 107 129 0.9858 0.9545 0.9915 0.0142 0.0455 0.0085 R 10 146 400 589 563 70 0 55 94 34 81 39 47 60)
(A- "2/4" 246 16 208 40 213 104 98 312 36 205 33 224 116 141 90 109 114 0.9247 0.9631 0.9688 0.0497 0.0114 0.0057 L 14 187 390 477 531 136 0 53 94 29 73 41 44 65)
(B- "4/4" 421 11 192 16 375 169 41 414 54 203 20 157 161 81 147 168 109 0.9817 0.9858 0.9878 0.0183 0.0142 0.0122 L 7 118 643 611 593 101 0 62 91 33 66 29 33 58)
(G "2/4" 291 22 138 61 247 145 45 340 33 171 33 184 162 104 79 99 133 0.9853 0.9877 0.9934 0.0147 0.0123 0.0066 L 17 223 399 558 483 30 0 59 88 28 65 29 37 60)
(A- "2/4" 257 40 138 38 227 132 49 281 21 163 37 140 207 81 104 134 58 0.9404 0.9744 0.9744 0.0398 0.0057 0.0057 L 16 186 406 431 472 12 0 59 87 32 66 28 34 55)
(C "2/4" 296 26 133 35 217 124 48 352 32 139 31 119 81 91 110 70 134 0.9837 0.9755 0.9918 0.0163 0.0245 0.0082 R 0 179 374 418 536 45 0 55 89 36 65 34 29 53)
(B- "4/4" 355 15 138 33 354 202 23 279 76 239 19 155 201 176 125 148 72 0.9598 0.933 0.9688 0.0312 0.058 0.0223 R 15 208 467 656 504 38 0 53 87 33 72 34 39 54)
(G "6/8" 230 4 103 30 164 139 47 272 15 74 10 133 42 92 49 120 68 0.8406 0.8261 0.9112 0.1594 0.1739 0.0888 R 4 150 334 247 376 110 0 59 95 31 65 36 34 64)
(A- "2/4" 382 46 130 51 203 80 30 344 41 159 8 109 177 134 61 112 95 0.885 0.9574 0.973 0.0952 0.0227 0.0071 L 5 146 384 536 459 53 0 60 92 32 73 32 41 60)
(C "2/4" 263 35 151 111 334 146 74 302 71 248 27 173 232 125 104 128 119 0.974 0.92 0.9799 0.0171 0.0711 0.0112 R 2 131 499 475 737 91 0 57 88 35 69 31 34 53)
(B- "2/4" 230 20 128 21 225 173 23 287 29 134 30 119 134 91 59 88 107 0.9965 0.9861 0.9965 0.0035 0.0139 0.0035 R 24 149 334 389 443 80 0 62 89 32 69 27 37 57)
(G "2/4" 309 25 157 45 294 162 47 389 31 220 19 109 163 160 170 130 56 0.9386 0.9353 0.9799 0.0614 0.0647 0.0201 R 2 96 432 536 631 110 0 59 95 31 71 36 40 64)
(B- "2/4" 205 15 86 29 159 133 16 226 20 142 8 118 180 96 119 93 10 0.9469 0.9406 0.9656 0.0406 0.0469 0.0219 R 1 121 311 355 341 28 0 58 87 34 68 29 34 53)
(G "2/4" 333 18 115 39 230 154 27 320 43 145 31 103 178 112 108 138 54 0.9783 0.9728 0.9783 0.0109 0.0163 0.0109 R 0 128 536 590 293 11 0 55 88 36 67 33 31 52)
(E- "2/4" 266 18 137 11 238 156 72 304 13 164 5 122 130 106 107 88 92 0.9538 0.9457 0.9837 0.0462 0.0543 0.0163 R 12 164 379 513 405 33 0 60 89 32 65 29 33 57)
(B- "2/4" 365 7 104 66 259 131 28 354 60 115 13 107 197 103 105 109 85 0.9891 0.9565 0.9891 0.0109 0.0435 0.0109 R 6 175 381 484 538 25 0 55 89 34 65 34 31 55)
(B- "2/4" 248 2 109 23 237 136 27 246 39 162 6 123 183 111 129 101 31 0.9565 0.966 0.9755 0.0326 0.0231 0.0136 L 1 115 417 405 380 40 0 62 89 33 65 27 32 56)
(G "6/8" 207 23 112 15 179 107 31 259 20 150 11 90 94 78 102 83 58 0.9375 0.8437 0.9496 0.0625 0.1563 0.0504 R 0 111 457 397 223 16 0 59 91 36 62 32 26 55)
(C "2/4" 299 33 146 34 268 202 38 294 66 190 32 163 167 138 122 81 121 0.9943 0.9233 0.9972 0.0057 0.0767 0.0028 R 2 127 393 643 490 110 0 52 89 31 67 37 36 58)
(B- "2/4" 288 15 153 38 252 130 40 355 41 182 27 166 167 104 136 91 102 0.981 0.9633 0.9891 0.0109 0.0285 0.0027 R 19 209 411 375 586 87 0 58 89 29 67 31 38 60)
(C "2/4" 227 18 167 55 223 207 23 269 41 139 42 128 169 160 117 88 65 0.9972 0.983 0.9972 0.0028 0.017 0.0028 R 0 124 357 490 528 40 0 57 88 36 72 31 36 52)
(F "2/4" 205 31 143 34 238 171 21 320 10 146 17 126 183 117 91 120 54 0.9659 0.9489 0.9773 0.0227 0.0398 0.0114 R 1 113 363 487 453 45 0 60 88 34 67 28 33 54)
(C "2/4" 223 26 95 34 176 105 47 202 42 124 13 65 145 68 37 65 98 0.7874 0.7803 0.8116 0.2126 0.2197 0.1884 R 0 69 253 413 347 70 0 56 91 36 76 35 40 55)
(B- "2/4" 321 20 114 31 256 160 38 405 39 145 17 118 131 114 81 124 104 0.9441 0.9763 0.982 0.0436 0.0114 0.0057 L 12 126 410 486 459 171 0 53 94 34 76 41 42 60)
(B- "2/4" 290 17 148 23 236 149 36 399 11 218 24 185 100 196 130 118 72 0.9609 0.9844 0.9844 0.0391 0.0156 0.0156 L 31 175 361 565 528 76 0 53 91 29 68 38 39 62)
(B- "2/4" 302 12 120 9 267 86 33 291 30 181 15 110 173 121 164 98 29 0.983 0.983 0.9972 0.0171 0.017 0.0028 R 6 146 434 531 333 6 0 62 87 27 65 25 38 60)
(C "2/4" 272 34 134 48 234 147 58 222 35 192 29 92 107 71 118 77 108 0.9931 0.9861 0.9931 0.0069 0.0139 0.0069 R 4 136 307 476 474 100 0 53 93 31 66 40 35 62)
(G "2/4" 346 20 112 25 236 144 35 293 37 160 36 115 162 87 119 95 94 0.9886 0.9162 0.9886 0.0114 0.0838 0.0114 R 1 149 412 509 474 14 0 57 86 35 67 29 32 51)
(A- "2/4" 283 28 149 46 263 163 26 345 34 182 14 111 157 161 142 98 68 0.957 0.9414 0.9896 0.043 0.0586 0.0104 R 6 169 375 522 549 23 0 55 85 32 67 30 35 53)
