18
;
(C "4/4" 2497 96 1773 63 1698 951 385 2564 57 987 88 1141 4691 2234 899 81 24 0.9034 0.8214 0.9735 0.0858 0.1677 0.0157 R 25 677 2948 4667 3643 340 0 48 89 31 77 41 46 58)
(C "4/4" 72 0 49 6 34 25 9 86 0 22 0 30 184 70 3 0 0 0.9188 0.5875 0.9812 0.0812 0.4125 0.0188 R 0 22 74 119 113 5 0 55 86 36 65 31 29 50)
(F "3/4" 67 2 34 0 58 23 7 79 0 30 3 23 139 74 13 0 0 0.9762 0.869 1.0 0.0238 0.131 0.0 R 0 14 97 139 76 0 0 60 81 36 62 21 26 45)
(C "3/8" 109 0 54 0 82 60 4 106 0 17 0 41 145 124 24 2 0 0.8657 0.9213 0.9907 0.1343 0.0787 0.0093 L 0 8 170 141 145 9 0 59 86 43 62 27 19 43)
(G "2/4" 102 5 75 0 75 33 16 142 2 51 4 49 195 147 19 2 0 0.8711 0.8008 0.9336 0.0859 0.1562 0.0234 R 0 42 145 156 206 5 0 62 86 38 66 24 28 48)
(C "3/4" 49 0 36 0 32 22 8 46 3 21 0 36 95 39 24 2 0 0.9762 0.9762 1.0 0.0238 0.0238 0.0 R 0 35 83 108 27 0 0 52 83 36 62 31 26 47)
(G "3/8" 114 11 162 0 98 48 19 144 1 58 0 67 273 213 5 2 0 0.8591 0.9405 0.9911 0.1409 0.0595 0.0089 L 0 19 199 342 160 2 0 59 86 43 64 27 21 43)
(C "4/4" 192 7 121 13 150 87 35 236 12 82 0 112 298 237 73 9 4 0.8672 0.8106 0.9785 0.1328 0.1895 0.0215 R 0 74 256 376 296 45 0 50 89 36 69 39 33 53)
(G "2/2" 27 0 17 0 22 18 2 33 0 6 0 12 59 29 4 2 0 0.9375 0.9375 0.9688 0.0625 0.0625 0.0312 B 0 0 17 73 44 3 0 59 86 48 71 27 23 38)
(C "2/4" 184 0 147 0 150 53 13 159 3 65 1 92 265 77 144 4 0 0.9018 0.7113 0.9702 0.0982 0.2887 0.0298 R 0 11 201 347 261 47 0 60 88 47 67 28 20 41)
(F "3/4" 201 10 104 4 108 55 36 155 13 73 13 83 358 182 41 0 2 0.9313 0.8056 0.9892 0.0687 0.1944 0.0108 R 0 60 173 306 308 8 0 53 89 36 72 36 36 53)
(B- "2/4" 98 3 53 4 70 63 9 88 2 36 0 39 139 36 78 5 0 0.9271 0.8646 0.9688 0.0729 0.1354 0.0312 R 1 41 67 211 139 6 0 62 86 34 77 24 43 52)
(F "2/4" 142 2 94 0 109 32 34 161 0 79 0 77 443 92 27 3 2 0.8654 0.7404 0.9519 0.1058 0.2308 0.0192 R 0 35 158 262 256 19 0 48 88 36 74 40 38 52)
(G "2/2" 254 15 167 24 175 96 60 278 12 120 28 118 708 213 71 0 0 0.8958 0.8807 0.9744 0.0786 0.0938 0.0 R 2 33 380 561 344 27 0 60 88 35 69 28 34 53)
(C "3/8" 214 0 111 0 110 47 4 151 0 17 0 41 194 167 23 22 2 0.9603 0.9325 0.9841 0.0397 0.0675 0.0159 R 0 38 206 169 232 50 0 52 88 36 69 36 33 52)
(G "2/4" 191 8 142 5 150 91 36 145 6 84 8 90 414 98 87 20 1 0.8915 0.6415 0.9504 0.0898 0.3398 0.0309 R 0 44 182 410 276 44 0 50 88 38 72 38 34 50)
(D "4/4" 335 4 198 4 185 129 51 356 2 151 10 141 541 309 115 3 10 0.909 0.8804 0.9674 0.0693 0.0978 0.0109 R 21 124 319 566 490 46 0 57 86 31 69 29 38 55)
(D "6/8" 146 29 209 3 90 69 42 199 1 75 21 90 241 127 148 5 3 0.9427 0.7708 0.974 0.0339 0.2057 0.0026 R 1 77 221 381 270 24 0 56 88 33 69 32 36 55)
