10
;
#(C "4/4" 234 10 160 17 252 128 23 179 47 105 30 102 782 159 38 13 4 0.7204 0.7484 0.9096 0.2089 0.1628 0.0197 L 18 48 416 607 181 17 0 36 89 24 80 53 56 65)
#(A "4/4" 30 18 52 7 55 38 33 59 30 31 11 41 174 20 30 18 4 0.9648 0.6953 0.9648 0.0352 0.3047 0.0352 R 8 24 60 150 153 10 0 56 88 0 77 32 77 88)
#(D- "9/8" 255 3 236 52 205 217 7 271 12 253 53 110 381 154 75 59 84 0.9097 0.7963 0.9444 0.0394 0.0332 0.0046 R 6 119 294 683 479 91 2 53 97 27 85 44 58 70)
#(B- "3/4" 92 30 107 35 97 45 37 168 4 118 29 95 18 31 43 36 75 0.934 0.658 0.9444 0.0347 0.0269 0.0243 R 39 80 211 285 185 54 1 50 96 22 76 46 54 74)
#(F+ "4/4" 403 28 258 242 55 259 32 332 195 124 215 86 742 219 168 113 18 0.8934 0.8654 0.9399 0.0633 0.0641 0.0168 R 16 245 544 877 440 94 13 50 102 30 85 52 55 72)
#(G "4/4" 305 33 242 34 258 162 39 303 64 210 91 142 706 112 100 53 74 0.827 0.6496 0.8884 0.1418 0.25 0.0804 R 27 112 408 759 500 77 0 41 93 29 74 52 45 64)
#(E- "2/4" 216 9 164 49 151 133 22 329 58 110 31 89 149 167 83 113 31 0.7959 0.8926 0.9209 0.2041 0.1035 0.0791 L 19 232 503 488 110 7 0 41 94 22 71 53 49 72)
#(B- "2/2" 114 42 68 66 67 47 13 116 25 105 50 73 216 78 56 40 17 0.7619 0.9286 0.9613 0.2381 0.0655 0.0387 L 98 178 256 214 36 0 0 0 83 22 61 83 39 61)
#(F+ "3/4" 137 10 57 0 121 60 17 109 1 121 5 34 128 35 10 17 63 0.9736 0.9069 0.9778 0.0264 0.0931 0.0222 R 5 58 184 282 120 23 0 47 90 30 90 43 60 60)
#(F "4/4" 178 25 151 60 145 133 31 235 53 126 79 103 404 172 67 74 14 0.9696 0.7965 0.994 0.0256 0.0292 0.0 R 14 81 302 477 375 70 0 53 93 26 74 40 48 67)
