23
;
#(66 86 50 59 20 9 36 )
#(61 86 43 57 25 14 43 )
#(62 86 38 57 24 19 48 )
#(59 85 38 50 26 12 47 )
#(74 86 40 62 12 22 46 )
#(68 81 40 64 13 24 41 )
#(68 76 52 64 8 12 24 )
#(66 81 52 64 15 12 29 )
#(62 81 38 62 19 24 43 )
#(64 81 38 61 17 23 43 )
#(69 83 57 57 14 0 26 )
#(66 83 50 62 17 12 33 )
#(73 84 58 64 11 6 26 )
#(61 78 32 60 17 28 46 )
#(61 81 33 57 20 24 48 )
#(64 86 49 59 22 10 37 )
#(61 86 38 57 25 19 48 )
#(59 83 38 57 24 19 45 )
#(71 86 32 57 15 25 54 )
#(73 81 57 69 8 12 24 )
#(71 86 57 69 15 12 29 )
#(67 86 43 67 19 24 43 )
#(57 81 31 67 24 36 50 )
