#(15 0 2 0 7 2 1 15 0 9 0 2)
#(7 0 7 0 13 10 0 18 0 3 0 4)
#(13 0 11 0 12 11 0 20 0 7 0 7)
#(34 0 2 0 7 8 0 4 0 4 2 4)
#(18 0 7 0 5 0 11 8 0 12 0 10)
#(6 2 13 0 5 0 8 23 0 8 0 5)
#(7 0 21 0 0 0 3 2 0 7 0 8)
#(3 0 12 0 4 0 5 19 0 12 0 10)
#(12 0 10 0 12 0 10 21 0 11 0 9)
#(8 0 14 0 3 0 4 17 0 6 0 11)
#(7 0 7 0 4 2 0 35 0 5 0 6)
#(28 0 6 0 8 8 0 8 0 3 0 2)
#(13 2 10 0 11 9 0 9 2 4 2 4)
#(21 0 6 4 11 8 2 14 0 11 4 5)
#(11 0 5 0 8 2 3 26 0 2 0 4)
#(13 0 6 0 12 9 0 15 0 9 0 4)
#(12 0 10 0 11 9 0 17 0 6 0 7)
#(27 0 4 0 8 9 0 9 0 5 2 4)
#(22 0 8 0 6 9 4 13 0 9 0 12)
#(2 0 7 0 8 7 0 21 0 0 0 3)
#(11 0 9 0 8 6 0 17 0 2 0 4)
#(22 0 12 0 8 11 0 10 0 12 0 9)
#(23 0 9 0 14 9 0 15 0 4 0 7)
