23
;
#(18 16 1 0 0 0 0 0 0 0 )
#(20 18 2 0 0 0 0 0 0 0 )
#(34 19 3 0 0 0 0 0 0 0 )
#(8 27 1 0 0 0 0 0 0 0 )
#(28 20 1 0 0 0 0 0 0 0 )
#(16 19 2 0 2 0 0 0 0 0 )
#(16 16 0 0 0 0 0 0 0 0 )
#(29 9 6 0 0 0 0 0 0 0 )
#(45 0 12 1 0 0 0 0 0 0 )
#(17 6 8 0 2 0 0 0 0 0 )
#(18 6 12 0 0 0 0 0 0 0 )
#(31 7 6 0 0 0 0 0 0 0 )
#(10 10 12 0 0 0 0 0 0 0 )
#(34 4 12 2 0 0 0 0 0 0 )
#(24 11 5 0 0 0 0 0 0 0 )
#(20 24 0 0 0 0 0 0 0 0 )
#(27 18 3 0 0 0 0 0 0 0 )
#(19 20 3 0 0 0 0 0 0 0 )
#(20 24 0 0 3 0 0 0 0 0 )
#(16 16 0 0 0 0 0 0 0 0 )
#(22 13 3 0 0 0 0 0 0 0 )
#(43 0 12 0 1 0 0 0 0 0 )
#(26 6 11 0 2 0 0 0 0 0 )
