#( 0 0 3 11 21 0 0 )
#( 0 0 5 12 34 3 0 )
#( 0 0 4 12 24 0 0 )
#( 0 1 8 10 35 5 0 )
#( 0 6 7 12 12 0 0 )
#( 0 0 4 12 26 4 0 )
#( 0 10 10 22 1 0 0 )
#( 6 7 14 16 9 1 0 )
#( 1 1 11 10 27 9 0 )
#( 0 0 15 15 34 7 0 )
#( 0 0 11 16 8 0 0 )
#( 0 0 7 23 12 0 0 )
#( 0 2 10 17 7 0 0 )
#( 0 4 14 8 19 2 0 )
#( 0 0 12 37 21 7 0 )
#( 0 0 2 23 13 2 0 )
#( 0 0 12 37 21 7 0 )
#( 0 0 2 23 13 2 0 )
#( 0 2 24 14 12 0 0 )
#( 0 7 32 3 23 2 0 )
#( 0 0 18 10 13 0 0 )
#( 0 0 4 7 16 0 0 )
#( 0 0 4 14 27 0 0 )
#( 0 0 5 10 31 3 0 )
#( 0 1 5 13 24 1 0 )
#( 0 3 13 10 29 4 0 )
#( 0 0 11 8 15 1 0 )
#( 0 0 13 12 13 0 0 )
#( 2 8 6 19 0 0 0 )
#( 0 6 10 11 13 0 0 )
#( 0 0 0 42 29 0 0 )
#( 0 1 13 29 24 0 0 )
#( 0 0 5 30 37 0 0 )
#( 0 4 15 17 33 3 0 )
#( 0 4 15 17 14 0 0 )
#( 0 0 18 21 11 4 0 )
#( 0 0 4 19 21 0 0 )
#( 0 0 18 23 13 8 0 )
#( 0 1 11 18 16 0 0 )
#( 0 0 2 7 14 6 0 )
#( 0 0 2 8 23 5 0 )
#( 0 0 5 11 22 0 0 )
#( 0 24 24 34 14 0 0 )
#( 0 1 4 14 72 4 0 )
#( 0 0 4 14 27 0 0 )
#( 0 1 8 16 21 3 0 )
#( 0 3 12 18 11 1 0 )
#( 0 6 11 19 21 4 0 )
#( 6 7 13 4 22 1 0 )
#( 1 1 13 11 28 5 0 )
#( 0 0 22 17 31 2 0 )
#( 0 3 12 12 31 2 0 )
#( 0 0 5 13 18 0 0 )
#( 0 0 3 11 19 2 0 )
#( 0 1 15 9 14 5 0 )
#( 0 0 31 5 23 4 0 )
#( 0 0 37 8 18 1 0 )
#( 0 0 24 7 22 0 0 )
#( 0 0 37 8 18 1 0 )
#( 0 0 4 15 20 1 0 )
#( 0 4 24 24 14 0 0 )
#( 0 2 13 14 18 0 0 )
#( 0 0 3 12 28 0 0 )
#( 0 0 5 14 28 4 0 )
#( 0 6 8 12 19 0 0 )
#( 0 0 4 12 22 4 0 )
#( 0 7 8 14 16 3 0 )
#( 0 13 9 2 20 7 0 )
