(C "4/4" 77 4 77 0 75 53 15 73 7 68 8 58 206 128 0 0 1 0.9245 0.9479 0.9974
 0.0755 0.0521 0.0026 L 0 13 114 230 156 2 0 60 84 36 70 24 34 48)
(C "4/4" 118 0 108 95 2 98 9 100 49 43 84 14 174 241 0 0 0 0.9717 0.9018 0.9955
 0.0283 0.0982 0.0045 R 0 23 149 308 238 2 0 60 84 36 72 24 36 48)
(D "3/8" 117 2 93 0 89 57 14 87 7 77 1 77 177 166 0 0 0 0.9704 0.912 0.9926
 0.0222 0.0806 0.0 R 0 34 174 256 157 0 0 57 83 38 71 26 33 45)
(D "3/8" 91 2 78 67 10 69 10 87 58 16 64 14 150 152 0 0 0 0.9744 0.9359 1.0
 0.0256 0.0641 0.0 R 0 53 128 237 148 0 0 60 82 36 65 22 29 46)
(E- "4/4" 119 17 107 0 104 100 25 108 4 111 35 73 263 238 0 0 0 0.9727 0.9785
 1.0 0.0274 0.0215 0.0 L 0 27 251 247 271 7 0 62 84 39 65 22 26 45)
(E "3/8" 115 2 75 11 100 65 36 109 2 82 10 98 309 134 0 0 0 0.9557 0.974 1.0
 0.0443 0.026 0.0 L 1 59 181 267 197 0 0 56 83 35 64 27 29 48)
(E "4/4" 88 0 80 83 2 63 4 81 37 19 52 23 200 142 0 0 0 0.9948 0.888 1.0 0.0052
 0.112 0.0 R 0 54 150 168 159 1 0 59 84 36 67 25 31 48)
(F "3/4" 118 3 87 0 91 78 17 102 7 92 17 66 150 222 0 1 0 0.9352 0.9259 0.9583
 0.0648 0.0741 0.0417 R 0 31 176 246 218 7 0 53 84 36 72 31 36 48)
(F "3/4" 104 11 96 80 19 75 19 91 47 44 59 35 186 207 0 0 0 1.0 0.9954 1.0 0.0
 0.0046 0.0 R 0 34 208 228 209 1 0 60 84 36 70 24 34 48)
(G "9/8" 89 0 76 0 79 50 14 89 0 52 3 72 112 174 0 0 0 0.9583 0.9479 1.0 0.0417
 0.0521 0.0 R 0 44 163 160 156 1 0 55 84 38 67 29 29 46)
(G "4/4" 102 10 81 63 16 73 11 101 49 36 66 19 139 220 0 0 0 0.987 0.987 1.0
 0.013 0.013 0.0 L 0 49 205 179 194 0 0 60 82 36 63 22 27 46)
(A "2/8" 112 5 105 5 98 87 26 101 8 101 10 82 304 194 0 0 0 0.9444 0.9253 1.0
 0.0556 0.0746 0.0 R 0 59 219 254 208 0 0 52 83 37 69 31 32 46)
(A "4/4" 93 3 82 99 4 78 12 109 42 26 62 27 221 176 0 0 0 0.9174 0.9531 1.0
 0.0826 0.0469 0.0 L 0 40 147 237 211 2 0 54 84 38 69 30 31 46)
(B- "4/4" 102 3 98 0 90 85 6 94 3 80 20 61 240 177 0 0 0 0.8969 0.9219 1.0
 0.1031 0.0781 0.0 L 0 64 192 208 178 0 0 57 82 36 70 25 34 46)
(B "4/4" 82 1 64 73 5 66 11 82 40 26 63 13 148 165 0 0 0 0.9792 0.9583 1.0
 0.0208 0.0417 0.0 R 0 74 120 178 153 1 0 59 84 37 64 25 27 47)
