#( 0 3 6 10 8 0 0 )
#( 0 3 6 9 6 0 0 )
#( 0 3 8 6 11 0 0 )
#( 0 1 1 5 17 1 0 )
#( 0 3 6 10 8 0 0 )
#( 0 4 12 17 6 0 0 )
#( 0 0 19 18 13 0 0 )
#( 0 0 12 22 20 0 0 )
#( 0 0 10 19 41 2 0 )
#( 0 0 0 3 17 0 0 )
#( 0 3 6 10 8 0 0 )
#( 0 3 8 11 6 0 0 )
#( 0 3 5 6 12 1 0 )
#( 0 2 4 9 11 0 0 )
#( 0 3 6 9 9 0 0 )
#( 0 24 0 8 10 0 0 )
#( 0 42 0 15 5 0 0 )
#( 1 24 0 7 10 0 0 )
#( 0 24 0 15 5 0 0 )
#( 1 0 7 17 8 4 0 )
#( 0 0 3 7 13 15 4 )
#( 0 3 6 10 8 0 0 )
#( 0 3 8 11 6 0 0 )
#( 0 3 5 6 12 1 0 )
#( 0 2 4 9 11 0 0 )
#( 0 3 6 9 9 0 0 )
#( 1 1 0 2 0 0 0 )
