1011
;
#(62 76 38 64 14 26 38 )
#(62 83 43 64 21 21 40 )
#(62 76 38 64 14 26 38 )
#(62 83 40 64 21 24 43 )
#(59 79 37 62 20 25 42 )
#(59 81 38 59 22 21 43 )
#(66 74 38 60 8 22 36 )
#(66 81 38 62 15 24 43 )
#(64 76 36 62 12 26 40 )
#(64 84 43 62 20 19 41 )
#(64 84 48 64 20 16 36 )
#(64 86 43 60 22 17 43 )
#(64 84 42 59 20 17 42 )
#(54 72 27 65 18 38 45 )
#(58 78 34 60 20 26 44 )
#(52 78 25 63 26 38 53 )
#(56 76 32 58 20 26 44 )
#(63 76 31 58 13 27 45 )
#(62 84 31 60 22 29 53 )
#(64 84 48 64 20 16 36 )
#(64 86 43 60 22 17 43 )
#(64 84 42 59 20 17 42 )
#(59 84 35 60 25 25 49 )
#(70 94 34 65 24 31 60 )
#(65 79 41 62 14 21 38 )
#(63 84 41 63 21 22 43 )
#(63 84 41 63 21 22 43 )
#(62 82 41 63 20 22 41 )
#(65 79 41 62 14 21 38 )
#(71 87 43 65 16 22 44 )
#(64 79 52 62 15 10 27 )
#(67 82 41 64 15 23 41 )
#(70 84 46 63 14 17 38 )
#(65 85 41 63 20 22 44 )
#(72 89 46 63 17 17 43 )
#(65 81 41 67 16 26 40 )
#(72 86 38 65 14 27 48 )
#(65 85 41 63 20 22 44 )
#(74 91 46 62 17 16 45 )
#(75 91 41 64 16 23 50 )
#(67 82 46 58 15 12 36 )
#(62 74 38 58 12 20 36 )
#(67 79 38 60 12 22 41 )
#(66 72 38 62 6 24 34 )
#(66 86 38 63 20 25 48 )
#(62 74 38 58 12 20 36 )
#(67 79 43 60 12 17 36 )
#(67 82 38 60 15 22 44 )
#(66 75 31 62 9 31 44 )
#(58 72 39 62 14 23 33 )
#(53 72 34 51 19 17 38 )
#(58 74 34 51 16 17 40 )
#(53 76 36 55 23 19 40 )
#(58 77 39 53 19 14 38 )
#(53 72 34 51 19 17 38 )
#(62 82 34 63 20 29 48 )
#(63 77 41 62 14 21 36 )
#(62 81 38 58 19 20 43 )
#(65 90 41 66 25 25 49 )
#(58 89 46 65 31 19 43 )
#(58 70 41 55 12 14 29 )
#(65 77 46 62 12 16 31 )
#(65 91 34 63 26 29 57 )
#(65 77 46 62 12 16 31 )
#(63 93 36 64 30 28 57 )
#(62 77 46 62 15 16 31 )
#(65 91 34 63 26 29 57 )
#(65 77 38 63 12 25 39 )
#(62 74 41 62 12 21 33 )
#(62 94 31 63 32 32 63 )
#(74 94 31 62 20 31 63 )
#(74 95 31 63 21 32 64 )
#(74 91 31 63 17 32 60 )
#(65 91 38 63 26 25 53 )
#(65 91 41 63 26 22 50 )
#(65 89 34 63 24 29 55 )
#(65 86 36 64 21 28 50 )
#(62 93 36 64 31 28 57 )
#(65 91 41 63 26 22 50 )
#(65 89 34 63 24 29 55 )
#(65 77 38 63 12 25 39 )
#(58 82 39 63 24 24 43 )
#(65 87 34 65 22 31 53 )
#(65 82 34 63 17 29 48 )
#(65 87 32 63 22 31 55 )
#(58 82 34 62 24 28 48 )
#(63 77 39 62 14 23 38 )
#(65 91 34 63 26 29 57 )
#(65 77 38 62 12 24 39 )
#(68 93 36 64 25 28 57 )
#(62 89 41 62 27 21 48 )
#(65 91 34 63 26 29 57 )
#(65 72 38 63 7 25 34 )
#(58 82 38 62 24 24 44 )
#(69 98 46 65 29 19 52 )
#(58 82 27 65 24 38 55 )
#(57 72 45 60 15 15 27 )
#(55 79 31 64 24 33 48 )
#(66 88 43 67 22 24 45 )
#(64 79 43 67 15 24 36 )
#(57 81 45 62 24 17 36 )
#(55 79 31 64 24 33 48 )
#(64 84 36 65 20 29 48 )
#(67 87 41 65 20 24 46 )
#(67 88 40 65 21 25 48 )
#(65 86 43 64 21 21 43 )
#(64 87 36 60 23 24 51 )
#(63 89 37 61 26 24 52 )
#(64 87 34 61 23 27 53 )
#(64 85 42 60 21 18 43 )
#(67 89 39 65 22 26 50 )
#(65 89 29 60 24 31 60 )
#(65 81 48 64 16 16 33 )
#(67 79 48 65 12 17 31 )
#(65 80 48 60 15 12 32 )
#(53 82 41 65 29 24 41 )
#(66 84 36 65 18 29 48 )
#(67 84 41 65 17 24 43 )
#(67 88 40 65 21 25 48 )
#(67 84 41 65 17 24 43 )
#(64 86 36 64 22 28 50 )
#(64 84 36 48 20 12 48 )
#(66 79 43 65 13 22 36 )
#(74 86 43 65 12 22 43 )
#(60 90 36 66 30 30 54 )
#(60 92 0 0 32 -1 92 )
#(60 80 48 68 20 20 32 )
#(64 91 43 65 27 22 48 )
#(59 91 37 65 32 28 54 )
#(59 91 43 65 32 22 48 )
#(65 84 43 65 19 22 41 )
#(64 84 36 61 20 25 48 )
#(62 80 41 62 18 21 39 )
#(58 84 37 63 26 26 47 )
#(62 80 41 63 18 22 39 )
#(65 84 31 65 19 34 53 )
#(63 82 34 64 19 30 48 )
#(63 84 34 63 21 29 50 )
#(63 89 39 63 26 24 50 )
#(67 87 41 65 20 24 46 )
#(67 87 39 63 20 24 48 )
#(58 77 39 63 19 24 38 )
#(65 79 41 63 14 22 38 )
#(64 79 41 65 15 24 38 )
#(65 79 41 63 14 22 38 )
#(65 82 41 63 17 22 41 )
#(69 89 36 65 20 29 53 )
#(69 89 41 65 20 24 48 )
#(69 89 36 65 20 29 53 )
#(70 82 43 66 12 23 39 )
#(65 79 41 65 14 24 38 )
#(64 79 41 63 15 22 38 )
#(65 79 41 65 14 24 38 )
#(65 77 41 63 12 22 36 )
#(63 82 41 63 19 22 41 )
#(63 80 46 63 17 17 34 )
#(62 77 41 63 15 22 36 )
#(68 86 43 63 18 20 43 )
#(68 87 39 63 19 24 48 )
#(60 84 41 65 24 24 43 )
#(59 84 31 63 25 32 53 )
#(71 84 43 65 13 22 41 )
#(65 80 41 65 15 24 39 )
#(63 80 46 63 17 17 34 )
#(62 77 41 62 15 21 36 )
#(63 79 43 63 16 20 36 )
#(70 87 39 63 17 24 48 )
#(61 83 0 0 22 -1 83 )
#(60 86 36 64 26 28 50 )
#(64 86 36 65 22 29 50 )
#(60 86 36 64 26 28 50 )
#(64 86 36 65 22 29 50 )
#(60 77 36 62 17 26 41 )
#(67 88 36 64 21 28 52 )
#(66 86 38 65 20 27 48 )
#(67 93 38 65 26 27 55 )
#(60 81 36 60 21 24 45 )
#(63 86 36 64 23 28 50 )
#(60 86 36 65 26 29 50 )
#(63 86 36 64 23 28 50 )
#(64 89 29 65 25 36 60 )
#(65 84 39 63 19 24 45 )
#(64 74 41 64 10 23 33 )
#(65 84 39 63 19 24 45 )
#(62 79 41 62 17 21 38 )
#(65 91 41 63 26 22 50 )
#(65 91 41 63 26 22 50 )
#(65 81 41 63 16 22 40 )
#(62 79 39 63 17 24 40 )
#(62 82 34 58 20 24 48 )
#(62 77 41 69 15 28 36 )
#(70 77 41 63 7 22 36 )
#(65 77 41 63 12 22 36 )
#(65 77 41 63 12 22 36 )
#(65 77 41 63 12 22 36 )
#(62 86 38 70 24 32 48 )
#(67 91 36 69 24 33 55 )
#(65 89 36 58 24 22 53 )
#(53 77 41 62 24 21 36 )
#(57 86 38 58 29 20 48 )
#(53 89 38 63 36 25 51 )
#(58 87 41 63 29 22 46 )
#(58 84 34 68 26 34 50 )
#(70 84 34 63 14 29 50 )
#(70 86 34 63 16 29 52 )
#(65 86 39 63 21 24 47 )
#(62 79 41 63 17 22 38 )
#(65 75 34 63 10 29 41 )
#(63 87 34 63 24 29 53 )
#(65 75 34 63 10 29 41 )
#(58 87 31 63 29 32 56 )
#(63 87 39 51 24 12 48 )
#(62 79 43 60 17 17 36 )
#(67 88 36 65 21 29 52 )
#(67 84 35 64 17 29 49 )
#(67 84 36 64 17 28 48 )
#(64 88 43 65 24 22 45 )
#(64 89 43 79 25 36 46 )
#(64 81 43 65 17 22 38 )
#(73 89 43 79 16 36 46 )
#(67 84 43 65 17 22 41 )
#(64 88 38 79 24 41 50 )
#(67 88 36 65 21 29 52 )
#(67 84 35 64 17 29 49 )
#(67 84 36 64 17 28 48 )
#(64 88 36 65 24 29 52 )
#(60 77 48 62 17 14 29 )
#(60 79 43 65 19 22 36 )
#(64 79 48 65 15 17 31 )
#(58 86 48 77 28 29 38 )
#(57 84 41 64 27 23 43 )
#(57 84 48 65 27 17 36 )
#(57 84 45 65 27 20 39 )
#(65 82 45 66 17 21 37 )
#(64 81 41 65 17 24 40 )
#(56 81 32 57 25 25 49 )
#(57 86 38 62 29 24 48 )
#(64 77 38 65 13 27 39 )
#(56 81 38 62 25 24 43 )
#(64 82 33 67 18 34 49 )
#(67 86 36 64 19 28 50 )
#(65 84 36 65 19 29 48 )
#(64 81 33 65 17 32 48 )
#(65 84 42 65 19 23 42 )
#(69 84 47 64 15 17 37 )
#(69 81 36 65 12 29 45 )
#(69 86 36 65 17 29 50 )
#(69 81 36 65 12 29 45 )
#(69 86 36 72 17 36 50 )
#(65 81 36 63 16 27 45 )
#(67 86 41 65 19 24 45 )
#(65 82 41 63 17 22 41 )
#(67 89 41 64 22 23 48 )
#(65 94 34 62 29 28 60 )
#(69 93 36 57 24 21 57 )
#(59 89 36 53 30 17 53 )
#(64 72 29 70 8 41 43 )
#(45 81 41 75 36 34 40 )
#(62 86 41 65 24 24 45 )
#(60 84 41 63 24 22 43 )
#(62 89 41 63 27 22 48 )
#(70 84 34 64 14 30 50 )
#(53 84 36 60 31 24 48 )
#(63 79 36 63 16 27 43 )
#(67 84 36 65 17 29 48 )
#(63 79 36 63 16 27 43 )
#(57 84 36 65 27 29 48 )
#(57 76 41 64 19 23 35 )
#(64 76 50 65 12 15 26 )
#(60 76 48 64 16 16 28 )
#(64 79 46 64 15 18 33 )
#(60 74 36 60 14 24 38 )
#(65 84 36 65 19 29 48 )
#(63 84 36 65 21 29 48 )
#(65 84 36 65 19 29 48 )
#(57 82 36 63 25 27 46 )
#(65 79 41 64 14 23 38 )
#(65 82 34 67 17 33 48 )
#(65 82 41 64 17 23 41 )
#(64 86 34 63 22 29 52 )
#(65 84 39 63 19 24 45 )
#(65 84 38 63 19 25 46 )
#(64 84 39 62 20 23 45 )
#(65 82 34 63 17 29 48 )
#(55 88 31 76 33 45 57 )
#(62 88 40 60 26 20 48 )
#(62 88 38 60 26 22 50 )
#(64 88 40 64 24 24 48 )
#(62 88 43 65 26 22 45 )
#(64 84 36 65 20 29 48 )
#(64 83 36 64 19 28 47 )
#(64 81 36 65 17 29 45 )
#(64 79 48 65 15 17 31 )
#(62 87 36 60 25 24 51 )
#(62 88 40 60 26 20 48 )
#(62 88 38 60 26 22 50 )
#(71 88 43 65 17 22 45 )
#(69 88 36 65 19 29 52 )
#(66 82 38 65 16 27 44 )
#(69 88 41 65 19 24 47 )
#(66 82 37 65 16 28 45 )
#(69 89 29 65 20 36 60 )
#(61 84 36 64 23 28 48 )
#(63 76 41 60 13 19 35 )
#(61 84 41 60 23 19 43 )
#(63 79 38 60 16 22 41 )
#(64 84 36 64 20 28 48 )
#(53 72 36 60 19 24 36 )
#(65 82 34 63 17 29 48 )
#(65 84 34 65 19 31 50 )
#(65 86 29 63 21 34 57 )
#(62 82 34 63 20 29 48 )
#(62 86 34 63 24 29 52 )
#(65 82 38 62 17 24 44 )
#(69 86 41 63 17 22 45 )
#(60 86 36 63 26 27 50 )
#(65 82 34 65 17 31 48 )
#(65 82 34 65 17 31 48 )
#(65 84 34 65 19 31 50 )
#(67 86 29 63 19 34 57 )
#(62 82 39 63 20 24 43 )
#(70 82 36 63 12 27 46 )
#(74 84 39 63 10 24 45 )
#(63 84 34 65 21 31 50 )
#(58 77 34 62 19 28 43 )
#(50 79 38 68 29 30 41 )
#(59 71 35 60 12 25 36 )
#(58 67 43 53 9 10 24 )
#(62 82 39 63 20 24 43 )
#(70 82 36 63 12 27 46 )
#(74 84 39 63 10 24 45 )
#(63 84 34 65 21 31 50 )
#(58 87 34 62 29 28 53 )
#(65 77 41 65 12 24 36 )
#(65 79 41 63 14 22 38 )
#(65 81 46 65 16 19 35 )
#(65 79 41 63 14 22 38 )
#(62 87 39 63 25 24 48 )
#(61 84 41 63 23 22 43 )
#(61 90 41 81 29 40 49 )
#(60 84 41 79 24 38 43 )
#(62 86 38 67 24 29 48 )
#(62 80 46 63 18 17 34 )
#(65 79 41 63 14 22 38 )
#(65 81 46 65 16 19 35 )
#(65 87 39 63 22 24 48 )
#(58 91 39 63 33 24 52 )
#(58 89 34 65 31 31 55 )
#(58 94 39 67 36 28 55 )
#(60 94 36 78 34 42 58 )
#(55 82 34 62 27 28 48 )
#(69 85 38 65 16 27 47 )
#(63 82 34 63 19 29 48 )
#(58 84 34 63 26 29 50 )
#(55 75 34 51 20 17 41 )
#(61 87 39 61 26 22 48 )
#(53 77 29 65 24 36 48 )
#(65 94 53 73 29 20 41 )
#(65 87 50 73 22 23 37 )
#(60 89 39 61 29 22 50 )
#(70 84 39 63 14 24 45 )
#(67 89 39 61 22 22 50 )
#(71 84 37 61 13 24 47 )
#(67 84 39 63 17 24 45 )
#(53 87 39 65 34 26 48 )
#(53 91 29 72 38 43 62 )
#(65 94 50 73 29 23 44 )
#(60 82 39 61 22 22 43 )
#(65 92 32 61 27 29 60 )
#(63 80 36 63 17 27 44 )
#(65 92 37 63 27 26 55 )
#(65 89 32 66 24 34 57 )
#(65 85 32 66 20 34 53 )
#(66 87 32 65 21 33 55 )
#(68 85 32 66 17 34 53 )
#(64 80 32 65 16 33 48 )
#(65 85 37 61 20 24 48 )
#(62 82 34 65 20 31 48 )
#(62 86 38 66 24 28 48 )
#(69 79 41 63 10 22 38 )
#(69 81 41 63 12 22 40 )
#(68 79 35 63 11 28 44 )
#(65 81 36 65 16 29 45 )
#(74 89 46 62 15 16 43 )
#(65 89 46 63 24 17 43 )
#(73 89 43 62 16 19 46 )
#(65 84 36 64 19 28 48 )
#(74 89 46 62 15 16 43 )
#(65 89 46 63 24 17 43 )
#(65 89 46 63 24 17 43 )
#(65 89 41 63 24 22 48 )
#(67 82 43 63 15 20 39 )
#(66 79 43 63 13 20 36 )
#(67 75 43 63 8 20 32 )
#(62 79 43 63 17 20 36 )
#(65 79 43 62 14 19 36 )
#(65 82 46 63 17 17 36 )
#(65 86 46 63 21 17 40 )
#(67 84 40 64 17 24 44 )
#(65 84 36 65 19 29 48 )
#(65 82 46 63 17 17 36 )
#(65 86 46 63 21 17 40 )
#(65 84 41 62 19 21 43 )
#(69 84 34 63 15 29 50 )
#(66 82 34 60 16 26 48 )
#(62 76 38 60 14 22 38 )
#(66 76 38 60 10 22 38 )
#(67 83 43 60 16 17 40 )
#(67 79 43 65 12 22 36 )
#(71 79 43 65 8 22 36 )
#(67 79 43 65 12 22 36 )
#(71 81 43 65 10 22 38 )
#(71 91 36 64 20 28 55 )
#(69 82 53 65 13 12 29 )
#(72 84 48 65 12 17 36 )
#(69 82 47 65 13 18 35 )
#(69 86 33 65 17 32 53 )
#(69 81 41 53 12 12 40 )
#(62 78 46 62 16 16 32 )
#(59 78 38 59 19 21 40 )
#(59 81 33 59 22 26 48 )
#(59 78 38 59 19 21 40 )
#(59 83 38 56 24 18 45 )
#(62 86 38 60 24 22 48 )
#(62 81 38 65 19 27 43 )
#(66 86 38 60 20 22 48 )
#(71 88 38 62 17 24 50 )
#(59 79 38 59 20 21 41 )
#(59 81 33 59 22 26 48 )
#(59 78 38 59 19 21 40 )
#(59 79 38 55 20 17 41 )
#(59 88 31 65 29 34 57 )
#(67 86 38 65 19 27 48 )
#(67 84 28 65 17 37 56 )
#(65 84 28 64 19 36 56 )
#(64 84 36 65 20 29 48 )
#(67 84 31 65 17 34 53 )
#(67 84 35 64 17 29 49 )
#(67 81 31 65 14 34 50 )
#(64 84 36 60 20 24 48 )
#(63 87 39 61 24 22 48 )
#(59 77 46 65 18 19 31 )
#(61 80 34 61 19 27 46 )
#(61 80 34 61 19 27 46 )
#(67 82 39 61 15 22 43 )
#(63 80 39 61 17 22 41 )
#(67 84 39 61 17 22 45 )
#(63 80 32 61 17 29 48 )
#(60 87 32 60 27 28 55 )
#(63 87 39 65 24 26 48 )
#(59 80 34 65 21 31 46 )
#(61 80 34 61 19 27 46 )
#(60 82 32 66 22 34 50 )
#(68 82 32 66 14 34 50 )
#(65 82 37 66 17 29 45 )
#(65 82 39 66 17 27 43 )
#(65 80 32 65 15 33 48 )
#(72 80 39 61 8 22 41 )
#(72 84 36 61 12 25 48 )
#(72 80 39 61 8 22 41 )
#(67 84 39 61 17 22 45 )
#(60 80 32 56 20 24 48 )
#(60 84 36 64 24 28 48 )
#(67 84 36 65 17 29 48 )
#(67 84 37 65 17 28 47 )
#(64 84 41 65 20 24 43 )
#(60 76 36 64 16 28 40 )
#(60 83 43 65 23 22 40 )
#(65 84 38 64 19 26 46 )
#(55 83 36 65 28 29 47 )
#(67 81 41 65 14 24 40 )
#(64 81 36 60 17 24 45 )
#(67 84 36 65 17 29 48 )
#(67 84 37 65 17 28 47 )
#(64 84 41 65 20 24 43 )
#(60 76 42 64 16 22 34 )
#(64 84 36 65 20 29 48 )
#(64 84 40 65 20 25 44 )
#(72 84 36 65 12 29 48 )
#(69 82 36 65 13 29 46 )
#(69 86 36 65 17 29 50 )
#(72 86 36 65 14 29 50 )
#(72 88 36 65 16 29 52 )
#(70 86 37 65 16 28 49 )
#(69 89 36 65 20 29 53 )
#(62 77 41 60 15 19 36 )
#(61 74 41 58 13 17 33 )
#(62 87 38 62 25 24 49 )
#(65 82 38 63 17 25 44 )
#(63 82 38 63 19 25 44 )
#(66 81 38 63 15 25 43 )
#(67 87 34 63 20 29 53 )
#(66 81 36 63 15 27 45 )
#(67 87 34 63 20 29 53 )
#(65 74 34 63 9 29 40 )
#(65 82 34 68 17 34 48 )
#(53 74 34 63 21 29 40 )
#(62 79 34 63 17 29 45 )
#(65 82 34 63 17 29 48 )
#(53 82 41 68 29 27 41 )
#(65 79 41 63 14 22 38 )
#(65 87 37 63 22 26 50 )
#(60 77 48 62 17 14 29 )
#(66 87 33 63 21 30 54 )
#(65 87 34 72 22 38 53 )
#(63 84 35 63 21 28 49 )
#(61 74 41 58 13 17 33 )
#(62 87 38 62 25 24 49 )
#(65 82 38 63 17 25 44 )
#(63 82 38 63 19 25 44 )
#(53 86 41 63 33 22 45 )
#(61 82 41 69 21 28 41 )
#(70 82 34 65 12 31 48 )
#(59 74 38 62 15 24 36 )
#(61 86 43 60 25 17 43 )
#(59 83 38 60 24 22 45 )
#(61 86 43 60 25 17 43 )
#(59 86 40 62 27 22 46 )
#(70 93 38 62 23 24 55 )
#(66 91 38 60 25 22 53 )
#(71 93 38 60 22 22 55 )
#(66 88 36 60 22 24 52 )
#(67 91 31 64 24 33 60 )
#(72 89 43 65 17 22 46 )
#(67 91 31 64 24 33 60 )
#(72 89 43 65 17 22 46 )
#(66 86 38 65 20 27 48 )
#(69 81 40 60 12 20 41 )
#(67 79 38 59 12 21 41 )
#(68 86 44 58 18 14 42 )
#(72 91 31 64 19 33 60 )
#(72 84 36 65 12 29 48 )
#(67 95 31 65 28 34 64 )
#(72 84 36 65 12 29 48 )
#(67 89 42 65 22 23 47 )
#(72 84 36 64 12 28 48 )
#(63 75 39 61 12 22 36 )
#(63 76 32 68 13 36 44 )
#(68 92 56 72 24 16 36 )
#(63 84 50 73 21 23 34 )
#(63 87 39 61 24 22 48 )
#(65 80 39 61 15 22 41 )
#(65 87 39 61 22 22 48 )
#(65 80 39 61 15 22 41 )
#(60 80 39 63 20 24 41 )
#(63 76 39 61 13 22 37 )
#(63 92 32 71 29 39 60 )
#(68 92 50 73 24 23 42 )
#(63 80 39 66 17 27 41 )
#(68 80 36 66 12 30 44 )
#(68 82 34 68 14 34 48 )
#(70 85 39 68 15 29 46 )
#(65 85 37 65 20 28 48 )
#(68 84 39 65 16 26 45 )
#(67 77 39 61 10 22 38 )
#(65 84 39 65 19 26 45 )
#(60 75 34 60 15 26 41 )
#(60 80 32 56 20 24 48 )
#(60 79 50 65 19 15 29 )
#(70 86 43 65 16 22 43 )
#(67 88 35 66 21 31 53 )
#(64 88 40 60 24 20 48 )
#(65 84 38 64 19 26 46 )
#(72 88 36 65 16 29 52 )
#(72 88 40 69 16 29 48 )
#(74 88 40 65 14 25 48 )
#(64 83 40 65 19 25 43 )
#(69 84 43 65 15 22 41 )
#(70 86 43 65 16 22 43 )
#(67 88 40 66 21 26 48 )
#(64 88 38 64 24 26 50 )
#(67 84 40 65 17 25 44 )
#(69 81 41 65 12 24 40 )
#(67 81 40 64 14 24 41 )
#(67 81 37 64 14 27 44 )
#(64 84 38 62 20 24 46 )
#(66 84 45 60 18 15 39 )
#(66 79 51 67 13 16 28 )
#(57 84 45 69 27 24 39 )
#(66 79 51 61 13 10 28 )
#(67 81 50 69 14 19 31 )
#(70 86 43 65 16 22 43 )
#(67 88 35 66 21 31 53 )
#(64 88 40 60 24 20 48 )
#(65 84 38 64 19 26 46 )
#(69 84 36 55 15 19 48 )
#(63 84 41 69 21 28 43 )
#(65 82 34 63 17 29 48 )
#(65 84 36 64 19 28 48 )
#(65 79 34 63 14 29 45 )
#(62 82 39 63 20 24 43 )
#(62 84 41 63 22 22 43 )
#(62 86 46 62 24 16 40 )
#(62 84 41 63 22 22 43 )
#(71 89 38 63 18 25 51 )
#(63 84 32 60 21 28 52 )
#(63 87 34 63 24 29 53 )
#(63 87 32 62 24 30 55 )
#(65 85 34 65 20 31 51 )
#(65 86 34 63 21 29 52 )
#(66 84 34 63 18 29 50 )
#(70 87 34 63 17 29 53 )
#(67 84 34 63 17 29 50 )
#(63 87 34 63 24 29 53 )
#(71 95 47 71 24 24 48 )
#(60 84 38 66 24 28 46 )
#(74 88 43 64 14 21 45 )
#(72 86 45 62 14 17 41 )
#(71 88 47 64 17 17 41 )
#(64 88 38 64 24 26 50 )
#(67 83 31 64 16 33 52 )
#(67 74 50 62 7 12 24 )
#(67 83 48 64 16 16 35 )
#(60 79 38 62 19 24 41 )
#(59 81 31 65 22 34 50 )
#(69 84 43 65 15 22 41 )
#(67 81 43 65 14 22 38 )
#(69 88 43 67 19 24 45 )
#(60 84 36 66 24 30 48 )
#(60 88 38 64 28 26 50 )
#(73 86 43 62 13 19 43 )
#(72 88 48 64 16 16 40 )
#(64 88 38 64 24 26 50 )
#(67 91 43 66 24 23 48 )
#(69 83 45 67 14 22 38 )
#(66 88 45 67 22 22 43 )
#(66 83 42 67 17 25 41 )
#(62 74 38 62 12 24 36 )
#(62 78 38 60 16 22 40 )
#(62 76 38 60 14 22 38 )
#(62 76 38 62 14 24 38 )
#(59 71 38 57 12 19 33 )
#(60 70 41 62 10 21 29 )
#(65 86 41 63 21 22 45 )
#(69 82 38 65 13 27 44 )
#(65 86 39 63 21 24 47 )
#(62 82 38 63 20 25 44 )
#(62 86 41 65 24 24 45 )
#(58 84 41 63 26 22 43 )
#(62 86 41 63 24 22 45 )
#(58 77 39 63 19 24 38 )
#(67 86 39 67 19 28 47 )
#(70 84 38 68 14 30 46 )
#(70 87 39 68 17 29 48 )
#(70 87 39 68 17 29 48 )
#(63 75 39 63 12 24 36 )
#(63 79 41 63 16 22 38 )
#(65 86 41 63 21 22 45 )
#(69 82 38 67 13 29 44 )
#(65 86 39 63 21 24 47 )
#(62 82 38 63 20 25 44 )
#(62 82 34 58 20 24 48 )
#(55 79 43 67 24 24 36 )
#(62 84 38 60 22 22 46 )
#(62 81 38 62 19 24 43 )
#(62 79 38 60 17 22 41 )
#(59 78 38 60 19 22 40 )
#(59 88 38 64 29 26 50 )
#(62 88 38 60 26 22 50 )
#(62 88 38 64 26 26 50 )
#(59 81 38 62 22 24 43 )
#(59 79 43 59 20 16 36 )
#(62 83 38 62 21 24 45 )
#(62 81 38 62 19 24 43 )
#(62 76 43 60 14 17 33 )
#(59 79 38 57 20 19 41 )
#(58 76 43 57 18 14 33 )
#(60 74 45 60 14 15 29 )
#(64 75 48 63 11 15 27 )
#(62 76 43 64 14 21 33 )
#(70 81 40 65 11 25 41 )
#(63 81 41 62 18 21 40 )
#(70 81 40 65 11 25 41 )
#(64 79 43 65 15 22 36 )
#(64 84 36 60 20 24 48 )
#(67 80 46 56 13 10 34 )
#(65 75 46 63 10 17 29 )
#(67 82 46 63 15 17 36 )
#(67 87 43 65 20 22 44 )
#(67 82 44 64 15 20 38 )
#(67 86 39 63 19 24 47 )
#(74 89 41 63 15 22 48 )
#(69 89 41 63 20 22 48 )
#(63 81 36 62 18 26 45 )
#(62 75 34 63 13 29 41 )
#(65 77 46 63 12 17 31 )
#(67 82 46 63 15 17 36 )
#(67 87 43 65 20 22 44 )
#(63 79 39 63 16 24 40 )
#(62 73 34 61 11 27 39 )
#(63 75 39 60 12 21 36 )
#(60 73 34 61 13 27 39 )
#(60 80 32 56 20 24 48 )
#(63 80 36 61 17 25 44 )
#(63 87 37 63 24 26 50 )
#(63 80 36 61 17 25 44 )
#(60 80 37 61 20 24 43 )
#(60 80 32 56 20 24 48 )
#(58 72 46 60 14 14 26 )
#(70 86 41 62 16 21 45 )
#(69 86 36 65 17 29 50 )
#(70 86 41 62 16 21 45 )
#(62 86 41 63 24 22 45 )
#(62 81 41 63 19 22 40 )
#(65 89 41 63 24 22 48 )
#(64 84 41 63 20 22 43 )
#(64 82 37 63 18 26 45 )
#(64 86 41 63 22 22 45 )
#(70 86 41 63 16 22 45 )
#(69 86 36 65 17 29 50 )
#(70 86 41 63 16 22 45 )
#(57 86 39 62 29 23 47 )
#(57 75 39 58 18 19 36 )
#(57 82 39 62 25 23 43 )
#(57 72 39 51 15 12 33 )
#(55 79 34 58 24 24 45 )
#(66 82 46 59 16 13 36 )
#(62 84 34 63 22 29 50 )
#(66 82 46 59 16 13 36 )
#(62 82 34 62 20 28 48 )
#(67 87 39 51 20 12 48 )
#(65 77 41 60 12 19 36 )
#(70 89 39 63 19 24 50 )
#(70 89 41 64 19 23 48 )
#(63 89 39 63 26 24 50 )
#(62 79 40 63 17 23 39 )
#(62 86 38 62 24 24 48 )
#(67 82 38 63 15 25 44 )
#(66 86 33 62 20 29 53 )
#(67 82 38 62 15 24 44 )
#(65 79 38 63 14 25 41 )
#(65 79 46 63 14 17 33 )
#(65 82 43 63 17 20 39 )
#(67 82 39 63 15 24 43 )
#(62 82 40 62 20 22 42 )
#(67 79 46 65 12 19 33 )
#(65 79 41 63 14 22 38 )
#(67 79 46 65 12 19 33 )
#(62 79 41 62 17 21 38 )
#(63 86 46 63 23 17 40 )
#(67 84 46 63 17 17 38 )
#(67 86 46 63 19 17 40 )
#(67 84 41 65 17 24 43 )
#(70 87 39 63 17 24 48 )
#(62 74 38 62 12 24 36 )
#(62 76 38 60 14 22 38 )
#(62 78 38 62 16 24 40 )
#(62 79 38 60 17 22 41 )
#(62 81 38 60 19 22 43 )
#(62 86 38 60 24 22 48 )
#(62 86 38 60 24 22 48 )
#(62 84 40 62 22 22 44 )
#(69 91 38 61 22 23 53 )
#(62 79 43 60 17 17 36 )
#(63 72 41 60 9 19 31 )
#(64 79 41 60 15 19 38 )
#(63 72 43 60 9 17 29 )
#(59 79 43 60 20 17 36 )
#(63 72 41 60 9 19 31 )
#(68 81 40 61 13 21 41 )
#(65 84 43 62 19 19 41 )
#(64 79 43 59 15 16 36 )
#(62 76 36 60 14 24 40 )
#(62 76 38 60 14 22 38 )
#(62 78 38 62 16 24 40 )
#(62 76 38 62 14 24 38 )
#(66 81 38 60 15 22 43 )
#(62 79 43 59 17 16 36 )
#(59 79 31 64 20 33 48 )
#(52 81 44 64 29 20 37 )
#(60 79 43 64 19 21 36 )
#(52 81 40 64 29 24 41 )
#(66 88 38 67 22 29 50 )
#(67 86 43 65 19 22 43 )
#(60 88 43 65 28 22 45 )
#(67 86 43 65 19 22 43 )
#(65 84 31 65 19 34 53 )
#(52 81 36 65 29 29 45 )
#(60 77 43 64 17 21 34 )
#(52 81 47 64 29 17 34 )
#(60 81 40 67 21 27 41 )
#(64 88 38 66 24 28 50 )
#(57 79 36 65 22 29 43 )
#(60 77 43 65 17 22 34 )
#(55 70 38 55 15 17 32 )
#(57 86 36 64 29 28 50 )
#(75 88 36 65 13 29 52 )
#(76 89 36 65 13 29 53 )
#(73 86 36 65 13 29 50 )
#(69 89 36 65 20 29 53 )
#(58 77 41 62 19 21 36 )
#(65 86 38 63 21 25 48 )
#(69 84 36 65 15 29 48 )
#(65 87 38 62 22 24 49 )
#(62 82 39 63 20 24 43 )
#(62 77 41 62 15 21 36 )
#(65 77 45 65 12 20 32 )
#(65 77 41 62 12 21 36 )
#(62 80 41 65 18 24 39 )
#(62 79 40 65 17 25 39 )
#(70 86 38 63 16 25 48 )
#(65 84 36 65 19 29 48 )
#(70 87 38 63 17 25 49 )
#(62 87 39 63 25 24 48 )
#(65 87 34 63 22 29 53 )
#(70 87 34 63 17 29 53 )
#(73 87 41 63 14 22 46 )
#(67 84 41 63 17 22 43 )
#(67 84 34 63 17 29 50 )
#(69 89 29 67 20 38 60 )
#(68 84 34 63 16 29 50 )
#(69 89 32 67 20 35 57 )
#(67 87 39 58 20 19 48 )
#(67 84 51 72 17 21 33 )
#(67 81 43 65 14 22 38 )
#(59 86 48 65 27 17 38 )
#(67 81 43 65 14 22 38 )
#(67 88 43 66 21 23 45 )
#(64 84 36 65 20 29 48 )
#(60 81 36 65 21 29 45 )
#(59 83 43 65 24 22 40 )
#(65 88 41 65 23 24 47 )
#(64 80 43 65 16 22 37 )
#(59 86 48 65 27 17 38 )
#(60 84 43 65 24 22 41 )
#(67 87 48 66 20 18 39 )
#(57 88 43 62 31 19 45 )
#(57 77 36 64 20 28 41 )
#(57 77 40 62 20 22 37 )
#(65 77 36 62 12 26 41 )
#(57 82 36 64 25 28 46 )
#(66 82 36 65 16 29 46 )
#(65 82 36 65 17 29 46 )
#(68 82 36 65 14 29 46 )
#(64 81 41 65 17 24 40 )
#(65 77 50 65 12 15 27 )
#(69 84 36 65 15 29 48 )
#(67 84 41 65 17 24 43 )
#(69 84 41 65 15 24 43 )
#(65 88 44 67 23 23 44 )
#(65 82 36 64 17 28 46 )
#(60 84 48 65 24 17 36 )
#(68 86 48 65 18 17 38 )
#(65 81 46 67 16 21 35 )
#(65 81 36 65 16 29 45 )
#(69 84 41 65 15 24 43 )
#(67 84 41 65 17 24 43 )
#(69 88 43 67 19 24 45 )
#(65 86 41 65 21 24 45 )
#(67 75 41 63 8 22 34 )
#(67 79 41 63 12 22 38 )
#(67 75 39 63 8 24 36 )
#(67 82 41 63 15 22 41 )
#(67 82 41 65 15 24 41 )
#(63 86 36 63 23 27 50 )
#(67 82 41 65 15 24 41 )
#(63 82 34 63 19 29 48 )
#(64 91 52 76 27 24 39 )
#(64 91 43 76 27 33 48 )
#(64 77 38 65 13 27 39 )
#(68 77 38 65 9 27 39 )
#(64 91 40 76 27 36 51 )
#(64 91 52 76 27 24 39 )
#(64 82 43 65 18 22 39 )
#(75 88 43 65 13 22 45 )
#(75 91 43 65 16 22 48 )
#(64 88 38 65 24 27 50 )
#(64 84 43 65 20 22 41 )
#(67 88 55 65 21 10 33 )
#(60 84 43 64 24 21 41 )
#(56 81 43 66 25 23 38 )
#(60 81 52 66 21 14 29 )
#(64 84 43 65 20 22 41 )
#(67 88 55 65 21 10 33 )
#(60 76 43 60 16 17 33 )
#(65 77 43 62 12 19 34 )
#(64 81 43 64 17 21 38 )
#(66 81 53 64 15 11 28 )
#(64 84 36 64 20 28 48 )
#(65 91 41 65 26 24 50 )
#(53 91 40 63 38 23 51 )
#(76 94 60 76 18 16 34 )
#(64 94 41 70 30 29 53 )
#(65 84 38 63 19 25 46 )
#(65 94 41 63 29 22 53 )
#(65 94 41 63 29 22 53 )
#(65 94 41 65 29 24 53 )
#(62 79 41 63 17 22 38 )
#(65 91 41 65 26 24 50 )
#(53 91 39 76 38 37 52 )
#(64 94 49 70 30 21 45 )
#(64 82 41 63 18 22 41 )
#(72 84 34 68 12 34 50 )
#(72 84 34 68 12 34 50 )
#(76 91 36 65 15 29 55 )
#(67 89 34 67 22 33 55 )
#(67 86 34 63 19 29 52 )
#(64 86 41 63 22 22 45 )
#(64 86 34 63 22 29 52 )
#(64 86 41 65 22 24 45 )
#(62 79 34 62 17 28 45 )
#(53 81 36 65 28 29 45 )
#(65 82 34 63 17 29 48 )
#(65 82 34 65 17 31 48 )
#(65 82 34 65 17 31 48 )
#(62 81 34 65 19 31 47 )
#(62 81 34 63 19 29 47 )
#(68 85 41 63 17 22 44 )
#(65 86 41 63 21 22 45 )
#(65 82 38 65 17 27 44 )
#(62 82 34 62 20 28 48 )
#(65 82 34 63 17 29 48 )
#(65 82 34 65 17 31 48 )
#(65 81 41 65 16 24 40 )
#(62 82 34 58 20 24 48 )
#(63 77 29 63 14 34 48 )
#(68 89 34 68 21 34 55 )
#(63 87 29 67 24 38 58 )
#(68 89 34 68 21 34 55 )
#(67 84 30 67 17 37 54 )
#(70 91 41 68 21 27 50 )
#(70 87 34 68 17 34 53 )
#(70 91 41 68 21 27 50 )
#(67 84 34 68 17 34 50 )
#(67 87 39 63 20 24 48 )
#(62 81 48 65 19 17 33 )
#(66 82 41 65 16 24 41 )
#(65 84 39 64 19 25 45 )
#(66 82 41 62 16 21 41 )
#(64 77 39 63 13 24 38 )
#(65 75 41 63 10 22 34 )
#(66 74 31 62 8 31 43 )
#(65 75 41 63 10 22 34 )
#(64 74 39 63 10 24 35 )
#(65 82 41 62 17 21 41 )
#(65 74 39 62 9 23 35 )
#(70 84 41 64 14 23 43 )
#(65 74 39 62 9 23 35 )
#(64 82 46 63 18 17 36 )
#(62 77 46 63 15 17 31 )
#(63 82 46 63 19 17 36 )
#(67 85 36 64 18 28 49 )
#(65 87 27 63 22 36 60 )
#(65 77 39 62 12 23 38 )
#(63 77 41 62 14 21 36 )
#(65 77 38 62 12 24 39 )
#(62 82 34 63 20 29 48 )
#(60 79 43 60 19 17 36 )
#(60 76 48 60 16 12 28 )
#(64 84 36 64 20 28 48 )
#(60 76 48 60 16 12 28 )
#(61 93 42 65 32 23 51 )
#(69 84 31 66 15 35 53 )
#(69 84 36 66 15 30 48 )
#(69 84 31 66 15 35 53 )
#(60 81 36 66 21 30 45 )
#(58 84 36 57 26 21 48 )
#(53 81 34 58 28 24 47 )
#(58 76 36 57 18 21 40 )
#(61 82 38 62 21 24 44 )
#(57 86 36 64 29 28 50 )
#(74 87 36 65 13 29 51 )
#(72 88 36 64 16 28 52 )
#(74 87 36 65 13 29 51 )
#(69 89 36 65 20 29 53 )
#(57 79 50 60 22 10 29 )
#(62 79 38 60 17 22 41 )
#(66 83 38 62 17 24 45 )
#(62 79 38 60 17 22 41 )
#(66 81 47 60 15 13 34 )
#(65 86 38 60 21 22 48 )
#(64 83 35 64 19 29 48 )
#(65 86 38 62 21 24 48 )
#(59 81 36 64 22 28 45 )
#(59 86 38 59 27 21 48 )
#(62 81 40 62 19 22 41 )
#(65 83 38 62 18 24 45 )
#(62 81 43 60 19 17 38 )
#(64 79 40 62 15 22 39 )
#(64 81 36 65 17 29 45 )
#(64 83 40 64 19 24 43 )
#(64 81 36 65 17 29 45 )
#(64 79 43 67 15 24 36 )
#(71 84 43 65 13 22 41 )
#(67 83 43 67 16 24 40 )
#(69 83 41 65 14 24 42 )
#(64 84 36 64 20 28 48 )
#(55 72 39 60 17 21 33 )
#(63 82 37 61 19 24 45 )
#(63 77 39 63 14 24 38 )
#(68 84 36 61 16 25 48 )
#(60 82 37 61 22 24 45 )
#(60 80 32 61 20 29 48 )
#(70 82 39 61 12 22 43 )
#(65 80 39 63 15 24 41 )
#(58 84 46 62 26 16 38 )
#(60 77 39 60 17 21 38 )
#(63 82 37 63 19 26 45 )
#(63 77 39 63 14 24 38 )
#(68 84 36 61 16 25 48 )
#(56 80 32 63 24 31 48 )
#(65 84 37 66 19 29 47 )
#(68 85 41 66 17 25 44 )
#(68 82 39 67 14 28 43 )
#(68 85 41 66 17 25 44 )
#(65 83 32 61 18 29 51 )
#(68 85 39 66 17 27 46 )
#(68 83 44 66 15 22 39 )
#(68 85 39 66 17 27 46 )
#(65 83 32 66 18 34 51 )
#(65 85 32 58 20 26 53 )
