(C "4/4" 347 32 239 16 265 187 104 405 29 200 32 223 984 354 60 42 7 0.8925 0.6994 0.9869 0.1075 0.3006 0.0131 R 5 83 365 797 778 51 0 54 88 31 74 34 43 57)
(F "3/4" 185 37 190 16 148 106 71 197 27 132 18 118 311 249 92 33 5 0.8114 0.8231 0.9715 0.1623 0.1506 0.0022 L 2 51 332 480 336 44 0 52 86 35 79 34 44 51)
(C "2/4" 245 22 178 16 201 110 84 268 16 140 10 169 503 274 102 17 6 0.8406 0.7938 0.9688 0.1469 0.1938 0.0188 R 1 83 317 578 459 21 0 54 88 0 79 34 79 88)
(F "3/4" 309 22 245 20 249 188 51 257 35 196 16 204 876 201 99 32 15 0.8592 0.6387 0.9857 0.1408 0.3474 0.0143 R 15 115 365 643 624 30 0 55 86 29 77 31 48 57)
(F "6/8" 145 21 100 118 16 88 22 116 84 29 72 44 284 144 22 53 1 0.8222 0.8528 0.9333 0.1778 0.1472 0.0667 L 1 24 288 376 160 6 0 48 87 32 73 39 41 55)
(F "3/8" 252 13 167 7 158 123 45 192 21 109 9 127 551 102 124 18 4 0.7708 0.6215 0.9062 0.2188 0.3681 0.0833 R 4 79 220 460 428 32 0 55 89 33 79 34 46 56)
(B- "2/4" 374 21 253 9 245 175 73 279 50 233 36 200 928 267 114 17 15 0.8575 0.798 0.9587 0.1425 0.202 0.0413 R 4 68 367 775 671 63 0 57 89 34 75 32 41 55)
(E- "3/8" 186 13 143 4 154 91 37 212 5 116 16 122 416 172 70 27 4 0.8385 0.7932 0.9444 0.1615 0.2068 0.0556 R 3 51 288 417 313 27 0 53 87 34 79 34 45 53)
(B- "2/2" 356 36 254 25 294 251 60 316 49 218 40 202 858 261 163 39 14 0.9164 0.78 0.9809 0.0948 0.2312 0.0302 R 0 72 333 811 836 49 0 62 89 38 77 27 39 51)
(E- "4/4" 155 23 142 15 107 76 43 187 13 94 19 102 428 159 74 2 0 0.8716 0.8993 1.349 1.2118 0.1007 0.7344 L 0 11 205 475 282 3 0 58 84 43 75 26 32 41)
(B- "3/4" 166 9 76 7 82 104 13 117 5 77 40 46 225 122 74 4 7 0.8202 0.7456 0.9123 0.1272 0.2018 0.0351 R 0 16 158 253 296 19 0 57 89 41 70 32 29 48)
(E- "2/4" 154 11 150 13 143 80 33 174 22 105 13 98 350 217 32 19 8 0.9207 0.8125 0.976 0.0601 0.1683 0.0048 R 0 21 210 402 342 21 0 60 87 39 75 27 36 48)
(G "3/4" 243 21 261 4 194 145 76 348 7 179 19 173 556 216 162 49 0 0.8629 0.8441 0.9583 0.1183 0.1371 0.0229 R 12 75 314 632 577 60 0 55 88 31 74 33 43 57)
(C "4/4" 180 11 133 17 131 119 32 204 19 121 13 109 372 245 59 10 2 0.8892 0.8892 0.9745 0.1108 0.1108 0.0256 B 0 6 191 497 367 28 0 59 88 43 76 29 33 45)
(G "3/8" 360 33 246 47 268 183 70 317 40 184 30 193 667 183 145 77 37 0.8188 0.6896 0.9396 0.1812 0.3104 0.0604 R 4 71 415 765 631 85 0 56 89 31 74 33 43 58)
(D "4/4" 490 43 352 46 310 197 124 530 50 236 35 246 837 405 258 47 9 0.9413 0.7933 0.9842 0.0588 0.1657 0.0158 R 3 123 485 906 985 157 0 56 89 33 76 33 43 56)
(C "4/4" 399 45 378 34 277 164 124 395 43 246 39 243 722 427 166 28 38 0.8777 0.8993 0.9682 0.1223 0.1007 0.0318 L 8 82 602 801 770 124 0 50 89 31 79 39 48 58)
(F "3/4" 241 18 177 11 223 146 61 293 8 112 6 153 546 160 127 43 6 0.8712 0.7493 0.9243 0.1288 0.2507 0.0757 R 1 89 365 469 477 48 0 52 89 33 72 37 39 56)
(C "2/4" 629 44 502 58 435 381 113 750 43 336 92 278 1260 566 276 78 24 0.9051 0.763 0.9741 0.0881 0.2301 0.019 R 3 185 659 1271 1300 243 0 52 89 31 76 37 45 58)
(A "4/4" 509 71 375 460 51 329 108 607 261 47 319 144 1131 309 180 185 48 0.9531 0.8773 0.9908 0.0469 0.1227 0.0092 R 17 227 766 1174 1034 63 0 57 89 31 72 32 41 58)
(D "3/4" 251 48 169 356 35 299 12 288 239 56 344 31 724 291 134 76 23 0.9309 0.8447 0.9754 0.0502 0.1364 0.0057 R 14 217 480 763 571 83 0 48 89 29 75 41 46 60)
(A "2/4" 351 12 238 206 71 211 35 349 138 51 110 103 424 300 215 37 11 0.9746 0.8242 0.9922 0.0254 0.1758 0.0078 R 13 130 435 675 597 25 0 53 88 33 72 35 39 55)
(D "4/4" 374 28 291 17 286 272 60 394 16 184 37 204 776 451 89 26 18 0.9001 0.8784 0.9643 0.0999 0.1217 0.0357 R 1 79 448 721 847 67 0 40 88 35 76 48 41 53)
(G "2/4" 227 14 183 8 192 135 31 241 19 139 5 125 263 173 98 60 33 0.9662 0.9063 0.9701 0.0339 0.0938 0.03 R 1 17 359 543 363 36 0 57 88 35 76 31 41 53)
(D "6/8" 625 26 490 15 429 341 110 627 30 404 78 318 1041 547 216 118 44 0.8968 0.6869 0.9589 0.121 0.3254 0.0588 R 16 147 757 1028 1405 140 0 54 88 30 74 34 44 58)
(C "2/4" 455 23 281 26 333 192 68 465 19 201 6 231 926 500 65 39 4 0.9087 0.8322 0.9947 0.0913 0.1678 0.0053 R 0 6 352 865 967 110 0 57 89 43 72 32 29 46)
(F "3/4" 212 9 105 44 95 79 22 179 40 61 33 68 264 56 74 59 22 0.8727 0.7569 0.8981 0.037 0.1528 0.0116 R 1 62 284 368 230 2 0 55 84 35 65 29 30 49)
(C "2/4" 348 21 319 19 260 187 63 502 18 153 20 226 847 404 117 14 13 0.8978 0.8525 0.9731 0.1022 0.1475 0.0269 R 0 63 486 721 776 90 0 59 89 36 72 30 36 53)
(A "6/8" 42 0 31 0 36 24 1 70 0 16 0 21 14 17 43 11 4 0.975 0.9583 0.975 0.025 0.0417 0.025 R 0 6 57 116 62 0 0 61 81 40 66 20 26 41)
(A "3/4" 201 9 144 15 120 136 22 200 21 106 78 66 329 128 114 44 3 0.9071 0.6667 0.9712 0.0929 0.3333 0.0288 R 2 55 227 486 304 44 0 57 88 35 69 31 34 53)
(A "2/4" 416 2 177 105 206 107 30 313 35 80 31 111 295 150 181 23 62 0.9036 0.8571 0.9214 0.0321 0.0786 0.0143 R 0 110 446 373 563 121 0 64 88 38 66 24 28 50)
(F "3/4" 404 32 380 104 286 171 79 408 63 244 102 204 570 400 210 88 24 0.8879 0.8434 0.9641 0.1121 0.1566 0.0359 R 8 139 606 992 684 48 0 55 89 30 72 34 42 59)
(B- "4/4" 186 14 174 29 135 115 49 244 26 114 26 110 363 225 66 35 12 0.8887 0.9 0.9969 0.1113 0.1 0.0031 L 0 5 332 464 403 18 0 60 86 46 74 26 28 40)
(F "6/8" 473 62 421 85 347 309 128 578 69 229 99 205 1249 512 130 65 15 0.8911 0.7547 0.9556 0.1089 0.2453 0.0444 R 2 90 702 1035 1020 156 0 55 89 34 72 34 38 55)
(B- "4/4" 397 44 429 38 368 276 140 466 39 267 41 277 1117 601 127 15 4 0.9231 0.8217 0.9846 0.0645 0.1659 0.003 R 2 60 527 1036 955 202 0 53 89 29 77 36 48 60)
(E- "3/4" 243 19 222 16 197 168 33 239 18 151 28 131 486 146 145 60 2 0.9428 0.9048 0.9954 0.0572 0.0952 0.0046 R 0 59 387 572 426 21 0 53 89 39 72 36 33 50)
(B- "4/4" 575 35 373 45 446 390 69 513 45 281 60 274 1292 441 202 32 37 0.9439 0.7906 1.007 0.0792 0.2325 0.016 R 7 83 719 894 1285 118 0 53 89 29 79 36 50 60)
(C "4/4" 317 36 205 303 47 256 47 426 194 34 188 127 951 297 135 50 6 0.841 0.7786 0.9601 0.159 0.2214 0.0399 R 19 179 571 679 668 64 0 43 89 29 75 46 46 60)
(C "3/4" 327 31 223 319 54 254 62 490 138 54 155 138 746 353 136 67 22 0.7818 0.7552 0.9094 0.2161 0.2427 0.0885 R 40 148 693 739 564 61 0 29 89 31 84 60 53 58)
(C "4/4" 197 17 189 8 165 127 35 234 9 138 31 128 791 134 44 18 3 0.838 0.8191 0.977 0.162 0.1809 0.023 R 0 28 224 536 442 48 0 55 89 36 74 34 38 53)
(G "3/4" 247 7 160 59 164 134 36 292 33 93 32 85 368 450 18 5 0 0.9035 0.9145 0.9737 0.0965 0.0855 0.0263 L 0 13 387 587 350 5 0 59 87 43 69 28 26 44)
(C "2/4" 137 13 110 11 177 83 10 114 24 94 5 96 167 240 42 24 1 0.8399 0.7555 0.9583 0.1404 0.2248 0.0219 R 0 12 206 265 364 27 0 60 89 36 69 29 33 53)
(B- "3/4" 313 42 298 39 253 154 84 363 37 198 65 177 933 330 106 28 0 0.8172 0.818 0.967 0.1828 0.182 0.033 L 1 30 473 731 701 87 0 57 89 34 75 32 41 55)
(E- "4/4" 227 34 152 27 181 127 31 169 49 148 22 93 358 230 134 10 0 0.9052 0.8505 0.9744 0.0949 0.1496 0.0257 R 1 37 202 570 431 19 0 55 87 34 75 32 41 53)
(B- "4/4" 305 21 174 21 178 135 45 221 27 106 18 113 365 294 130 4 1 0.8698 0.7904 0.9284 0.0846 0.1641 0.026 R 0 47 255 470 539 53 0 62 89 36 74 27 38 53)
(D "6/8" 318 55 292 51 261 178 65 369 59 227 52 199 757 432 127 26 4 0.8994 0.8018 0.9482 0.0874 0.185 0.0386 R 0 45 345 839 805 92 0 57 89 38 78 32 40 51)
(A "3/4" 284 14 138 27 224 140 35 160 82 176 53 126 597 136 186 8 0 0.9216 0.701 0.9853 0.0784 0.299 0.0147 R 0 13 213 615 577 41 0 52 88 40 74 36 34 48)
(D "2/4" 394 31 354 52 281 234 65 436 37 210 52 272 1285 264 163 29 0 0.877 0.8077 0.9727 0.123 0.1923 0.0273 R 2 90 436 789 981 120 0 57 89 33 78 32 45 56)
