19
;
#(7 0 8 0 6 6 2 12 0 2 0 4)
#(10 2 12 0 9 7 0 8 0 2 1 6)
#(8 1 12 1 7 7 4 9 1 10 3 4)
#(7 5 11 1 5 0 6 8 0 11 0 10)
#(7 3 8 5 7 2 5 10 0 5 2 7)
#(14 8 4 0 18 0 3 21 2 9 3 8)
#(4 6 23 0 3 0 5 24 0 6 1 14)
#(1 1 13 0 1 0 4 7 0 4 0 4)
#(7 0 9 0 10 6 0 0 8 11 0 9)
#(6 4 6 0 9 5 0 3 6 10 3 7)
#(5 1 9 0 5 11 1 4 1 7 0 2)
#(6 0 11 0 6 9 2 13 2 3 0 7)
#(18 0 4 0 3 2 17 12 1 17 0 3)
#(9 0 14 0 11 9 4 10 1 4 0 7)
#(8 0 6 2 5 6 4 9 3 6 0 9)
#(10 2 11 2 11 10 0 7 2 5 0 4)
#(26 2 6 4 12 11 9 10 0 17 0 2)
#(19 2 16 1 10 7 3 13 0 2 4 7)
#(13 0 7 0 10 8 2 17 0 1 1 4)
