19
;
#(0.7292 0.75 0.7708 0.0417 0.0208 0.0 L )
#(0.9306 0.75 1.0 0.0694 0.25 0.0 R )
#(1.0 0.7778 1.0 0.0 0.2222 0.0 R )
#(0.9722 0.7361 1.0 0.0278 0.2639 0.0 R )
#(0.6667 0.9722 1.0 0.3333 0.0278 0.0 L )
#(0.6111 0.8611 1.0 0.3889 0.1389 0.0 L )
#(0.7222 0.9167 1.0 0.2778 0.0833 0.0 L )
#(0.6667 0.7083 0.7292 0.0833 0.0417 0.0208 L )
#(0.8958 1.0 1.0 0.1042 0.0 0.0 L )
#(0.9097 0.9722 1.0 0.0903 0.0278 0.0 L )
#(0.9444 0.3889 1.0 0.0556 0.6111 0.0 R )
#(0.8958 1.0 1.0 0.1042 0.0 0.0 L )
#(0.5694 0.7778 1.0 0.4306 0.2222 0.0 L )
#(0.9722 0.75 1.0 0.0278 0.25 0.0 R )
#(0.75 0.9306 1.0 0.25 0.0694 0.0 L )
#(0.9167 0.9167 1.0 0.0833 0.0833 0.0 R )
#(0.4722 0.8056 1.0 0.5278 0.1944 0.0 L )
#(0.8889 0.7222 1.0 0.1111 0.2778 0.0 R )
#(0.9028 0.9028 0.9583 0.0764 0.0764 0.0208 B )
