#(23 0 6 0 12 9 0 15 0 9 0 9)
#(16 0 15 0 16 11 0 7 0 12 0 5)
#(8 0 8 0 13 8 0 0 8 0 1 5)
#(6 0 14 0 20 14 0 6 0 12 0 8)
#(2 2 6 0 18 20 2 8 8 6 2 6)
#(10 2 10 0 17 3 5 10 4 6 0 10)
#(8 4 6 0 22 0 10 18 0 2 6 4)
#(9 0 11 0 17 3 2 15 0 3 13 6)
#(4 0 3 3 0 0 0 14 0 6 0 3)
#(10 0 8 0 4 4 0 9 0 2 0 7)
#(6 0 4 0 4 6 0 5 0 5 0 8)
#(19 0 6 0 12 9 0 21 0 9 0 9)
#(16 0 15 0 16 10 0 7 0 13 1 4)
#(18 0 8 0 17 7 0 0 15 0 1 0)
#(21 0 12 5 10 8 0 10 6 5 0 2)
#(18 0 15 5 11 8 0 9 6 5 0 3)
#(16 1 11 2 14 6 2 11 0 6 3 6)
#(18 1 1 2 26 0 2 13 0 2 3 6)
#(6 0 1 0 3 2 0 1 0 2 0 1)
