35
;
#( 0 0 4 21 17 0 0 )
#( 0 1 12 13 28 2 0 )
#( 0 0 4 4 18 0 0 )
#( 0 1 6 11 21 0 0 )
#( 0 1 5 20 17 0 0 )
#( 0 0 17 8 17 2 0 )
#( 0 2 15 8 6 1 0 )
#( 0 11 20 13 15 2 0 )
#( 0 8 10 8 10 4 0 )
#( 0 0 16 12 27 5 0 )
#( 0 0 6 19 23 0 0 )
#( 0 0 4 22 22 0 0 )
#( 0 0 11 21 22 0 0 )
#( 0 1 13 10 25 3 0 )
#( 0 2 22 3 17 15 0 )
#( 0 2 14 7 10 2 0 )
#( 0 11 20 13 15 2 0 )
#( 0 7 5 16 9 0 0 )
#( 0 0 8 19 23 2 0 )
#( 0 1 8 4 23 0 0 )
#( 0 0 6 9 24 0 0 )
#( 0 2 6 13 18 0 0 )
#( 0 0 8 20 19 1 0 )
#( 0 1 20 5 8 1 0 )
#( 0 8 16 11 13 2 0 )
#( 0 11 20 13 15 2 0 )
#( 0 4 18 2 9 4 0 )
#( 0 8 20 0 15 16 0 )
#( 0 6 22 0 10 9 0 )
#( 0 4 14 12 19 9 0 )
#( 0 0 8 24 4 16 0 )
#( 0 3 22 4 9 9 0 )
#( 0 8 20 1 20 8 0 )
#( 0 6 23 6 12 4 0 )
#( 0 1 3 1 3 0 0 )
