35
;
#(10 0 4 11 0 1 1 11 1 0 0 3)
#(10 0 12 5 0 0 1 16 0 6 6 0)
#(1 0 1 4 0 3 0 9 3 0 5 0)
#(5 0 4 9 0 4 0 10 2 0 4 1)
#(6 0 3 14 0 2 1 13 2 0 0 2)
#(14 0 6 5 0 3 3 6 4 0 0 3)
#(15 0 6 1 3 0 0 5 0 0 0 2)
#(20 0 9 0 6 3 3 9 0 4 0 7)
#(11 0 6 0 5 4 0 6 0 3 0 5)
#(11 0 6 2 18 1 1 0 5 7 0 9)
#(6 0 1 2 11 0 7 8 0 8 0 5)
#(7 0 5 0 10 6 0 13 0 3 0 4)
#(6 1 7 0 8 10 0 12 0 3 0 7)
#(14 0 6 0 13 1 1 0 4 7 0 6)
#(4 1 12 3 16 5 0 0 2 7 1 8)
#(17 0 6 0 6 0 0 2 0 2 0 2)
#(20 0 9 0 6 3 3 9 0 4 0 7)
#(7 0 5 6 0 4 0 8 0 3 0 4)
#(12 0 6 10 0 0 1 16 1 2 2 2)
#(5 0 8 1 0 1 1 11 1 4 4 0)
#(3 0 3 6 0 4 0 11 3 0 9 0)
#(7 0 4 11 0 3 0 9 2 0 0 3)
#(12 0 4 12 0 1 4 11 2 0 0 2)
#(10 0 5 3 0 3 0 8 3 0 0 3)
#(20 0 8 0 6 3 3 2 0 4 0 4)
#(17 0 10 0 6 3 0 14 0 3 0 8)
#(22 0 0 0 10 0 0 5 0 0 0 0)
#(16 0 4 0 10 12 0 13 0 2 0 2)
#(19 0 2 0 11 8 0 5 0 2 0 0)
#(13 0 5 0 13 1 0 21 0 0 0 5)
#(9 0 2 0 15 9 0 13 0 4 0 0)
#(17 0 3 0 11 2 0 12 0 0 0 2)
#(15 0 5 0 10 7 0 13 0 2 0 5)
#(31 0 0 0 10 0 0 10 0 0 0 0)
#(4 0 0 0 2 0 0 2 0 0 0 0)
