35
;
#(12 6 6 0 0 0 0 0 0 0 )
#(0 2 4 10 0 0 0 0 0 0 )
#(3 7 3 0 0 0 0 0 0 0 )
#(5 8 6 0 0 0 0 0 0 0 )
#(10 6 7 0 0 0 0 0 0 0 )
#(4 8 8 0 0 0 0 0 0 0 )
#(3 4 5 0 0 1 0 0 0 0 )
#(1 0 10 0 0 5 0 0 0 0 )
#(4 0 6 0 0 3 0 0 0 0 )
#(16 4 12 0 0 0 0 0 0 0 )
#(12 3 10 0 0 0 0 0 0 0 )
#(16 4 8 0 0 0 0 0 0 0 )
#(14 8 8 0 0 0 0 0 0 0 )
#(17 4 9 0 0 0 0 0 0 0 )
#(16 5 11 0 0 0 0 0 0 0 )
#(1 2 6 0 0 2 0 0 0 0 )
#(1 0 10 0 0 5 0 0 0 0 )
#(6 2 5 0 0 2 0 0 0 0 )
#(6 6 6 4 0 0 0 0 0 0 )
#(0 3 2 6 0 0 0 0 0 0 )
#(5 8 6 0 0 0 0 0 0 0 )
#(9 6 6 0 0 0 0 0 0 0 )
#(8 8 8 0 0 0 0 0 0 0 )
#(2 6 7 0 0 0 0 0 0 0 )
#(16 7 0 0 4 0 0 0 0 0 )
#(16 10 0 0 5 0 0 0 0 0 )
#(9 0 2 0 0 1 0 2 0 0 )
#(9 4 0 0 4 0 2 1 0 0 )
#(13 3 0 0 1 0 1 2 0 0 )
#(15 2 0 2 3 0 0 2 0 0 )
#(18 9 4 1 0 0 0 0 0 0 )
#(16 5 0 0 1 0 0 2 0 0 )
#(8 0 1 0 3 0 1 3 0 0 )
#(4 0 5 0 0 4 0 1 0 0 )
#(0 0 0 0 0 0 0 1 0 0 )
