38
;
#(67 79 60 65 12 5 19 )
#(67 84 48 67 17 19 36 )
#(60 84 55 65 24 10 29 )
#(67 84 48 64 17 16 36 )
#(67 86 43 64 19 21 43 )
#(67 86 54 64 19 10 32 )
#(71 84 54 67 13 13 30 )
#(57 83 48 67 26 19 35 )
#(66 79 43 62 13 19 36 )
#(69 79 48 67 10 19 31 )
#(64 84 48 72 20 24 36 )
#(64 86 48 71 22 23 38 )
#(71 86 55 72 15 17 31 )
#(62 81 48 62 19 14 33 )
#(59 79 43 71 20 28 36 )
#(66 83 59 64 17 5 24 )
#(66 79 50 62 13 12 29 )
#(69 86 55 65 17 10 31 )
#(69 82 48 65 13 17 34 )
#(71 79 53 67 8 14 26 )
#(69 81 54 67 12 13 27 )
#(71 79 55 65 8 10 24 )
#(67 89 60 65 22 5 29 )
#(60 88 48 67 28 19 40 )
#(60 84 55 65 24 10 29 )
#(67 86 48 64 19 16 38 )
#(67 86 43 64 19 21 43 )
#(71 89 53 69 18 16 36 )
#(76 84 60 72 8 12 24 )
#(62 88 53 65 26 12 35 )
#(72 84 48 67 12 19 36 )
#(69 84 53 72 15 19 31 )
#(72 86 59 69 14 10 27 )
#(69 88 53 69 19 16 35 )
#(69 88 53 67 19 14 35 )
#(67 86 52 67 19 15 34 )
#(71 84 60 70 13 10 24 )
#(64 80 48 65 16 17 32 )
