38
;
#( 0 0 0 38 23 0 0 )
#( 0 0 9 30 12 2 0 )
#( 0 0 4 33 27 3 0 )
#( 0 0 17 11 41 1 0 )
#( 0 2 12 17 22 4 0 )
#( 0 0 14 21 21 6 0 )
#( 0 0 14 30 31 1 0 )
#( 0 0 12 24 21 0 0 )
#( 0 1 7 14 13 0 0 )
#( 0 0 10 18 20 0 0 )
#( 0 0 14 20 36 2 0 )
#( 0 0 11 22 30 4 0 )
#( 0 0 6 16 47 5 0 )
#( 0 0 24 27 21 0 0 )
#( 0 1 9 29 17 0 0 )
#( 0 0 5 43 16 0 0 )
#( 0 0 20 13 14 0 0 )
#( 0 0 8 20 15 2 0 )
#( 0 0 23 10 12 0 0 )
#( 0 0 22 9 20 0 0 )
#( 0 0 14 13 38 0 0 )
#( 0 0 7 25 34 0 0 )
#( 0 0 0 38 19 2 0 )
#( 0 0 9 30 16 3 0 )
#( 0 0 9 26 36 2 0 )
#( 0 0 15 9 38 5 0 )
#( 0 2 13 19 19 3 0 )
#( 0 0 4 22 35 11 0 )
#( 0 0 0 32 38 8 0 )
#( 0 0 9 14 17 5 0 )
#( 0 0 5 5 25 2 0 )
#( 0 0 4 21 25 1 0 )
#( 0 0 2 36 36 12 0 )
#( 0 0 3 27 34 5 0 )
#( 0 0 5 29 29 16 0 )
#( 0 0 8 22 37 4 0 )
#( 0 0 0 35 24 1 0 )
#( 0 0 4 17 8 0 0 )
