38
;
#(23 15 0 2 0 0 0 0 0 0 )
#(16 15 1 1 0 0 0 0 0 0 )
#(25 15 4 0 0 0 0 0 0 0 )
#(42 14 0 0 0 0 0 0 0 0 )
#(23 14 2 0 0 0 0 0 0 0 )
#(23 18 1 0 0 0 0 0 0 0 )
#(49 9 0 1 1 0 0 0 0 0 )
#(32 7 1 2 0 0 0 0 0 0 )
#(19 3 2 1 0 0 0 0 0 0 )
#(6 18 2 0 0 0 0 0 0 0 )
#(28 15 2 2 0 0 0 0 0 0 )
#(28 12 1 3 0 0 0 0 0 0 )
#(40 15 0 1 0 0 0 0 0 0 )
#(23 13 1 5 0 0 0 0 0 0 )
#(13 13 3 2 0 0 0 0 0 0 )
#(15 23 1 0 0 0 0 0 0 0 )
#(25 11 0 0 0 0 0 0 0 0 )
#(24 9 1 0 0 0 0 0 0 0 )
#(19 13 0 0 0 0 0 0 0 0 )
#(18 15 1 0 0 0 0 0 0 0 )
#(35 12 2 0 0 0 0 0 0 0 )
#(18 18 4 0 0 0 0 0 0 0 )
#(19 16 0 2 0 0 0 0 0 0 )
#(19 16 1 1 0 0 0 0 0 0 )
#(32 13 5 0 0 0 0 0 0 0 )
#(38 13 1 0 0 0 0 0 0 0 )
#(20 15 2 0 0 0 0 0 0 0 )
#(29 16 2 0 1 0 0 0 0 0 )
#(46 12 0 2 0 0 0 0 0 0 )
#(23 6 2 1 0 0 0 0 0 0 )
#(22 1 3 1 0 0 0 0 0 0 )
#(4 17 3 1 0 0 0 0 0 0 )
#(30 17 6 1 0 0 0 0 0 0 )
#(27 12 2 3 0 0 0 0 0 0 )
#(35 4 8 3 0 0 0 0 0 0 )
#(26 13 1 4 0 0 0 0 0 0 )
#(4 28 0 0 0 0 0 0 0 0 )
#(8 4 0 0 0 1 1 0 0 0 )
