#(2 0 1 8 0 4 0 5 6 0 8 0)
#(1 0 1 12 0 3 1 4 6 1 6 2)
#(0 0 8 9 0 8 0 10 9 0 29 0)
#(1 0 6 8 0 10 0 8 7 0 14 0)
#(2 0 2 8 0 5 0 4 6 2 6 0)
#(1 0 2 9 0 4 1 5 5 1 8 2)
#(1 0 2 10 0 4 0 8 6 0 8 0)
#(0 0 7 7 0 9 0 11 9 0 10 0)
#(1 0 1 10 0 6 0 7 5 0 6 0)
#(2 0 2 12 0 4 0 6 5 0 13 0)
#(0 0 2 16 0 4 1 11 2 1 13 1)
#(0 0 8 8 0 8 0 8 6 0 22 0)
#(2 0 5 10 0 10 0 8 8 0 20 0)
#(7 0 2 14 0 10 1 9 13 0 26 0)
#(8 0 5 27 0 5 1 8 14 2 16 4)
#(7 0 9 24 0 11 0 6 10 7 23 2)
#(3 2 12 22 0 7 2 12 13 1 9 1)
#(2 2 13 11 0 20 0 6 8 0 13 0)
#(3 1 8 10 0 10 0 13 16 0 18 0)
#(15 0 8 8 0 6 0 6 9 0 34 0)
#(9 0 17 15 0 16 0 11 13 0 23 0)
#(4 0 2 10 0 6 0 6 6 0 9 0)
#(2 0 2 11 0 4 1 4 8 1 7 1)
#(0 0 8 10 0 8 0 7 7 0 18 0)
#(2 0 6 9 0 10 0 11 9 0 19 0)
#(0 0 0 3 0 0 0 2 0 0 2 0)
