#(6 0 0 7 0 0 0 0 0 0 )
#(4 0 0 2 5 0 0 0 0 0 )
#(0 0 1 0 14 0 0 0 0 0 )
#(4 0 1 3 7 0 0 0 0 0 )
#(13 1 4 2 0 0 0 0 0 0 )
#(13 0 3 4 0 0 0 0 0 0 )
#(18 0 3 3 0 0 0 0 0 0 )
#(5 13 4 0 2 0 0 0 0 0 )
#(19 5 1 1 0 0 0 0 0 0 )
#(21 10 1 0 0 0 0 0 0 0 )
#(14 17 1 0 0 0 0 0 0 0 )
#(18 0 14 0 0 0 0 0 0 0 )
#(16 6 5 5 0 0 0 0 0 0 )
#(49 5 1 5 0 0 0 0 0 0 )
#(54 0 4 6 0 0 0 0 0 0 )
#(54 0 0 5 5 0 0 0 0 0 )
#(54 0 10 0 0 0 0 0 0 0 )
#(55 8 0 1 0 0 0 0 0 0 )
#(51 12 0 1 0 0 0 0 0 0 )
#(55 2 1 6 0 0 0 0 0 0 )
#(52 0 0 8 4 0 0 0 0 0 )
#(19 0 0 6 0 0 0 0 0 0 )
#(10 0 0 4 3 0 0 0 0 0 )
#(7 0 0 4 7 0 0 0 0 0 )
#(0 1 3 5 7 0 0 0 0 0 )
#(0 0 0 0 0 0 1 0 0 0 )
