#(3 0 4 3 0 2 0 9 2 0 1 1)
#(3 0 5 4 0 6 1 8 1 0 0 4)
#(3 0 4 3 0 2 0 11 2 0 1 2)
#(4 0 5 3 0 5 0 10 1 0 0 5)
#(8 3 0 3 1 3 0 1 2 0 2 0)
#(7 0 3 0 5 6 0 4 1 3 1 2)
#(7 0 4 0 4 4 1 6 0 1 0 2)
#(4 0 4 0 5 4 2 7 1 3 0 2)
#(6 0 2 0 8 3 0 5 0 1 1 1)
#(1 0 0 1 3 1 3 4 1 2 4 11)
#(3 0 4 2 0 2 0 11 1 0 1 4)
#(4 0 6 5 0 7 2 4 3 0 0 2)
#(4 1 7 5 0 5 1 17 2 0 1 5)
#(11 0 6 4 1 7 0 10 0 0 1 5)
#(10 0 1 6 2 8 0 9 7 0 2 3)
#(15 0 2 2 3 8 0 7 7 0 2 3)
#(12 0 7 12 0 6 1 14 0 0 0 5)
#(15 1 0 1 2 3 0 4 4 0 2 0)
#(16 1 0 0 3 3 0 3 3 0 0 0)
#(6 0 0 0 2 0 0 2 0 0 0 0)
