28
;
#(0 0 7 0 9 15 0 16 0 16 0 11)
#(19 0 12 0 18 9 1 18 0 12 0 6)
#(20 0 14 0 16 6 2 12 0 16 0 2)
#(12 0 19 0 10 4 1 18 0 10 0 11)
#(15 0 11 0 6 4 0 16 0 10 11 4)
#(22 0 13 0 10 2 4 14 0 15 0 3)
#(12 0 2 1 6 1 0 15 0 9 0 3)
#(8 5 7 2 8 6 0 10 5 8 0 11)
#(9 5 11 2 18 9 0 10 9 2 0 13)
#(15 0 6 0 5 5 0 7 0 5 11 0)
#(15 0 7 0 7 12 0 8 0 8 9 0)
#(18 0 14 0 19 9 0 9 4 8 16 7)
#(6 4 7 2 11 2 10 2 5 3 4 5)
#(4 5 7 5 6 2 9 1 9 1 1 6)
#(8 2 0 9 0 2 6 2 12 0 6 0)
#(20 0 4 3 14 6 2 10 4 8 1 2)
#(15 0 13 0 15 8 2 14 0 12 0 5)
#(10 0 20 0 11 1 2 12 0 7 4 7)
#(4 0 11 0 7 5 0 5 2 7 10 2)
#(6 1 5 0 5 7 0 8 0 9 0 5)
#(13 0 4 0 11 2 0 18 0 9 0 3)
#(4 0 12 0 4 9 0 12 0 2 11 0)
#(4 0 4 2 0 5 0 10 0 6 4 0)
#(7 1 6 4 4 6 0 12 0 8 3 2)
#(13 0 8 0 9 10 0 21 0 9 0 10)
#(8 5 7 2 8 6 0 10 5 8 0 11)
#(9 5 11 2 19 9 0 10 9 2 0 13)
#(9 0 0 0 2 0 0 3 0 0 0 0)
