28
;
#(1.0 1.0 1.0 0.0 0.0 0.0 L )
#(1.0 0.375 1.0 0.0 0.4375 0.0 R )
#(0.875 0.5313 0.9375 0.0625 0.3438 0.0 R )
#(0.9063 0.4688 1.0 0.0938 0.5313 0.0 R )
#(1.0 0.5938 1.0 0.0 0.4063 0.0 R )
#(1.0 0.5 1.0 0.0 0.375 0.0 R )
#(0.5625 0.5313 0.8125 0.4375 0.4688 0.1875 R )
#(0.9687 0.875 1.0 0.0313 0.125 0.0 R )
#(0.5938 0.4688 0.5938 0.4063 0.5313 0.4063 R )
#(0.8125 0.7813 0.8438 0.1875 0.2188 0.1563 R )
#(0.9688 0.875 1.0 0.0313 0.0 0.0 R )
#(1.0 1.0 1.0 0.0 0.0 0.0 B )
#(0.9688 0.5625 0.9688 0.0313 0.0 0.0313 R )
#(1.0 0.5 1.0 0.0 0.0 0.0 R )
#(1.0 1.0 1.0 0.0 0.0 0.0 L )
#(1.0 0.625 1.0 0.0 0.375 0.0 R )
#(0.9375 0.4063 0.9687 0.0313 0.5313 0.0 R )
#(0.8437 0.6563 0.9687 0.125 0.2813 0.0 R )
#(0.75 0.2813 0.75 0.0 0.2188 0.0 R )
#(0.25 0.3125 0.5 0.25 0.0625 0.0 L )
#(0.6875 0.875 0.9687 0.3125 0.0625 0.0313 L )
#(0.6563 0.7188 0.8437 0.3438 0.2813 0.1563 L )
#(0.5625 0.7813 0.875 0.4375 0.2188 0.125 L )
#(1.0 1.0 1.0 0.0 0.0 0.0 B )
#(1.0 1.0 1.0 0.0 0.0 0.0 L )
#(0.9687 0.7813 1.0 0.0313 0.2188 0.0 R )
#(0.6562 0.5 0.6562 0.3438 0.5 0.3438 R )
#(0.1875 0.1875 0.1875 0.8125 0.8125 0.8125 B )
