28
;
#(60 1 0 3 0 0 0 0 0 0 )
#(43 0 6 4 0 3 0 0 0 0 )
#(39 1 9 5 0 0 0 0 0 0 )
#(28 4 4 4 3 1 0 0 0 0 )
#(29 10 0 3 2 1 0 0 0 0 )
#(35 6 1 2 5 0 0 0 0 0 )
#(34 1 0 0 0 1 1 0 0 0 )
#(30 1 1 1 2 0 3 0 0 0 )
#(13 0 5 0 0 0 4 4 0 0 )
#(14 4 0 8 0 0 0 0 0 0 )
#(13 3 9 5 0 0 0 0 0 0 )
#(13 0 4 0 11 4 0 0 0 0 )
#(16 4 11 1 0 0 0 0 0 0 )
#(20 8 5 0 1 0 0 0 0 0 )
#(31 5 2 0 0 0 0 0 0 0 )
#(36 2 6 4 0 0 0 0 0 0 )
#(32 1 10 5 0 0 0 0 0 0 )
#(29 4 7 4 0 0 0 0 0 0 )
#(20 5 1 1 2 1 0 0 0 0 )
#(14 12 0 2 0 0 0 0 0 0 )
#(29 10 2 0 1 0 0 0 0 0 )
#(27 8 2 0 1 0 0 0 0 0 )
#(21 7 0 0 0 0 0 0 0 0 )
#(16 11 5 0 0 0 0 0 0 0 )
#(21 4 1 0 7 1 1 0 0 0 )
#(30 0 2 1 2 1 2 0 0 0 )
#(13 0 5 0 0 0 3 5 0 0 )
#(0 0 2 0 0 0 0 1 0 0 )
