#(69 86 50 66 17 16 36 )
#(62 83 43 72 21 29 40 )
#(62 81 43 69 19 26 38 )
#(52 83 31 74 31 43 52 )
#(52 81 31 67 29 36 50 )
#(64 88 50 74 24 24 38 )
#(47 79 31 60 32 29 48 )
#(59 83 31 68 24 37 52 )
#(55 86 31 72 31 41 55 )
#(55 69 31 53 14 22 38 )
#(55 74 31 65 19 34 43 )
#(71 93 55 69 22 14 38 )
#(57 84 47 67 27 20 37 )
#(57 75 46 67 18 21 29 )
#(65 77 51 68 12 17 26 )
#(62 78 39 59 16 20 39 )
#(62 83 43 72 21 29 40 )
#(50 83 29 74 33 45 54 )
#(50 81 29 72 31 43 52 )
#(67 81 55 72 14 17 26 )
#(62 90 31 71 28 40 59 )
#(74 88 29 71 14 42 59 )
#(41 81 36 69 40 33 45 )
#(48 76 45 67 28 22 31 )
#(59 91 31 69 32 38 60 )
#(59 83 31 68 24 37 52 )
#(55 86 31 72 31 41 55 )
#(55 79 31 62 24 31 48 )
