#( 0 0 3 11 46 14 0 )
#( 0 6 22 41 26 0 0 )
#( 0 6 24 40 18 0 0 )
#( 2 8 24 34 17 0 0 )
#( 2 5 10 41 19 0 0 )
#( 0 0 6 39 32 6 0 )
#( 1 10 16 19 3 0 0 )
#( 1 1 13 31 24 0 0 )
#( 4 5 16 27 33 3 0 )
#( 1 6 30 17 0 0 0 )
#( 2 3 28 31 2 0 0 )
#( 0 0 9 46 32 17 0 )
#( 0 3 19 33 5 1 0 )
#( 0 3 18 31 4 0 0 )
#( 0 0 3 22 22 0 0 )
#( 0 8 18 32 16 0 0 )
#( 0 5 22 34 23 0 0 )
#( 1 5 25 35 8 0 0 )
#( 1 1 9 23 19 0 0 )
#( 0 0 4 23 19 0 0 )
#( 2 2 9 15 19 13 0 )
#( 2 2 6 11 21 12 0 )
#( 0 21 10 1 3 0 0 )
#( 0 2 21 27 3 0 0 )
#( 1 2 9 33 27 8 0 )
#( 1 1 13 31 24 0 0 )
#( 4 5 16 28 33 3 0 )
#( 2 2 5 3 2 0 0 )
