50 0
50 1
50 2
50 3
50 4
50 5
50 6
50 7
50 8
50 9
50 10
50 11
50 12
50 13
50 14
50 15
50 16
50 17
50 18
50 19
50 20
50 21
50 22
50 23
50 24
50 25
60 0
60 1
60 2
60 3
60 4
60 5
60 6
60 7
60 8
60 9
60 10
60 11
60 12
60 13
60 14
60 15
60 16
60 17
60 18
60 19
60 20
60 21
60 22
60 23
60 24
60 25
60 26
60 27
60 28
60 29
60 30
70 0
70 1
70 2
70 3
70 4
70 5
70 6
70 7
70 8
70 9
70 10
70 11
70 12
70 13
70 14
70 15
70 16
70 17
70 18
70 19
70 20
70 21
70 22
70 23
70 24
70 25
70 26
70 27
70 28
70 29
70 30
70 31
70 32
70 33
70 34
70 35
80 0
80 1
80 2
80 3
80 4
80 5
80 6
80 7
80 8
80 9
80 10
80 11
80 12
80 13
80 14
80 15
80 16
80 17
80 18
80 19
80 20
80 21
80 22
80 23
80 24
80 25
80 26
80 27
80 28
80 29
80 30
80 31
80 32
80 33
80 34
80 35
80 36
80 37
80 38
80 39
80 40
90 0
90 1
90 2
90 3
90 4
90 5
90 6
90 7
90 8
90 9
90 10
90 11
90 12
90 13
90 14
90 15
90 16
90 17
90 18
90 19
90 20
90 21
90 22
90 23
90 24
90 25
90 26
90 27
90 28
90 29
90 30
90 31
90 32
90 33
90 34
90 35
90 36
90 37
90 38
90 39
90 40
90 41
90 42
90 43
90 44
90 45
100 0
100 1
100 2
100 3
100 4
100 5
100 6
100 7
100 8
100 9
100 10
100 11
100 12
100 13
100 14
100 15
100 16
100 17
100 18
100 19
100 20
100 21
100 22
100 23
100 24
100 25
100 26
100 27
100 28
100 29
100 30
100 31
100 32
100 33
100 34
100 35
100 36
100 37
100 38
100 39
100 40
100 41
100 42
100 43
100 44
100 45
100 46
100 47
100 48
100 49
100 50
110 0
110 1
110 2
110 3
110 4
110 5
110 6
110 7
110 8
110 9
110 10
110 11
110 12
110 13
110 14
110 15
110 16
110 17
110 18
110 19
110 20
110 21
110 22
110 23
110 24
110 25
110 26
110 27
110 28
110 29
110 30
110 31
110 32
110 33
110 34
110 35
110 36
110 37
110 38
110 39
110 40
110 41
110 42
110 43
110 44
110 45
110 46
110 47
110 48
110 49
110 50
110 51
110 52
110 53
110 54
110 55
120 0
120 1
120 2
120 3
120 4
120 5
120 6
120 7
120 8
120 9
120 10
120 11
120 12
120 13
120 14
120 15
120 16
120 17
120 18
120 19
120 20
120 21
120 22
120 23
120 24
120 25
120 26
120 27
120 28
120 29
120 30
120 31
120 32
120 33
120 34
120 35
120 36
120 37
120 38
120 39
120 40
120 41
120 42
120 43
120 44
120 45
120 46
120 47
120 48
120 49
120 50
120 51
120 52
120 53
120 54
120 55
120 56
120 57
120 58
120 59
120 60
130 0
130 1
130 2
130 3
130 4
130 5
130 6
130 7
130 8
130 9
130 10
130 11
130 12
130 13
130 14
130 15
130 16
130 17
130 18
130 19
130 20
130 21
130 22
130 23
130 24
130 25
130 26
130 27
130 28
130 29
130 30
130 31
130 32
130 33
130 34
130 35
130 36
130 37
130 38
130 39
130 40
130 41
130 42
130 43
130 44
130 45
130 46
130 47
130 48
130 49
130 50
130 51
130 52
130 53
130 54
130 55
130 56
130 57
130 58
130 59
130 60
130 61
130 62
130 63
130 64
130 65
140 0
140 1
140 2
140 3
140 4
140 5
140 6
140 7
140 8
140 9
140 10
140 11
140 12
140 13
140 14
140 15
140 16
140 17
140 18
140 19
140 20
140 21
140 22
140 23
140 24
140 25
140 26
140 27
140 28
140 29
140 30
140 31
140 32
140 33
140 34
140 35
140 36
140 37
140 38
140 39
140 40
140 41
140 42
140 43
140 44
140 45
140 46
140 47
140 48
140 49
140 50
140 51
140 52
140 53
140 54
140 55
140 56
140 57
140 58
140 59
140 60
140 61
140 62
140 63
140 64
140 65
140 66
140 67
140 68
140 69
140 70
150 0
150 1
150 2
150 3
150 4
150 5
150 6
150 7
150 8
150 9
150 10
150 11
150 12
150 13
150 14
150 15
150 16
150 17
150 18
150 19
150 20
150 21
150 22
150 23
150 24
150 25
150 26
150 27
150 28
150 29
150 30
150 31
150 32
150 33
150 34
150 35
150 36
150 37
150 38
150 39
150 40
150 41
150 42
150 43
150 44
150 45
150 46
150 47
150 48
150 49
150 50
150 51
150 52
150 53
150 54
150 55
150 56
150 57
150 58
150 59
150 60
150 61
150 62
150 63
150 64
150 65
150 66
150 67
150 68
150 69
150 70
150 71
150 72
150 73
150 74
150 75
160 0
160 1
160 2
160 3
160 4
160 5
160 6
160 7
160 8
160 9
160 10
160 11
160 12
160 13
160 14
160 15
160 16
160 17
160 18
160 19
160 20
160 21
160 22
160 23
160 24
160 25
160 26
160 27
160 28
160 29
160 30
160 31
160 32
160 33
160 34
160 35
160 36
160 37
160 38
160 39
160 40
160 41
160 42
160 43
160 44
160 45
160 46
160 47
160 48
160 49
160 50
160 51
160 52
160 53
160 54
160 55
160 56
160 57
160 58
160 59
160 60
160 61
160 62
160 63
160 64
160 65
160 66
160 67
160 68
160 69
160 70
160 71
160 72
160 73
160 74
160 75
160 76
160 77
160 78
160 79
160 80
170 0
170 1
170 2
170 3
170 4
170 5
170 6
170 7
170 8
170 9
170 10
170 11
170 12
170 13
170 14
170 15
170 16
170 17
170 18
170 19
170 20
170 21
170 22
170 23
170 24
170 25
170 26
170 27
170 28
170 29
170 30
170 31
170 32
170 33
170 34
170 35
170 36
170 37
170 38
170 39
170 40
170 41
170 42
170 43
170 44
170 45
170 46
170 47
170 48
170 49
170 50
170 51
170 52
170 53
170 54
170 55
170 56
170 57
170 58
170 59
170 60
170 61
170 62
170 63
170 64
170 65
170 66
170 67
170 68
170 69
170 70
170 71
170 72
170 73
170 74
170 75
170 76
170 77
170 78
170 79
170 80
170 81
170 82
170 83
170 84
170 85
180 0
180 1
180 2
180 3
180 4
180 5
180 6
180 7
180 8
180 9
180 10
180 11
180 12
180 13
180 14
180 15
180 16
180 17
180 18
180 19
180 20
180 21
180 22
180 23
180 24
180 25
180 26
180 27
180 28
180 29
180 30
180 31
180 32
180 33
180 34
180 35
180 36
180 37
180 38
180 39
180 40
180 41
180 42
180 43
180 44
180 45
180 46
180 47
180 48
180 49
180 50
180 51
180 52
180 53
180 54
180 55
180 56
180 57
180 58
180 59
180 60
180 61
180 62
180 63
180 64
180 65
180 66
180 67
180 68
180 69
180 70
180 71
180 72
180 73
180 74
180 75
180 76
180 77
180 78
180 79
180 80
180 81
180 82
180 83
180 84
180 85
180 86
180 87
180 88
180 89
180 90
190 0
190 1
190 2
190 3
190 4
190 5
190 6
190 7
190 8
190 9
190 10
190 11
190 12
190 13
190 14
190 15
190 16
190 17
190 18
190 19
190 20
190 21
190 22
190 23
190 24
190 25
190 26
190 27
190 28
190 29
190 30
190 31
190 32
190 33
190 34
190 35
190 36
190 37
190 38
190 39
190 40
190 41
190 42
190 43
190 44
190 45
190 46
190 47
190 48
190 49
190 50
190 51
190 52
190 53
190 54
190 55
190 56
190 57
190 58
190 59
190 60
190 61
190 62
190 63
190 64
190 65
190 66
190 67
190 68
190 69
190 70
190 71
190 72
190 73
190 74
190 75
190 76
190 77
190 78
190 79
190 80
190 81
190 82
190 83
190 84
190 85
190 86
190 87
190 88
190 89
190 90
190 91
190 92
190 93
190 94
190 95
200 0
200 1
200 2
200 3
200 4
200 5
200 6
200 7
200 8
200 9
200 10
200 11
200 12
200 13
200 14
200 15
200 16
200 17
200 18
200 19
200 20
200 21
200 22
200 23
200 24
200 25
200 26
200 27
200 28
200 29
200 30
200 31
200 32
200 33
200 34
200 35
200 36
200 37
200 38
200 39
200 40
200 41
200 42
200 43
200 44
200 45
200 46
200 47
200 48
200 49
200 50
200 51
200 52
200 53
200 54
200 55
200 56
200 57
200 58
200 59
200 60
200 61
200 62
200 63
200 64
200 65
200 66
200 67
200 68
200 69
200 70
200 71
200 72
200 73
200 74
200 75
200 76
200 77
200 78
200 79
200 80
200 81
200 82
200 83
200 84
200 85
200 86
200 87
200 88
200 89
200 90
200 91
200 92
200 93
200 94
200 95
200 96
200 97
200 98
200 99
200 100
