#(57 81 45 67 24 22 36 )
#(59 83 47 71 24 24 36 )
#(69 88 45 67 19 22 43 )
#(67 88 47 67 21 20 41 )
#(73 86 61 69 13 8 25 )
#(73 83 61 69 10 8 22 )
#(64 86 45 69 22 24 41 )
#(66 88 54 76 22 22 34 )
#(59 74 47 62 15 15 27 )
#(59 81 56 66 22 10 25 )
#(57 81 45 62 24 17 36 )
#(64 78 45 68 14 23 33 )
#(69 81 52 71 12 19 29 )
#(68 86 52 64 18 12 34 )
#(64 85 52 64 21 12 33 )
#(65 84 53 64 19 11 31 )
#(65 87 53 74 22 21 34 )
#(62 89 50 77 27 27 39 )
#(67 84 62 72 17 10 22 )
#(70 88 54 71 18 17 34 )
#(73 86 54 70 13 16 32 )
#(73 85 54 71 12 17 31 )
#(71 83 54 66 12 12 29 )
#(70 83 52 67 13 15 31 )
#(64 83 45 69 19 24 38 )
#(57 81 45 69 24 24 36 )
#(59 83 45 71 24 26 38 )
#(62 88 43 69 26 26 45 )
#(67 86 43 76 19 33 43 )
#(71 88 57 78 17 21 31 )
#(64 81 45 66 17 21 36 )
#(57 71 38 55 14 17 33 )
#(61 83 42 57 22 15 41 )
#(69 83 57 69 14 12 26 )
#(66 83 54 75 17 21 29 )
#(59 79 47 67 20 20 32 )
#(64 86 57 78 22 21 29 )
#(68 86 57 76 18 19 29 )
#(71 89 56 69 18 13 33 )
#(73 83 57 69 10 12 26 )
#(69 78 62 69 9 7 16 )
