41
;
#( 0 2 11 14 9 0 0 )
#( 0 2 13 15 11 0 0 )
#( 0 2 8 10 24 6 0 )
#( 0 2 11 11 18 4 0 )
#( 0 0 0 24 31 4 0 )
#( 0 0 0 20 48 0 0 )
#( 0 2 11 30 25 2 0 )
#( 0 0 10 32 24 5 0 )
#( 0 1 24 40 3 0 0 )
#( 0 0 13 41 15 0 0 )
#( 0 3 16 17 11 0 0 )
#( 0 1 9 19 21 0 0 )
#( 0 0 3 20 22 0 0 )
#( 0 0 11 23 21 3 0 )
#( 0 0 7 14 10 2 0 )
#( 0 0 8 12 10 4 0 )
#( 0 0 5 19 20 7 0 )
#( 0 0 7 15 31 10 0 )
#( 0 0 0 22 28 1 0 )
#( 0 0 6 21 21 6 0 )
#( 0 0 14 15 25 6 0 )
#( 0 0 4 9 17 2 0 )
#( 0 0 5 16 13 0 0 )
#( 0 0 8 17 9 0 0 )
#( 0 1 5 16 23 0 0 )
#( 0 2 13 20 11 0 0 )
#( 0 2 10 17 11 0 0 )
#( 0 4 13 18 14 6 0 )
#( 0 3 15 19 22 5 0 )
#( 0 0 1 25 33 7 0 )
#( 0 2 11 29 17 0 0 )
#( 0 8 11 19 0 0 0 )
#( 0 7 13 13 13 0 0 )
#( 0 0 5 18 25 0 0 )
#( 0 0 5 15 25 0 0 )
#( 0 1 23 35 13 0 0 )
#( 0 0 2 47 20 1 0 )
#( 0 0 2 26 44 3 0 )
#( 0 0 8 16 20 8 0 )
#( 0 0 4 20 42 0 0 )
#( 0 0 0 10 5 0 0 )
