#(0.7083 0.7083 0.7083 0.0833 0.0833 0.0833 B )
#(0.9167 0.8333 0.9167 0.0833 0.1667 0.0833 R )
#(0.875 0.875 0.9583 0.125 0.125 0.0417 B )
#(0.875 0.8333 0.9583 0.125 0.1667 0.0417 R )
#(0.7917 1.0 1.0 0.2083 0.0 0.0 L )
#(1.0 0.75 1.0 0.0 0.25 0.0 R )
#(0.875 0.875 0.9583 0.125 0.125 0.0417 B )
#(1.0 1.0 1.0 0.0 0.0 0.0 B )
#(1.0 0.9167 1.0 0.0 0.0833 0.0 R )
#(0.9583 0.8333 1.0 0.0417 0.1667 0.0 R )
#(0.9583 0.6667 0.9583 0.0417 0.3333 0.0417 R )
#(0.9583 0.5833 0.9583 0.0417 0.4167 0.0417 R )
#(0.9583 0.625 0.9583 0.0417 0.375 0.0417 R )
#(0.9167 1.0 1.0 0.0833 0.0 0.0 L )
#(0.5833 0.5833 0.5833 0.1667 0.1667 0.1667 B )
#(0.7083 0.6667 0.7083 0.2917 0.3333 0.2917 R )
#(1.0 0.7917 1.0 0.0 0.2083 0.0 R )
#(0.9583 0.875 1.0 0.0417 0.125 0.0 R )
#(0.9583 0.9167 1.0 0.0417 0.0833 0.0 R )
#(0.8542 0.625 1.0 0.1458 0.375 0.0 R )
#(0.8333 0.8333 1.0 0.1667 0.1667 0.0 B )
#(0.8333 0.8333 1.0 0.1667 0.1667 0.0 B )
#(1.0 0.8333 1.0 0.0 0.1667 0.0 R )
#(0.8333 1.0 1.0 0.1667 0.0 0.0 L )
#(1.0 0.625 1.0 0.0 0.375 0.0 R )
#(0.875 0.875 0.875 0.125 0.125 0.125 B )
#(0.875 0.8333 0.9167 0.125 0.1667 0.0833 R )
#(0.9167 0.9583 1.0 0.0833 0.0417 0.0 L )
#(0.8333 0.875 1.0 0.1667 0.125 0.0 L )
#(0.8542 0.8333 1.0 0.1458 0.1667 0.0 R )
#(0.9167 0.625 0.9583 0.0833 0.375 0.0417 R )
#(0.9583 0.5833 0.9583 0.0417 0.4167 0.0417 R )
#(0.9167 0.5833 0.9167 0.0833 0.4167 0.0833 R )
#(0.9583 0.6667 0.9583 0.0417 0.3333 0.0417 R )
#(0.9583 0.7917 0.9583 0.0417 0.2083 0.0417 R )
#(1.0 1.0 1.0 0.0 0.0 0.0 B )
#(0.9792 0.8333 1.0 0.0208 0.1667 0.0 R )
#(0.9375 0.9167 1.0 0.0625 0.0833 0.0 R )
#(0.9583 0.75 1.0 0.0417 0.25 0.0 R )
#(0.9167 1.0 1.0 0.0833 0.0 0.0 L )
#(0.6667 0.6667 0.6667 0.25 0.25 0.25 B )
