41
;
#(5 14 1 0 0 0 0 0 0 0 )
#(6 10 5 0 0 0 0 0 0 0 )
#(18 13 2 0 0 0 0 0 0 0 )
#(17 10 3 0 0 0 0 0 0 0 )
#(23 18 0 0 0 0 0 0 0 0 )
#(36 4 8 0 0 0 0 0 0 0 )
#(24 7 9 0 1 0 0 0 0 0 )
#(3 34 0 0 0 0 0 0 0 0 )
#(19 23 1 0 0 0 0 0 0 0 )
#(34 7 7 0 0 0 0 0 0 0 )
#(11 7 3 2 1 0 0 0 0 0 )
#(25 1 5 2 0 0 0 0 0 0 )
#(17 3 6 1 0 0 0 0 0 0 )
#(18 16 0 2 0 0 0 0 0 0 )
#(8 8 3 0 0 0 0 0 0 0 )
#(5 4 3 3 0 0 0 0 0 0 )
#(21 15 0 0 0 0 0 0 0 0 )
#(21 21 0 0 0 0 0 0 0 0 )
#(23 14 0 0 0 0 0 0 0 0 )
#(42 6 0 0 0 0 0 0 0 0 )
#(22 5 8 1 0 0 0 0 0 0 )
#(18 4 2 0 0 0 0 0 0 0 )
#(17 4 3 0 0 0 0 0 0 0 )
#(17 4 3 0 0 0 0 0 0 0 )
#(30 3 3 0 0 0 0 0 0 0 )
#(5 10 7 0 0 0 0 0 0 0 )
#(7 9 5 0 0 0 0 0 0 0 )
#(17 19 0 0 0 0 0 0 0 0 )
#(32 16 0 0 0 0 0 0 0 0 )
#(32 14 2 0 0 0 0 0 0 0 )
#(23 5 7 0 1 0 0 0 0 0 )
#(11 2 5 2 0 0 0 0 0 0 )
#(14 0 4 5 0 0 0 0 0 0 )
#(17 2 1 6 0 0 0 0 0 0 )
#(15 12 2 0 0 0 0 0 0 0 )
#(4 34 0 0 0 0 0 0 0 0 )
#(28 18 2 0 0 0 0 0 0 0 )
#(31 7 10 0 0 0 0 0 0 0 )
#(17 5 4 2 1 0 0 0 0 0 )
#(22 22 0 0 0 0 0 0 0 0 )
#(2 2 3 0 0 0 0 0 0 0 )
