209
;
#( 0 1 17 56 9 0 0 )
#( 0 4 40 38 0 0 0 )
#( 0 7 30 14 0 0 0 )
#( 0 0 14 64 2 0 0 )
#( 0 0 76 4 0 0 0 )
#( 0 3 33 36 5 0 0 )
#( 0 0 10 39 31 0 0 )
#( 0 7 19 41 12 0 0 )
#( 6 2 12 11 2 0 0 )
#( 4 0 22 18 0 0 0 )
#( 4 1 13 20 0 0 0 )
#( 3 3 14 56 9 0 0 )
#( 0 4 40 38 0 0 0 )
#( 0 5 30 25 6 0 0 )
#( 0 0 0 18 48 13 0 )
#( 0 0 18 50 12 0 0 )
#( 0 1 15 42 20 0 0 )
#( 0 2 6 37 25 4 0 )
#( 1 8 7 0 0 0 0 )
#( 0 0 0 1 23 0 0 )
#( 0 0 2 37 32 0 0 )
#( 2 6 11 14 6 4 0 )
#( 0 8 22 27 9 0 0 )
#( 4 4 4 0 21 0 0 )
#( 0 0 3 28 42 1 0 )
#( 0 0 7 33 20 1 0 )
#( 2 6 11 10 0 4 0 )
#( 0 0 0 24 27 0 0 )
#( 0 1 12 37 3 0 0 )
#( 0 5 22 24 21 0 0 )
#( 1 4 6 62 43 12 0 )
#( 3 4 11 66 54 14 0 )
#( 2 4 27 59 44 6 0 )
#( 0 14 17 31 16 4 0 )
#( 0 22 37 33 17 0 0 )
#( 0 3 16 44 37 3 0 )
#( 0 0 7 40 34 21 2 )
#( 0 22 41 45 21 4 0 )
#( 0 11 33 64 16 0 0 )
#( 0 0 0 24 36 11 0 )
#( 0 0 5 29 43 6 0 )
#( 0 4 19 25 26 0 0 )
#( 0 5 10 33 13 0 0 )
#( 0 16 22 28 10 0 0 )
#( 0 4 9 15 18 10 0 )
#( 8 11 30 45 11 2 0 )
#( 8 13 39 46 27 3 0 )
#( 2 6 43 64 45 8 0 )
#( 4 18 37 45 32 14 1 )
#( 6 16 13 16 25 16 0 )
#( 0 3 24 26 15 5 0 )
#( 8 7 16 40 30 6 0 )
#( 3 6 9 3 0 0 0 )
#( 0 8 20 12 1 0 0 )
#( 0 7 20 24 2 0 0 )
#( 0 2 17 22 9 0 0 )
#( 0 6 20 22 4 0 0 )
#( 0 15 18 20 1 0 0 )
#( 0 8 20 32 6 0 0 )
#( 0 13 20 26 2 0 0 )
#( 0 6 20 22 9 1 0 )
#( 0 4 25 22 0 0 0 )
#( 0 4 10 12 13 4 0 )
#( 0 4 9 22 16 5 0 )
#( 2 6 15 29 5 0 0 )
#( 0 6 10 28 17 1 0 )
#( 0 0 7 21 27 2 0 )
#( 0 4 14 28 33 0 0 )
#( 0 12 21 44 7 0 0 )
#( 0 4 20 38 19 0 0 )
#( 1 12 20 41 8 0 0 )
#( 1 5 9 17 11 6 0 )
#( 0 0 0 30 16 7 0 )
#( 0 4 19 28 2 0 0 )
#( 4 14 26 19 0 0 0 )
#( 0 5 18 37 18 0 0 )
#( 0 0 6 24 36 6 0 )
#( 0 0 4 22 24 2 0 )
#( 0 0 3 18 24 6 0 )
#( 0 0 3 20 25 8 0 )
#( 0 5 14 20 14 2 0 )
#( 0 2 19 24 3 0 0 )
#( 0 9 18 21 5 0 0 )
#( 0 24 16 8 0 0 0 )
#( 0 20 37 3 0 0 0 )
#( 0 11 22 45 1 0 0 )
#( 0 0 1 25 13 0 0 )
#( 0 0 5 19 21 5 0 )
#( 0 2 7 14 15 7 0 )
#( 2 7 4 4 6 19 10 )
#( 4 12 5 12 21 8 0 )
#( 2 4 2 2 6 5 3 )
#( 0 0 3 11 46 14 0 )
#( 0 6 22 41 26 0 0 )
#( 0 6 24 40 18 0 0 )
#( 2 8 24 34 17 0 0 )
#( 2 5 10 41 19 0 0 )
#( 0 0 6 39 32 6 0 )
#( 1 10 16 19 3 0 0 )
#( 1 1 13 31 24 0 0 )
#( 4 5 16 27 33 3 0 )
#( 1 6 30 17 0 0 0 )
#( 2 3 28 31 2 0 0 )
#( 0 0 9 46 32 17 0 )
#( 0 3 19 33 5 1 0 )
#( 0 3 18 31 4 0 0 )
#( 0 0 3 22 22 0 0 )
#( 0 8 18 32 16 0 0 )
#( 0 5 22 34 23 0 0 )
#( 1 5 25 35 8 0 0 )
#( 1 1 9 23 19 0 0 )
#( 0 0 4 23 19 0 0 )
#( 2 2 9 15 19 13 0 )
#( 2 2 6 11 21 12 0 )
#( 0 21 10 1 3 0 0 )
#( 0 2 21 27 3 0 0 )
#( 1 2 9 33 27 8 0 )
#( 1 1 13 31 24 0 0 )
#( 4 5 16 28 33 3 0 )
#( 2 2 5 3 2 0 0 )
#( 1 5 10 13 9 0 0 )
#( 0 12 28 0 0 0 0 )
#( 0 16 23 19 0 0 0 )
#( 0 17 26 2 0 0 0 )
#( 1 16 18 19 0 0 0 )
#( 0 8 25 17 1 0 0 )
#( 1 2 14 34 2 2 0 )
#( 0 6 16 16 1 0 0 )
#( 2 5 15 34 1 1 0 )
#( 1 1 10 28 14 0 0 )
#( 0 8 16 0 0 0 0 )
#( 0 8 18 5 0 0 0 )
#( 0 8 17 7 0 0 0 )
#( 2 9 13 5 0 0 0 )
#( 0 8 15 6 0 0 0 )
#( 0 6 14 16 18 0 0 )
#( 0 1 11 22 12 0 0 )
#( 0 0 8 19 8 0 0 )
#( 0 3 19 11 9 0 0 )
#( 0 1 8 15 10 1 0 )
#( 0 7 9 16 6 0 0 )
#( 0 9 6 17 0 0 0 )
#( 0 5 8 18 0 0 0 )
#( 0 17 26 2 0 0 0 )
#( 1 16 18 19 0 0 0 )
#( 0 8 25 17 1 0 0 )
#( 1 2 14 34 2 2 0 )
#( 0 6 18 14 1 0 0 )
#( 2 4 18 34 1 1 0 )
#( 1 1 10 29 14 0 0 )
#( 0 8 16 0 0 0 0 )
#( 6 9 11 0 0 0 0 )
#( 0 15 4 0 0 0 0 )
#( 11 8 0 0 0 0 0 )
#( 2 0 18 20 2 0 0 )
#( 0 8 8 11 0 0 0 )
#( 6 5 8 16 0 0 0 )
#( 4 4 16 16 1 0 0 )
#( 4 4 16 19 4 0 0 )
#( 6 25 5 1 0 0 0 )
#( 4 12 24 31 0 0 0 )
#( 10 14 13 0 0 0 0 )
#( 11 16 12 5 1 0 0 )
#( 2 8 33 7 4 0 0 )
#( 0 0 32 10 0 0 0 )
#( 0 20 21 6 0 0 0 )
#( 1 15 14 17 0 0 0 )
#( 2 11 6 15 10 0 0 )
#( 4 5 8 22 11 0 0 )
#( 19 5 4 15 1 0 0 )
#( 10 3 6 3 0 0 0 )
#( 2 0 8 0 2 0 0 )
#( 0 0 0 0 0 0 0 )
#( 0 2 9 21 3 0 0 )
#( 0 6 21 30 7 0 0 )
#( 1 8 23 27 5 0 0 )
#( 3 3 16 32 15 1 0 )
#( 1 11 28 28 11 0 0 )
#( 0 10 22 51 31 7 0 )
#( 0 12 25 31 8 1 0 )
#( 0 6 7 14 18 3 0 )
#( 0 0 30 38 13 6 0 )
#( 0 0 3 10 9 5 0 )
#( 0 0 11 24 8 0 0 )
#( 0 0 13 21 10 0 0 )
#( 0 7 17 16 6 0 0 )
#( 0 6 18 13 11 0 0 )
#( 1 6 23 20 11 2 0 )
#( 3 7 14 21 21 0 0 )
#( 3 7 15 11 17 6 0 )
#( 1 4 22 14 8 3 0 )
#( 0 2 10 22 19 1 0 )
#( 1 2 8 21 29 0 0 )
#( 0 0 2 19 30 0 0 )
#( 0 3 17 15 21 5 0 )
#( 1 1 4 21 10 0 0 )
#( 1 3 17 29 14 0 0 )
#( 1 5 15 20 14 1 0 )
#( 0 2 9 25 16 1 0 )
#( 0 0 0 18 12 12 0 )
#( 0 4 26 26 14 16 0 )
#( 0 0 4 20 16 8 0 )
#( 0 0 5 12 20 11 0 )
#( 0 6 14 15 6 1 0 )
#( 0 6 18 12 12 0 0 )
#( 1 8 13 22 9 0 0 )
#( 0 1 4 30 13 0 0 )
#( 1 1 3 8 26 3 0 )
#( 0 0 0 2 2 0 0 )
