209
;
#(23 0 6 0 12 9 0 15 0 9 0 9)
#(16 0 15 0 16 11 0 7 0 12 0 5)
#(8 0 8 0 13 8 0 0 8 0 1 5)
#(6 0 14 0 20 14 0 6 0 12 0 8)
#(2 2 6 0 18 20 2 8 8 6 2 6)
#(10 2 10 0 17 3 5 10 4 6 0 10)
#(8 4 6 0 22 0 10 18 0 2 6 4)
#(9 0 11 0 17 3 2 15 0 3 13 6)
#(4 0 3 3 0 0 0 14 0 6 0 3)
#(10 0 8 0 4 4 0 9 0 2 0 7)
#(6 0 4 0 4 6 0 5 0 5 0 8)
#(19 0 6 0 12 9 0 21 0 9 0 9)
#(16 0 15 0 16 10 0 7 0 13 1 4)
#(18 0 8 0 17 7 0 0 15 0 1 0)
#(21 0 12 5 10 8 0 10 6 5 0 2)
#(18 0 15 5 11 8 0 9 6 5 0 3)
#(16 1 11 2 14 6 2 11 0 6 3 6)
#(18 1 1 2 26 0 2 13 0 2 3 6)
#(6 0 1 0 3 2 0 1 0 2 0 1)
#(0 0 2 0 1 8 0 4 2 2 1 4)
#(3 0 14 0 15 13 1 10 7 2 3 3)
#(5 0 4 0 8 3 1 15 0 2 0 5)
#(9 0 14 0 9 0 11 6 0 8 0 9)
#(2 0 9 0 0 3 0 4 3 4 0 8)
#(3 11 0 6 7 0 13 0 12 11 3 8)
#(3 7 7 1 10 8 7 6 6 1 4 1)
#(5 0 2 0 5 3 0 14 0 1 0 3)
#(8 0 6 0 12 4 0 9 2 4 0 6)
#(6 0 10 0 7 7 0 8 1 9 0 5)
#(21 0 7 0 15 10 0 11 0 8 0 0)
#(22 0 17 0 18 17 0 7 0 35 3 9)
#(9 0 29 0 12 40 0 8 2 33 0 19)
#(21 0 19 0 2 40 0 13 0 42 0 5)
#(15 0 4 6 14 2 0 31 0 1 4 5)
#(19 0 12 0 23 13 5 14 0 15 0 8)
#(11 3 9 6 13 13 0 23 0 13 6 6)
#(15 0 15 19 0 7 0 29 0 2 16 1)
#(25 0 25 11 4 4 2 20 0 28 14 0)
#(10 0 36 0 2 22 0 24 0 20 0 10)
#(8 0 13 0 12 16 0 4 6 5 1 6)
#(11 0 14 0 12 9 0 11 1 13 0 12)
#(15 0 8 0 16 8 0 11 0 11 1 4)
#(13 0 11 0 15 3 0 7 0 10 0 2)
#(15 0 1 3 17 2 0 22 0 4 2 10)
#(11 0 0 7 11 0 0 19 0 0 6 2)
#(14 4 6 2 18 3 1 25 0 15 0 19)
#(15 10 14 8 11 5 3 28 0 22 0 20)
#(21 0 22 0 30 10 6 34 0 26 0 19)
#(12 8 30 7 8 14 11 19 3 24 7 8)
#(2 0 24 0 15 4 4 15 0 13 8 7)
#(6 4 7 8 5 5 8 11 1 4 8 6)
#(12 4 4 10 4 4 4 30 0 14 6 16)
#(10 0 0 0 6 0 0 6 0 0 0 0)
#(12 0 3 5 0 6 0 11 3 0 1 0)
#(9 0 9 8 0 6 0 13 3 0 4 1)
#(9 0 3 8 0 7 0 5 10 0 8 0)
#(6 0 13 7 0 1 4 4 5 4 8 0)
#(4 0 11 6 0 10 0 9 2 1 8 3)
#(5 1 9 10 0 15 0 7 5 0 14 0)
#(12 3 2 16 0 7 0 6 8 0 7 0)
#(14 0 3 8 0 11 0 8 10 0 2 2)
#(15 0 8 3 0 4 4 3 4 5 5 0)
#(8 0 4 5 0 5 2 9 2 2 3 3)
#(14 0 4 7 0 6 2 8 1 7 7 0)
#(4 2 12 2 1 12 0 8 0 7 9 0)
#(10 0 8 0 4 11 0 9 0 10 10 0)
#(10 0 8 4 3 5 0 10 7 3 7 0)
#(15 0 5 14 0 8 0 20 7 0 10 0)
#(5 9 2 18 0 7 6 7 17 0 5 8)
#(7 8 6 13 0 9 0 14 13 0 10 1)
#(25 0 2 16 0 10 0 18 0 5 6 0)
#(6 1 11 3 0 5 4 5 0 14 0 0)
#(13 0 4 0 11 2 0 7 0 9 0 7)
#(5 0 7 1 6 7 0 12 0 8 0 7)
#(20 0 4 4 9 0 2 8 9 4 0 3)
#(0 0 25 0 5 8 0 4 1 2 28 5)
#(0 0 17 0 10 4 0 4 8 2 19 8)
#(8 0 6 0 4 10 0 4 4 8 0 8)
#(2 0 9 4 2 4 0 12 2 2 0 14)
#(10 0 1 13 0 3 0 18 3 1 3 4)
#(8 0 4 8 0 7 0 14 7 0 5 2)
#(8 0 3 9 0 7 0 5 8 0 8 0)
#(6 0 13 6 0 4 4 5 2 5 8 0)
#(0 4 16 4 0 4 0 12 0 0 2 6)
#(19 0 6 12 0 7 0 1 15 0 0 0)
#(25 0 6 10 0 8 0 2 25 0 3 0)
#(8 0 7 0 0 8 0 0 10 0 6 0)
#(15 0 2 8 0 4 4 6 4 2 5 0)
#(12 0 0 9 0 4 0 8 0 8 4 0)
#(14 0 5 0 0 11 0 14 0 4 0 4)
#(27 0 0 0 0 9 0 18 0 8 0 0)
#(13 0 0 1 0 3 0 4 0 3 0 0)
#(0 0 7 0 9 15 0 16 0 16 0 11)
#(19 0 12 0 18 9 1 18 0 12 0 6)
#(20 0 14 0 16 6 2 12 0 16 0 2)
#(12 0 19 0 10 4 1 18 0 10 0 11)
#(15 0 11 0 6 4 0 16 0 10 11 4)
#(22 0 13 0 10 2 4 14 0 15 0 3)
#(12 0 2 1 6 1 0 15 0 9 0 3)
#(8 5 7 2 8 6 0 10 5 8 0 11)
#(9 5 11 2 18 9 0 10 9 2 0 13)
#(15 0 6 0 5 5 0 7 0 5 11 0)
#(15 0 7 0 7 12 0 8 0 8 9 0)
#(18 0 14 0 19 9 0 9 4 8 16 7)
#(6 4 7 2 11 2 10 2 5 3 4 5)
#(4 5 7 5 6 2 9 1 9 1 1 6)
#(8 2 0 9 0 2 6 2 12 0 6 0)
#(20 0 4 3 14 6 2 10 4 8 1 2)
#(15 0 13 0 15 8 2 14 0 12 0 5)
#(10 0 20 0 11 1 2 12 0 7 4 7)
#(4 0 11 0 7 5 0 5 2 7 10 2)
#(6 1 5 0 5 7 0 8 0 9 0 5)
#(13 0 4 0 11 2 0 18 0 9 0 3)
#(4 0 12 0 4 9 0 12 0 2 11 0)
#(4 0 4 2 0 5 0 10 0 6 4 0)
#(7 1 6 4 4 6 0 12 0 8 3 2)
#(13 0 8 0 9 10 0 21 0 9 0 10)
#(8 5 7 2 8 6 0 10 5 8 0 11)
#(9 5 11 2 19 9 0 10 9 2 0 13)
#(9 0 0 0 2 0 0 3 0 0 0 0)
#(6 0 8 0 1 8 0 8 6 0 0 1)
#(14 0 6 0 6 0 0 14 0 0 0 0)
#(15 0 10 0 4 6 0 17 5 1 0 0)
#(12 0 8 0 4 4 0 13 1 1 0 2)
#(11 0 8 0 4 6 0 13 5 5 0 2)
#(6 1 7 9 4 1 2 7 1 2 10 1)
#(6 0 6 0 4 8 0 21 0 4 0 6)
#(5 0 2 0 4 2 0 10 0 11 0 5)
#(6 0 5 0 6 8 0 19 0 8 0 7)
#(10 0 8 0 5 6 0 12 8 2 0 3)
#(8 0 4 0 4 0 0 8 0 0 0 0)
#(4 0 4 4 3 2 3 5 1 1 4 0)
#(5 1 2 5 4 1 1 9 0 2 0 2)
#(5 1 3 3 3 3 2 6 0 1 0 2)
#(5 1 2 4 3 1 1 8 0 2 0 2)
#(1 0 8 3 2 12 5 4 4 6 1 8)
#(7 0 0 3 12 1 2 10 4 5 1 1)
#(5 0 5 2 3 4 0 6 0 4 0 6)
#(3 1 4 5 2 7 1 8 2 5 1 3)
#(2 0 0 3 9 2 2 7 2 5 1 2)
#(6 0 4 0 4 7 0 6 0 7 0 4)
#(3 0 3 0 7 5 0 8 0 4 0 2)
#(0 2 3 0 11 2 1 2 0 5 0 5)
#(12 0 8 0 4 4 0 13 1 1 0 2)
#(11 0 8 0 4 6 0 13 5 5 0 2)
#(6 1 7 8 5 2 1 7 1 2 10 1)
#(6 0 6 0 4 8 0 21 0 4 0 6)
#(3 1 4 0 4 1 1 9 2 7 3 4)
#(7 0 5 0 7 8 0 19 0 8 0 7)
#(9 0 8 0 6 6 0 13 8 2 0 3)
#(8 0 4 0 4 0 0 8 0 0 0 0)
#(9 0 4 0 4 2 0 5 2 0 0 0)
#(0 0 4 0 6 0 0 6 0 3 0 0)
#(0 0 4 0 2 0 0 3 0 6 0 4)
#(11 0 0 0 0 0 1 9 0 12 0 9)
#(4 0 0 1 0 1 1 7 0 9 0 4)
#(3 0 6 1 6 0 0 10 1 8 0 0)
#(4 0 9 0 10 0 0 12 0 5 0 1)
#(4 0 11 0 9 0 0 10 0 10 0 3)
#(12 0 3 0 0 1 0 3 0 2 15 1)
#(14 1 6 6 1 5 0 9 9 0 20 0)
#(5 8 0 2 0 3 2 0 0 4 5 8)
#(0 12 0 8 0 8 0 2 0 4 0 11)
#(4 11 1 10 0 2 1 5 4 7 2 7)
#(1 7 0 14 0 1 5 0 0 8 0 6)
#(5 0 0 21 2 1 3 8 7 0 0 0)
#(16 2 3 1 4 16 0 1 2 1 1 0)
#(13 1 2 1 4 8 0 7 0 4 0 4)
#(7 0 9 0 10 0 0 10 0 8 0 6)
#(7 0 5 0 5 0 0 7 0 8 3 9)
#(0 0 4 0 6 0 0 3 2 3 4 0)
#(3 0 1 1 2 1 0 4 0 3 0 0)
#(1 0 0 0 0 0 0 0 0 0 0 0)
#(13 0 0 0 6 2 0 7 0 6 0 1)
#(7 2 5 0 19 1 1 11 1 10 1 6)
#(15 0 5 0 9 6 1 17 0 8 1 2)
#(15 0 9 0 9 12 0 10 0 8 3 4)
#(4 5 8 0 21 4 10 2 0 18 0 7)
#(19 3 12 0 18 11 5 15 0 31 0 7)
#(21 0 4 0 15 7 0 14 0 15 0 1)
#(16 0 2 0 9 6 0 6 0 8 0 1)
#(17 0 12 0 9 11 0 16 0 17 0 5)
#(10 0 0 0 6 0 0 11 0 0 0 0)
#(1 0 10 0 0 11 0 8 0 11 0 2)
#(3 0 7 0 4 8 0 10 0 7 0 5)
#(10 0 3 0 11 2 0 10 0 6 0 4)
#(4 0 8 0 7 6 0 7 0 10 0 6)
#(7 0 14 0 12 4 0 11 0 4 7 4)
#(15 0 9 0 10 10 0 5 0 8 8 1)
#(15 0 3 0 10 8 0 2 5 15 0 1)
#(16 0 6 0 12 0 1 0 5 10 0 2)
#(0 0 16 0 2 2 1 19 0 1 9 4)
#(0 8 10 0 11 2 0 11 0 10 9 0)
#(2 0 1 7 10 0 0 16 0 2 1 12)
#(6 0 6 1 5 15 2 12 0 9 0 5)
#(8 0 0 4 6 0 4 1 0 6 0 8)
#(11 0 2 6 9 1 8 2 0 11 0 14)
#(0 5 1 11 4 3 15 1 5 0 3 8)
#(8 0 4 0 9 5 0 16 0 6 0 5)
#(9 0 10 5 0 2 0 8 0 4 0 4)
#(9 0 6 0 14 10 0 37 0 5 2 3)
#(10 0 5 0 8 3 0 12 0 1 7 2)
#(11 0 5 4 0 7 0 2 9 0 10 0)
#(4 0 4 9 0 3 0 11 2 0 9 0)
#(7 4 6 3 0 9 0 7 6 0 6 0)
#(9 8 2 2 1 9 0 6 10 0 4 2)
#(8 0 7 1 0 8 0 11 6 0 0 7)
#(5 0 6 6 0 5 0 8 5 0 3 4)
#(0 0 0 1 0 0 0 2 0 0 1 0)
