209
;
#(0.9844 0.875 1.0 0.0156 0.0 0.0 R )
#(0.75 0.75 0.9063 0.1563 0.25 0.0 B )
#(0.375 0.625 0.9063 0.5313 0.3438 0.0 L )
#(0.75 0.5 1.0 0.25 0.5 0.0 R )
#(0.75 0.5 1.0 0.25 0.5 0.0 R )
#(0.7344 0.625 0.8125 0.0781 0.1875 0.0 R )
#(0.6094 0.375 0.625 0.0156 0.1875 0.0 R )
#(0.8438 1.0 0.9375 0.0938 0.0 0.0 L )
#(0.8438 0.5 0.875 0.0313 0.0 0.0 R )
#(0.9375 1.0 1.0 0.0625 0.0 0.0 L )
#(0.9688 1.0 1.0 0.0313 0.0 0.0 L )
#(0.7656 0.625 0.7813 0.0156 0.0313 0.0 R )
#(0.75 0.75 0.9063 0.1563 0.25 0.0 B )
#(0.5 0.5 0.9063 0.4063 0.4375 0.0 B )
#(0.5 0.9688 1.0 0.5 0.0313 0.0 L )
#(0.5 1.0 1.0 0.5 0.0 0.0 L )
#(0.75 1.0 1.0 0.25 0.0 0.0 L )
#(0.75 1.0 1.0 0.25 0.0 0.0 L )
#(0.625 0.625 0.625 0.375 0.375 0.375 B )
#(1.0 0.0 1.0 0.0 1.0 0.0 R )
#(1.0 1.0 1.0 0.0 0.0 0.0 L )
#(0.875 0.625 0.875 0.125 0.375 0.125 R )
#(1.0 0.75 1.0 0.0 0.25 0.0 R )
#(0.8437 0.375 0.8437 0.1563 0.625 0.1563 R )
#(1.0 1.0 1.0 0.0 0.0 0.0 B )
#(1.0 0.8125 1.0 0.0 0.1875 0.0 R )
#(1.0 1.0 1.0 0.0 0.0 0.0 B )
#(0.8889 0.5833 0.8889 0.0 0.0833 0.0 R )
#(1.0 0.8333 1.0 0.0 0.1111 0.0 R )
#(0.9722 0.6944 0.9722 0.0 0.2778 0.0 R )
#(0.9583 1.0 1.0 0.0417 0.0 0.0 L )
#(0.9306 1.0 1.0 0.0694 0.0 0.0 L )
#(0.8611 1.0 1.0 0.1389 0.0 0.0 L )
#(1.0 1.0 1.0 0.0 0.0 0.0 B )
#(0.8472 0.4722 1.0 0.1528 0.0 0.0 R )
#(1.0 1.0 1.0 0.0 0.0 0.0 B )
#(1.0 1.0 1.0 0.0 0.0 0.0 B )
#(1.0 0.8333 1.0 0.0 0.0 0.0 R )
#(0.8056 0.5556 0.8056 0.0 0.0417 0.0 R )
#(0.9167 0.9444 1.0 0.0833 0.0 0.0 L )
#(1.0 0.6667 1.0 0.0 0.0 0.0 R )
#(0.9444 0.9167 1.0 0.0556 0.0 0.0 R )
#(0.9444 0.75 1.0 0.0556 0.0 0.0 R )
#(0.4722 0.4167 0.5 0.0278 0.0 0.0 R )
#(0.8333 0.6667 0.8333 0.0833 0.0833 0.0833 R )
#(0.8333 0.5 0.8333 0.0 0.0625 0.0 R )
#(0.9583 0.25 0.9583 0.0417 0.0 0.0417 R )
#(1.1667 0.8333 1.1667 0.0 0.0 0.0 R )
#(1.0833 0.875 1.0833 0.0 0.0417 0.0 R )
#(0.9583 0.75 0.9583 0.0417 0.0 0.0417 R )
#(1.0 1.0 1.0 0.0 0.0 0.0 B )
#(0.5833 0.5 0.6667 0.0833 0.0 0.0 R )
#(0.8889 0.5556 0.8889 0.1111 0.1111 0.1111 R )
#(0.5 1.0 1.0 0.5 0.0 0.0 L )
#(1.0 1.0 1.0 0.0 0.0 0.0 B )
#(1.0 0.9688 1.0 0.0 0.0313 0.0 R )
#(0.9688 1.0 1.0 0.0313 0.0 0.0 L )
#(0.9375 1.0 1.0 0.0625 0.0 0.0 L )
#(1.0 1.0 1.0 0.0 0.0 0.0 L )
#(0.8125 0.8125 0.8125 0.0 0.0 0.0 R )
#(1.0 1.0 1.0 0.0 0.0 0.0 B )
#(1.0 1.0 1.0 0.0 0.0 0.0 B )
#(0.875 0.5625 0.875 0.0 0.125 0.0 R )
#(1.0 0.75 1.0 0.0 0.25 0.0 R )
#(1.0 0.75 1.0 0.0 0.1563 0.0 R )
#(1.0 0.8125 1.0 0.0 0.1875 0.0 R )
#(1.0 0.75 1.0 0.0 0.25 0.0 R )
#(1.0 0.875 1.0 0.0 0.125 0.0 R )
#(1.0 1.0 1.0 0.0 0.0 0.0 B )
#(1.0 1.0 1.0 0.0 0.0 0.0 B )
#(1.0 1.0 1.0 0.0 0.0 0.0 B )
#(0.7188 0.625 0.7188 0.0 0.0 0.0 R )
#(1.0 1.0 1.0 0.0 0.0 0.0 B )
#(1.0 1.0 1.0 0.0 0.0 0.0 B )
#(1.0 1.0 1.0 0.0 0.0 0.0 B )
#(1.0 0.9063 1.0 0.0 0.0 0.0 R )
#(0.75 1.0 0.875 0.125 0.0 0.0 L )
#(0.5 1.0 0.75 0.25 0.0 0.0 L )
#(0.5 0.875 0.75 0.25 0.125 0.0 L )
#(0.875 0.875 0.9375 0.0625 0.125 0.0 B )
#(0.9688 1.0 1.0 0.0313 0.0 0.0 L )
#(1.0 0.9688 1.0 0.0 0.0313 0.0 R )
#(0.875 1.0 1.0 0.125 0.0 0.0 L )
#(1.0 1.0 1.0 0.0 0.0 0.0 B )
#(1.0 1.0 1.0 0.0 0.0 0.0 B )
#(1.0 1.0 1.0 0.0 0.0 0.0 B )
#(0.75 0.4688 0.9375 0.1875 0.0 0.0 R )
#(0.9375 0.7188 1.0 0.0625 0.1875 0.0 R )
#(0.875 0.6563 1.0 0.125 0.1563 0.0 R )
#(0.875 0.5313 0.875 0.0 0.0938 0.0 R )
#(0.7813 0.75 0.7813 0.0 0.0 0.0 R )
#(0.3438 0.0938 0.3438 0.6563 0.6563 0.6563 R )
#(1.0 1.0 1.0 0.0 0.0 0.0 L )
#(1.0 0.375 1.0 0.0 0.4375 0.0 R )
#(0.875 0.5313 0.9375 0.0625 0.3438 0.0 R )
#(0.9063 0.4688 1.0 0.0938 0.5313 0.0 R )
#(1.0 0.5938 1.0 0.0 0.4063 0.0 R )
#(1.0 0.5 1.0 0.0 0.375 0.0 R )
#(0.5625 0.5313 0.8125 0.4375 0.4688 0.1875 R )
#(0.9687 0.875 1.0 0.0313 0.125 0.0 R )
#(0.5938 0.4688 0.5938 0.4063 0.5313 0.4063 R )
#(0.8125 0.7813 0.8438 0.1875 0.2188 0.1563 R )
#(0.9688 0.875 1.0 0.0313 0.0 0.0 R )
#(1.0 1.0 1.0 0.0 0.0 0.0 B )
#(0.9688 0.5625 0.9688 0.0313 0.0 0.0313 R )
#(1.0 0.5 1.0 0.0 0.0 0.0 R )
#(1.0 1.0 1.0 0.0 0.0 0.0 L )
#(1.0 0.625 1.0 0.0 0.375 0.0 R )
#(0.9375 0.4063 0.9687 0.0313 0.5313 0.0 R )
#(0.8437 0.6563 0.9687 0.125 0.2813 0.0 R )
#(0.75 0.2813 0.75 0.0 0.2188 0.0 R )
#(0.25 0.3125 0.5 0.25 0.0625 0.0 L )
#(0.6875 0.875 0.9687 0.3125 0.0625 0.0313 L )
#(0.6563 0.7188 0.8437 0.3438 0.2813 0.1563 L )
#(0.5625 0.7813 0.875 0.4375 0.2188 0.125 L )
#(1.0 1.0 1.0 0.0 0.0 0.0 B )
#(1.0 1.0 1.0 0.0 0.0 0.0 L )
#(0.9687 0.7813 1.0 0.0313 0.2188 0.0 R )
#(0.6562 0.5 0.6562 0.3438 0.5 0.3438 R )
#(0.1875 0.1875 0.1875 0.8125 0.8125 0.8125 B )
#(0.9375 0.9375 0.9375 0.0625 0.0625 0.0625 B )
#(0.375 0.75 0.75 0.625 0.25 0.25 L )
#(0.875 1.0 1.0 0.125 0.0 0.0 L )
#(1.0 1.0 1.0 0.0 0.0 0.0 B )
#(1.0 1.0 1.0 0.0 0.0 0.0 B )
#(1.0 0.9375 1.0 0.0 0.0625 0.0 R )
#(0.9375 0.9375 0.9375 0.0625 0.0625 0.0625 B )
#(1.0 1.0 1.0 0.0 0.0 0.0 B )
#(0.9688 0.9688 0.9688 0.0313 0.0313 0.0313 B )
#(0.9688 0.9688 0.9688 0.0313 0.0313 0.0313 B )
#(0.25 0.625 0.625 0.75 0.375 0.375 L )
#(0.375 0.9375 0.9375 0.625 0.0625 0.0625 L )
#(0.375 1.0 1.0 0.625 0.0 0.0 L )
#(0.3125 0.9375 0.9375 0.6875 0.0625 0.0625 L )
#(0.3125 1.0 1.0 0.6875 0.0 0.0 L )
#(0.8125 0.9375 0.9375 0.1875 0.0625 0.0625 L )
#(0.8125 0.6875 0.8125 0.1875 0.3125 0.1875 R )
#(0.875 0.75 0.875 0.125 0.125 0.125 R )
#(0.875 0.9375 0.9375 0.125 0.0625 0.0625 L )
#(0.875 0.875 0.875 0.125 0.125 0.125 B )
#(1.0 1.0 1.0 0.0 0.0 0.0 B )
#(1.0 1.0 1.0 0.0 0.0 0.0 B )
#(1.0 0.5 1.0 0.0 0.5 0.0 R )
#(1.0 1.0 1.0 0.0 0.0 0.0 B )
#(1.0 1.0 1.0 0.0 0.0 0.0 B )
#(1.0 0.9375 1.0 0.0 0.0625 0.0 R )
#(0.9375 0.9375 0.9375 0.0625 0.0625 0.0625 B )
#(1.0 1.0 1.0 0.0 0.0 0.0 B )
#(1.0 0.9688 1.0 0.0 0.0313 0.0 R )
#(0.9688 0.9688 0.9688 0.0313 0.0313 0.0313 B )
#(0.25 0.625 0.625 0.75 0.375 0.375 L )
#(0.375 0.4375 0.4375 0.625 0.5625 0.5625 L )
#(0.0625 1.0 1.0 0.9375 0.0 0.0 L )
#(0.0625 1.0 1.0 0.9375 0.0 0.0 L )
#(1.0 1.0 1.0 0.0 0.0 0.0 B )
#(0.625 1.0 1.0 0.375 0.0 0.0 L )
#(0.5625 0.9375 0.9375 0.4375 0.0625 0.0625 L )
#(1.0 1.0 1.0 0.0 0.0 0.0 B )
#(1.0 1.0 1.0 0.0 0.0 0.0 B )
#(0.4688 1.0 1.0 0.5313 0.0 0.0 L )
#(0.75 1.0 1.0 0.25 0.0 0.0 L )
#(0.8125 1.0 1.0 0.1875 0.0 0.0 L )
#(1.0 1.0 1.0 0.0 0.0 0.0 B )
#(0.875 0.875 1.0 0.125 0.125 0.0 B )
#(1.0 0.8125 1.0 0.0 0.1875 0.0 R )
#(0.8438 1.0 1.0 0.1563 0.0 0.0 L )
#(1.0 0.875 1.0 0.0 0.0 0.0 R )
#(1.0 1.0 1.0 0.0 0.0 0.0 B )
#(1.0 1.0 1.0 0.0 0.0 0.0 B )
#(1.0 1.0 1.0 0.0 0.0 0.0 B )
#(0.9375 0.75 1.0 0.0625 0.25 0.0 R )
#(1.0 1.0 1.0 0.0 0.0 0.0 B )
#(0.0 0.25 0.25 1.0 0.75 0.75 L )
#(1.0 0.4583 1.0 0.0 0.5417 0.0 R )
#(1.0 0.8333 1.0 0.0 0.1667 0.0 R )
#(0.9583 1.0 1.0 0.0417 0.0 0.0 L )
#(1.0 1.0 1.0 0.0 0.0 0.0 B )
#(1.0 1.0 1.0 0.0 0.0 0.0 B )
#(1.0 1.0 1.0 0.0 0.0 0.0 B )
#(1.0 1.0 1.0 0.0 0.0 0.0 B )
#(1.0 1.0 1.0 0.0 0.0 0.0 B )
#(1.0 1.0 1.0 0.0 0.0 0.0 R )
#(0.7778 0.7778 0.7778 0.2222 0.2222 0.2222 B )
#(0.5 0.75 1.0 0.5 0.0 0.0 L )
#(1.0 0.25 1.0 0.0 0.0 0.0 R )
#(1.0 1.0 1.0 0.0 0.0 0.0 B )
#(1.0 1.0 1.0 0.0 0.0 0.0 B )
#(1.0 0.8125 1.0 0.0 0.0313 0.0 R )
#(1.0 0.9375 1.0 0.0 0.0 0.0 R )
#(0.9375 0.875 1.0 0.0625 0.0 0.0 R )
#(0.9375 0.8125 1.0 0.0625 0.0 0.0 R )
#(1.0 0.625 1.0 0.0 0.125 0.0 R )
#(1.0 0.75 1.0 0.0 0.0 0.0 R )
#(1.0 1.0 1.0 0.0 0.0 0.0 B )
#(1.0 0.875 1.0 0.0 0.0 0.0 R )
#(1.0 0.6875 1.0 0.0 0.3125 0.0 R )
#(1.0 0.625 1.0 0.0 0.0 0.0 R )
#(1.0 0.875 1.0 0.0 0.0 0.0 R )
#(1.0 1.0 1.0 0.0 0.0 0.0 B )
#(1.0 1.0 1.0 0.0 0.0 0.0 L )
#(1.0 0.875 1.0 0.0 0.0 0.0 R )
#(0.8333 0.3333 0.8438 0.0417 0.2917 0.0 R )
#(1.0 0.0 1.0 0.0 0.0 0.0 R )
#(1.0 0.75 1.0 0.0 0.0 0.0 R )
#(1.0 1.0 1.0 0.0 0.0 0.0 B )
#(1.0 0.875 1.0 0.0 0.0 0.0 R )
#(1.0 1.0 1.0 0.0 0.0 0.0 B )
#(1.0 1.0 1.0 0.0 0.0 0.0 B )
#(1.0 1.0 1.0 0.0 0.0 0.0 B )
