209
;
#(54 4 3 3 0 0 0 0 0 0 )
#(55 1 7 1 0 0 0 0 0 0 )
#(49 1 0 0 0 0 0 0 0 0 )
#(48 16 0 0 0 0 0 0 0 0 )
#(48 16 0 0 0 0 0 0 0 0 )
#(32 17 2 0 1 0 0 0 0 0 )
#(31 15 5 1 0 0 0 0 0 0 )
#(52 9 3 0 0 0 0 0 0 0 )
#(10 5 0 2 1 0 0 0 0 0 )
#(25 2 5 0 0 0 0 0 0 0 )
#(28 2 2 0 0 0 0 0 0 0 )
#(30 12 4 2 1 1 0 0 0 0 )
#(55 1 7 1 0 0 0 0 0 0 )
#(64 1 0 0 0 0 0 0 0 0 )
#(49 15 0 0 0 0 0 0 0 0 )
#(48 16 0 0 0 0 0 0 0 0 )
#(50 14 0 0 0 0 0 0 0 0 )
#(54 10 0 0 0 0 0 0 0 0 )
#(0 2 0 3 0 0 0 0 0 0 )
#(17 2 1 0 0 0 0 0 0 0 )
#(37 2 10 0 0 0 0 0 0 0 )
#(16 2 1 3 0 0 0 1 0 0 )
#(24 1 4 7 0 0 0 0 0 0 )
#(17 2 0 1 0 0 0 1 0 0 )
#(31 7 7 2 0 0 0 0 0 0 )
#(26 2 6 2 1 0 0 0 0 0 )
#(6 2 1 3 0 0 0 1 0 0 )
#(3 15 2 3 0 0 0 0 0 0 )
#(21 1 2 6 0 0 0 0 0 0 )
#(2 8 4 3 0 0 3 0 1 0 )
#(2 9 0 2 1 11 3 1 0 0 )
#(1 3 3 2 1 11 7 1 0 0 )
#(0 6 4 2 4 8 6 0 0 0 )
#(28 4 0 4 0 0 2 2 0 0 )
#(30 15 7 3 2 1 0 0 0 0 )
#(56 5 7 4 0 0 0 0 0 0 )
#(52 11 6 3 0 0 0 0 0 0 )
#(30 19 4 12 1 0 0 0 0 0 )
#(31 13 7 4 6 0 0 0 0 0 )
#(42 4 7 0 0 0 0 0 0 0 )
#(18 10 7 4 0 0 0 1 0 0 )
#(17 6 4 2 1 1 2 0 0 0 )
#(5 10 6 2 2 0 0 0 0 0 )
#(17 12 1 2 2 1 0 1 0 0 )
#(26 3 4 1 0 0 0 1 0 0 )
#(5 1 4 4 0 4 3 2 0 1 )
#(7 4 7 7 3 3 2 2 1 0 )
#(3 6 3 7 0 3 10 1 1 1 )
#(1 10 2 5 3 2 7 1 1 1 )
#(2 2 12 2 0 0 6 0 0 0 )
#(0 5 11 0 6 0 0 0 0 0 )
#(0 3 3 10 3 5 0 1 0 0 )
#(0 0 1 1 0 0 1 1 0 0 )
#(23 9 0 0 0 0 0 0 0 0 )
#(14 15 3 0 0 0 0 0 0 0 )
#(17 12 3 0 0 0 0 0 0 0 )
#(20 5 6 1 0 0 0 0 0 0 )
#(21 0 11 0 0 0 0 0 0 0 )
#(22 0 12 2 0 0 0 0 0 0 )
#(19 7 4 4 0 0 0 0 0 0 )
#(20 12 2 2 0 0 0 0 0 0 )
#(16 13 3 0 0 0 0 0 0 0 )
#(21 6 2 1 0 0 0 0 0 0 )
#(26 3 4 3 0 0 0 0 0 0 )
#(25 3 6 2 0 0 0 0 0 0 )
#(23 4 5 4 0 0 0 0 0 0 )
#(21 5 6 2 0 0 0 0 0 0 )
#(14 2 3 13 0 0 0 0 0 0 )
#(15 0 0 16 1 0 0 0 0 0 )
#(14 1 3 14 0 0 0 0 0 0 )
#(16 0 0 14 2 0 0 0 0 0 )
#(10 7 4 2 1 0 0 0 0 0 )
#(22 5 7 0 0 0 0 0 0 0 )
#(17 9 6 0 0 0 0 0 0 0 )
#(20 3 7 4 0 0 0 0 0 0 )
#(15 0 6 10 1 0 0 0 0 0 )
#(13 6 5 8 0 0 0 0 0 0 )
#(16 12 4 0 0 0 0 0 0 0 )
#(16 13 3 0 0 0 0 0 0 0 )
#(14 12 6 0 0 0 0 0 0 0 )
#(15 11 6 0 0 0 0 0 0 0 )
#(17 14 1 0 0 0 0 0 0 0 )
#(22 0 9 1 0 0 0 0 0 0 )
#(24 0 8 0 0 0 0 0 0 0 )
#(27 6 7 0 0 0 0 0 0 0 )
#(23 4 6 5 2 0 0 0 0 0 )
#(28 1 3 0 0 0 0 0 0 0 )
#(25 3 5 1 0 0 0 0 0 0 )
#(31 3 0 2 0 0 0 0 0 0 )
#(23 5 0 1 3 0 0 0 0 0 )
#(9 8 2 0 5 1 0 0 0 0 )
#(8 0 0 1 0 2 0 0 0 0 )
#(60 1 0 3 0 0 0 0 0 0 )
#(43 0 6 4 0 3 0 0 0 0 )
#(39 1 9 5 0 0 0 0 0 0 )
#(28 4 4 4 3 1 0 0 0 0 )
#(29 10 0 3 2 1 0 0 0 0 )
#(35 6 1 2 5 0 0 0 0 0 )
#(34 1 0 0 0 1 1 0 0 0 )
#(30 1 1 1 2 0 3 0 0 0 )
#(13 0 5 0 0 0 4 4 0 0 )
#(14 4 0 8 0 0 0 0 0 0 )
#(13 3 9 5 0 0 0 0 0 0 )
#(13 0 4 0 11 4 0 0 0 0 )
#(16 4 11 1 0 0 0 0 0 0 )
#(20 8 5 0 1 0 0 0 0 0 )
#(31 5 2 0 0 0 0 0 0 0 )
#(36 2 6 4 0 0 0 0 0 0 )
#(32 1 10 5 0 0 0 0 0 0 )
#(29 4 7 4 0 0 0 0 0 0 )
#(20 5 1 1 2 1 0 0 0 0 )
#(14 12 0 2 0 0 0 0 0 0 )
#(29 10 2 0 1 0 0 0 0 0 )
#(27 8 2 0 1 0 0 0 0 0 )
#(21 7 0 0 0 0 0 0 0 0 )
#(16 11 5 0 0 0 0 0 0 0 )
#(21 4 1 0 7 1 1 0 0 0 )
#(30 0 2 1 2 1 2 0 0 0 )
#(13 0 5 0 0 0 3 5 0 0 )
#(0 0 2 0 0 0 0 1 0 0 )
#(0 17 0 1 0 0 0 0 0 0 )
#(0 8 0 6 0 0 0 0 0 0 )
#(6 3 7 5 1 0 0 0 0 0 )
#(4 10 7 0 0 0 0 0 0 0 )
#(6 5 7 3 1 0 0 0 0 0 )
#(5 4 7 3 1 0 0 0 0 0 )
#(1 7 1 8 1 0 0 0 0 0 )
#(12 0 1 6 0 0 0 0 0 0 )
#(0 12 1 8 0 0 0 0 0 0 )
#(0 11 0 5 0 2 0 0 0 0 )
#(0 4 0 4 0 0 0 0 0 0 )
#(4 3 3 3 0 0 0 0 0 0 )
#(5 2 5 2 0 0 0 0 0 0 )
#(8 2 3 2 0 0 0 0 0 0 )
#(5 2 4 2 0 0 0 0 0 0 )
#(5 0 3 1 0 6 0 0 0 0 )
#(1 1 1 1 0 6 0 0 0 0 )
#(5 6 2 3 0 0 0 0 0 0 )
#(7 1 1 3 0 3 0 0 0 0 )
#(2 4 1 1 0 3 0 0 0 0 )
#(16 3 1 2 1 0 0 0 0 0 )
#(14 1 0 4 0 0 0 0 0 0 )
#(15 1 2 2 0 0 0 0 0 0 )
#(4 10 7 0 0 0 0 0 0 0 )
#(6 5 7 3 1 0 0 0 0 0 )
#(5 4 7 3 1 0 0 0 0 0 )
#(1 7 1 8 1 0 0 0 0 0 )
#(12 0 1 6 0 0 0 0 0 0 )
#(0 13 1 8 0 0 0 0 0 0 )
#(0 11 0 4 1 2 0 0 0 0 )
#(0 4 0 4 0 0 0 0 0 0 )
#(0 6 2 2 0 0 0 0 0 0 )
#(15 2 0 0 0 0 0 0 0 0 )
#(17 1 0 0 0 0 0 0 0 0 )
#(0 1 0 6 2 1 0 0 0 0 )
#(3 3 0 2 2 0 0 0 0 0 )
#(3 0 4 5 0 0 0 0 0 0 )
#(8 6 7 0 0 0 0 0 0 0 )
#(6 6 3 0 4 0 0 0 0 0 )
#(7 12 2 0 0 0 0 0 0 0 )
#(4 0 6 11 1 0 0 0 0 0 )
#(17 3 2 2 0 0 0 0 0 0 )
#(25 3 2 2 0 0 0 0 0 0 )
#(17 7 5 2 0 0 0 0 0 0 )
#(6 6 8 0 0 0 0 0 0 0 )
#(21 7 4 0 0 0 0 0 0 0 )
#(11 3 3 4 1 0 0 0 0 0 )
#(13 6 1 4 0 0 0 0 0 0 )
#(11 6 3 2 2 0 0 0 0 0 )
#(17 3 2 0 3 0 0 0 0 0 )
#(11 3 0 0 1 0 0 0 0 0 )
#(3 0 4 0 0 0 0 0 0 0 )
#(1 0 0 0 0 0 0 0 0 0 )
#(20 0 0 0 3 0 0 0 0 0 )
#(9 0 0 1 5 2 2 0 0 0 )
#(22 3 0 2 4 0 0 1 0 0 )
#(24 2 3 4 0 0 0 1 1 0 )
#(15 11 0 1 5 1 1 0 0 0 )
#(7 8 1 1 7 3 2 3 0 0 )
#(1 0 0 1 13 0 1 0 0 0 )
#(18 1 0 0 0 2 0 2 0 0 )
#(12 10 6 7 0 0 0 0 1 0 )
#(0 0 0 0 0 0 1 0 1 1 )
#(20 8 1 1 0 0 0 0 0 0 )
#(30 7 0 0 0 0 0 0 0 0 )
#(20 10 2 0 0 0 0 0 0 0 )
#(16 16 0 0 0 0 0 0 0 0 )
#(20 5 7 3 0 0 0 0 0 0 )
#(18 5 2 8 0 0 0 0 0 0 )
#(14 9 3 2 2 0 0 0 0 0 )
#(20 3 6 2 0 0 0 0 0 0 )
#(18 9 2 3 0 0 0 0 0 0 )
#(16 9 2 4 1 0 0 0 0 0 )
#(21 7 0 4 0 0 0 0 0 0 )
#(23 6 1 2 3 0 0 0 0 0 )
#(5 2 0 7 0 0 0 0 0 0 )
#(9 7 1 4 2 2 0 0 0 0 )
#(5 2 5 8 0 0 0 0 0 0 )
#(4 0 7 7 0 0 0 0 0 0 )
#(10 2 4 4 0 0 0 0 0 0 )
#(23 12 3 2 3 0 1 0 0 0 )
#(29 5 3 0 0 0 0 0 0 0 )
#(22 13 0 0 0 0 0 0 0 0 )
#(26 5 2 0 0 0 0 0 0 0 )
#(16 16 0 0 0 0 0 0 0 0 )
#(6 14 5 1 0 0 0 0 0 0 )
#(3 0 7 6 0 0 0 0 0 0 )
#(10 0 4 5 0 0 0 0 0 0 )
#(0 0 0 1 0 0 0 0 0 0 )
