281
;
#(67 79 43 55 12 12 36 )
#(66 79 38 60 13 22 41 )
#(69 86 54 62 17 8 32 )
#(67 81 38 65 14 27 43 )
#(67 79 55 65 12 10 24 )
#(55 79 43 63 24 20 36 )
#(55 67 36 48 12 12 31 )
#(59 74 43 55 15 12 31 )
#(64 81 48 55 17 7 33 )
#(60 69 36 55 9 19 33 )
#(65 77 48 60 12 12 29 )
#(64 81 48 62 17 14 33 )
#(62 79 36 60 17 24 43 )
#(60 75 53 60 15 7 22 )
#(64 77 48 62 13 14 29 )
#(62 77 36 60 15 24 41 )
#(65 74 41 57 9 16 33 )
#(67 79 48 55 12 7 31 )
#(72 79 43 55 7 12 36 )
#(67 79 48 55 12 7 31 )
#(72 79 43 55 7 12 36 )
#(62 72 60 60 10 0 12 )
#(64 84 50 60 20 10 34 )
#(66 86 55 60 20 5 31 )
#(77 86 55 62 9 7 31 )
#(67 79 48 62 12 14 31 )
#(67 79 48 55 12 7 31 )
#(72 79 43 55 7 12 36 )
#(67 79 48 55 12 7 31 )
#(64 77 43 60 13 17 34 )
#(60 79 48 60 19 12 31 )
#(59 69 43 60 10 17 26 )
#(60 79 48 60 19 12 31 )
#(59 72 43 55 13 12 29 )
#(76 84 48 55 8 7 36 )
#(71 79 54 62 8 8 25 )
#(71 83 55 66 12 11 28 )
#(69 81 50 62 12 12 31 )
#(69 86 50 62 17 12 36 )
#(66 86 45 62 20 17 41 )
#(74 81 38 50 7 12 43 )
#(69 81 45 62 12 17 36 )
#(69 81 45 60 12 15 36 )
#(62 74 38 52 12 14 36 )
#(64 79 38 62 15 24 41 )
#(69 76 43 62 7 19 33 )
#(62 74 43 59 12 16 31 )
#(62 83 43 55 21 12 40 )
#(71 86 43 55 15 12 43 )
#(66 79 38 55 13 17 41 )
#(71 79 43 43 8 -1 36 )
#(59 72 48 60 13 12 24 )
#(52 65 36 53 13 17 29 )
#(62 76 54 62 14 8 22 )
#(66 83 38 60 17 22 45 )
#(59 72 47 55 13 8 25 )
#(53 72 43 53 19 10 29 )
#(52 65 36 52 13 16 29 )
#(67 74 54 62 7 8 20 )
#(67 81 54 62 14 8 27 )
#(62 76 59 60 14 1 17 )
#(62 74 50 57 12 7 24 )
#(67 74 54 62 7 8 20 )
#(67 81 54 62 14 8 27 )
#(62 79 59 60 17 1 20 )
#(67 86 48 62 19 14 38 )
#(75 83 55 64 8 9 28 )
#(61 83 45 62 22 17 38 )
#(64 69 57 62 5 5 12 )
#(64 71 57 62 7 5 14 )
#(67 76 50 59 9 9 26 )
#(62 74 45 57 12 12 29 )
#(64 71 57 62 7 5 14 )
#(64 71 57 62 7 5 14 )
#(67 76 50 59 9 9 26 )
#(61 74 45 57 13 12 29 )
#(60 74 50 62 14 12 24 )
#(67 81 54 62 14 8 27 )
#(64 76 54 62 12 8 22 )
#(62 74 52 59 12 7 22 )
#(62 74 50 62 12 12 24 )
#(67 81 54 62 14 8 27 )
#(64 76 54 62 12 8 22 )
#(62 79 48 62 17 14 31 )
#(66 79 43 62 13 19 36 )
#(59 79 43 55 20 12 36 )
#(67 84 60 65 17 5 24 )
#(71 81 48 69 10 21 33 )
#(59 84 36 57 25 21 48 )
#(67 84 54 64 17 10 30 )
#(62 86 47 59 24 12 39 )
#(59 86 43 55 27 12 43 )
#(57 79 43 60 22 17 36 )
#(71 86 55 65 15 10 31 )
#(55 71 48 62 16 14 23 )
#(59 72 48 55 13 7 24 )
#(60 76 43 57 16 14 33 )
#(54 81 38 55 27 17 43 )
#(72 89 59 69 17 10 30 )
#(62 88 52 64 26 12 36 )
#(57 79 40 55 22 15 39 )
#(50 67 36 48 17 12 31 )
#(66 76 54 62 10 8 22 )
#(66 83 50 67 17 17 33 )
#(69 76 62 71 7 9 14 )
#(59 86 48 67 27 19 38 )
#(71 79 60 65 8 5 19 )
#(74 88 55 67 14 12 33 )
#(71 79 60 65 8 5 19 )
#(60 88 48 65 28 17 40 )
#(62 69 47 55 7 8 22 )
#(64 76 47 62 12 15 29 )
#(69 86 54 62 17 8 32 )
#(74 88 54 67 14 13 34 )
#(71 86 47 67 15 20 39 )
#(62 79 47 60 17 13 32 )
#(66 83 55 62 17 7 28 )
#(71 79 60 65 8 5 19 )
#(74 88 55 67 14 12 33 )
#(71 79 60 65 8 5 19 )
#(60 88 48 65 28 17 40 )
#(62 69 47 55 7 8 22 )
#(67 81 52 65 14 13 29 )
#(62 69 47 55 7 8 22 )
#(67 84 52 65 17 13 32 )
#(67 74 48 67 7 19 26 )
#(72 84 48 52 12 4 36 )
#(64 74 41 53 10 12 33 )
#(60 79 36 53 19 17 43 )
#(57 74 41 53 17 12 33 )
#(67 84 55 65 17 10 29 )
#(71 81 55 67 10 12 26 )
#(60 79 43 67 19 24 36 )
#(59 72 36 55 13 19 36 )
#(64 84 36 60 20 24 48 )
#(67 88 57 65 21 8 31 )
#(69 81 57 67 12 10 24 )
#(67 81 48 65 14 17 33 )
#(65 82 41 60 17 19 41 )
#(64 79 41 58 15 17 38 )
#(69 79 52 63 10 11 27 )
#(64 79 48 60 15 12 31 )
#(64 81 36 60 17 24 45 )
#(76 89 48 72 13 24 41 )
#(53 77 41 57 24 16 36 )
#(62 74 46 46 12 0 28 )
#(69 77 53 65 8 12 24 )
#(62 77 46 63 15 17 31 )
#(62 79 46 70 17 24 33 )
#(69 79 57 65 10 8 22 )
#(65 86 57 77 21 20 29 )
#(62 76 41 60 14 19 35 )
#(62 74 46 65 12 19 28 )
#(62 77 46 65 15 19 31 )
#(67 79 46 70 12 24 33 )
#(67 86 51 63 19 12 35 )
#(62 72 34 53 10 19 38 )
#(67 86 48 70 19 22 38 )
#(69 84 53 62 15 9 31 )
#(67 79 52 71 12 19 27 )
#(67 86 48 70 19 22 38 )
#(69 86 53 64 17 11 33 )
#(67 84 48 74 17 26 36 )
#(53 69 36 62 16 26 33 )
#(76 88 62 72 12 10 26 )
#(69 86 52 60 17 8 34 )
#(65 79 52 64 14 12 27 )
#(60 76 36 57 16 21 40 )
#(62 81 36 60 19 24 45 )
#(48 82 36 67 34 31 46 )
#(78 88 55 64 10 9 33 )
#(71 86 54 69 15 15 32 )
#(66 76 50 64 10 14 26 )
#(71 83 54 67 12 13 29 )
#(69 86 62 67 17 5 24 )
#(64 81 42 66 17 24 39 )
#(61 74 50 64 13 14 24 )
#(61 74 43 57 13 14 31 )
#(62 76 49 57 14 8 27 )
#(73 86 54 69 13 15 32 )
#(62 79 53 63 17 10 26 )
#(60 74 36 58 14 22 38 )
#(62 86 38 62 24 24 48 )
#(78 88 55 64 10 9 33 )
#(66 81 50 69 15 19 31 )
#(66 79 55 64 13 9 24 )
#(64 81 50 62 17 12 31 )
#(62 79 35 60 17 25 44 )
#(67 86 36 67 19 31 50 )
#(66 79 55 69 13 14 24 )
#(66 79 48 62 13 14 31 )
#(71 79 54 62 8 8 25 )
#(71 76 48 60 5 12 28 )
#(67 76 43 60 9 17 33 )
#(71 76 48 60 5 12 28 )
#(71 76 48 60 5 12 28 )
#(67 76 43 60 9 17 33 )
#(71 76 48 60 5 12 28 )
#(72 81 60 69 9 9 21 )
#(72 77 55 67 5 12 22 )
#(72 81 60 69 9 9 21 )
#(72 79 55 67 7 12 24 )
#(71 79 55 65 8 10 24 )
#(71 79 55 66 8 11 24 )
#(71 76 48 60 5 12 28 )
#(67 76 43 60 9 17 33 )
#(71 76 48 60 5 12 28 )
#(83 88 48 55 5 7 40 )
#(79 88 43 55 9 12 45 )
#(83 88 43 55 5 12 45 )
#(72 84 36 52 12 16 48 )
#(55 64 36 48 9 12 28 )
#(52 60 36 48 8 12 24 )
#(74 86 59 71 12 12 27 )
#(78 88 62 72 10 10 26 )
#(62 79 55 67 17 12 24 )
#(66 76 50 60 10 10 26 )
#(67 81 55 67 14 12 26 )
#(71 86 57 67 15 10 29 )
#(74 84 62 69 10 7 22 )
#(74 86 59 71 12 12 27 )
#(78 88 62 72 10 10 26 )
#(62 79 43 67 17 24 36 )
#(66 76 38 60 10 22 38 )
#(67 76 43 55 9 12 33 )
#(66 76 43 62 10 19 33 )
#(67 86 55 69 19 14 31 )
#(69 79 50 67 10 17 29 )
#(71 83 62 67 12 5 21 )
#(66 81 52 61 15 9 29 )
#(66 78 57 62 12 5 21 )
#(66 76 40 57 10 17 36 )
#(61 79 45 61 18 16 34 )
#(59 81 43 67 22 24 38 )
#(50 64 38 50 14 12 26 )
#(61 76 47 57 15 10 29 )
#(62 76 38 61 14 23 38 )
#(59 71 44 57 12 13 27 )
#(57 74 43 55 17 12 31 )
#(62 74 43 55 12 12 31 )
#(66 84 50 69 18 19 34 )
#(84 88 62 69 4 7 26 )
#(66 86 50 59 20 9 36 )
#(61 86 43 57 25 14 43 )
#(62 86 38 57 24 19 48 )
#(59 85 38 50 26 12 47 )
#(74 86 40 62 12 22 46 )
#(68 81 40 64 13 24 41 )
#(68 76 52 64 8 12 24 )
#(66 81 52 64 15 12 29 )
#(62 81 38 62 19 24 43 )
#(64 81 38 61 17 23 43 )
#(69 83 57 57 14 0 26 )
#(66 83 50 62 17 12 33 )
#(73 84 58 64 11 6 26 )
#(61 78 32 60 17 28 46 )
#(61 81 33 57 20 24 48 )
#(64 86 49 59 22 10 37 )
#(61 86 38 57 25 19 48 )
#(59 83 38 57 24 19 45 )
#(71 86 32 57 15 25 54 )
#(73 81 57 69 8 12 24 )
#(71 86 57 69 15 12 29 )
#(67 86 43 67 19 24 43 )
#(57 81 31 67 24 36 50 )
#(62 81 50 68 19 18 31 )
#(62 81 50 69 19 19 31 )
#(62 81 38 68 19 30 43 )
#(62 81 38 69 19 31 43 )
#(64 81 50 62 17 12 31 )
#(64 86 42 62 22 20 44 )
#(71 86 38 67 15 29 48 )
#(71 88 47 62 17 15 41 )
#(68 76 39 57 8 18 37 )
#(56 76 40 52 20 12 36 )
#(68 88 61 64 20 3 27 )
#(64 85 45 66 21 21 40 )
#(64 78 38 57 14 19 40 )
#(64 76 40 57 12 17 36 )
#(56 81 33 57 25 24 48 )
#(68 81 57 67 13 10 24 )
