281
;
#( 0 1 8 8 15 0 0 )
#( 0 2 5 12 16 0 0 )
#( 0 0 8 12 17 5 0 )
#( 0 4 4 10 14 0 0 )
#( 0 0 4 13 14 0 0 )
#( 0 1 11 11 13 0 0 )
#( 0 6 10 16 0 0 0 )
#( 0 3 10 19 5 0 0 )
#( 0 0 12 9 19 0 0 )
#( 0 5 2 9 0 0 0 )
#( 0 0 23 13 7 0 0 )
#( 0 0 20 14 16 0 0 )
#( 0 4 7 19 26 0 0 )
#( 0 0 6 29 11 0 0 )
#( 0 0 17 30 6 0 0 )
#( 0 5 13 29 9 0 0 )
#( 0 5 11 5 1 0 0 )
#( 0 0 12 3 10 0 0 )
#( 0 1 11 0 14 0 0 )
#( 0 0 12 3 10 0 0 )
#( 0 1 11 0 14 0 0 )
#( 0 0 0 24 1 0 0 )
#( 0 0 13 12 6 1 0 )
#( 0 0 18 15 9 3 0 )
#( 0 0 12 1 11 4 0 )
#( 0 0 9 5 10 0 0 )
#( 0 0 12 3 10 0 0 )
#( 0 1 11 0 14 0 0 )
#( 0 0 12 3 10 0 0 )
#( 0 1 5 10 7 0 0 )
#( 0 0 6 18 7 0 0 )
#( 0 1 4 16 0 0 0 )
#( 0 0 8 18 7 0 0 )
#( 0 3 10 10 1 0 0 )
#( 0 0 4 0 4 1 0 )
#( 0 0 9 5 12 0 0 )
#( 0 0 12 9 14 0 0 )
#( 0 0 12 13 17 0 0 )
#( 0 0 13 8 21 1 0 )
#( 0 1 10 13 18 2 0 )
#( 0 4 3 0 18 0 0 )
#( 0 1 8 7 14 0 0 )
#( 0 1 11 10 17 0 0 )
#( 0 4 4 21 2 0 0 )
#( 0 2 9 12 7 0 0 )
#( 0 2 12 7 10 0 0 )
#( 0 7 17 16 4 0 0 )
#( 0 6 10 17 10 0 0 )
#( 0 8 8 1 28 2 0 )
#( 0 5 7 16 12 0 0 )
#( 0 1 0 1 2 0 0 )
#( 0 0 9 21 2 0 0 )
#( 0 10 17 12 0 0 0 )
#( 0 0 6 18 9 0 0 )
#( 0 4 10 12 13 0 0 )
#( 0 2 10 18 2 0 0 )
#( 0 8 15 15 1 0 0 )
#( 0 11 16 12 0 0 0 )
#( 0 0 8 14 2 0 0 )
#( 0 0 8 10 9 0 0 )
#( 0 0 3 14 7 0 0 )
#( 0 0 7 21 3 0 0 )
#( 0 0 8 14 2 0 0 )
#( 0 0 8 10 9 0 0 )
#( 0 0 3 14 9 0 0 )
#( 0 0 6 12 6 2 0 )
#( 0 0 6 6 16 0 0 )
#( 0 1 9 8 7 0 0 )
#( 0 0 8 11 0 0 0 )
#( 0 0 8 13 0 0 0 )
#( 0 0 12 6 16 0 0 )
#( 0 6 12 4 1 0 0 )
#( 0 0 8 13 0 0 0 )
#( 0 0 8 19 0 0 0 )
#( 0 0 12 6 16 0 0 )
#( 0 6 7 15 1 0 0 )
#( 0 0 5 12 2 0 0 )
#( 0 0 8 10 9 0 0 )
#( 0 0 4 16 4 0 0 )
#( 0 0 9 17 4 0 0 )
#( 0 0 5 16 4 0 0 )
#( 0 0 8 10 9 0 0 )
#( 0 0 4 16 4 0 0 )
#( 0 0 5 15 9 0 0 )
#( 0 2 6 16 9 0 0 )
#( 0 4 4 4 2 0 0 )
#( 0 0 0 35 26 2 0 )
#( 0 0 5 19 40 0 0 )
#( 0 4 19 25 21 2 0 )
#( 0 0 12 20 33 3 0 )
#( 0 4 23 14 21 4 0 )
#( 0 6 23 18 14 1 0 )
#( 0 5 20 23 6 0 0 )
#( 0 0 16 17 28 5 0 )
#( 0 0 21 32 0 0 0 )
#( 0 0 30 32 2 0 0 )
#( 0 6 20 36 28 0 0 )
#( 0 27 10 17 23 0 0 )
#( 0 0 2 19 26 21 0 )
#( 0 0 15 28 14 7 0 )
#( 0 9 15 27 14 0 0 )
#( 0 13 25 14 0 0 0 )
#( 0 0 8 16 6 0 0 )
#( 0 0 2 19 15 0 0 )
#( 0 0 0 20 11 0 0 )
#( 0 0 7 18 12 3 0 )
#( 0 0 0 34 16 0 0 )
#( 0 0 3 7 21 8 0 )
#( 0 0 0 34 16 0 0 )
#( 0 0 10 10 12 6 0 )
#( 0 2 26 14 0 0 0 )
#( 0 1 21 17 2 0 0 )
#( 0 0 16 18 10 2 0 )
#( 0 0 7 9 18 12 0 )
#( 0 2 8 6 28 3 0 )
#( 0 2 13 17 7 0 0 )
#( 0 0 2 13 4 0 0 )
#( 0 0 0 34 16 0 0 )
#( 0 0 3 7 21 8 0 )
#( 0 0 0 34 16 0 0 )
#( 0 0 10 10 12 6 0 )
#( 0 2 26 14 0 0 0 )
#( 0 0 9 22 16 0 0 )
#( 0 2 26 14 0 0 0 )
#( 0 0 9 20 20 1 0 )
#( 0 0 6 13 20 0 0 )
#( 0 0 6 0 6 1 0 )
#( 0 12 12 15 3 0 0 )
#( 0 5 5 20 12 0 0 )
#( 0 12 13 17 3 0 0 )
#( 0 0 16 16 25 1 0 )
#( 0 0 4 9 30 0 0 )
#( 0 4 9 17 12 0 0 )
#( 0 7 9 29 1 0 0 )
#( 0 3 4 8 16 1 0 )
#( 0 0 9 14 30 2 0 )
#( 0 0 3 22 38 0 0 )
#( 0 0 12 29 34 0 0 )
#( 0 3 7 11 19 0 0 )
#( 0 9 15 12 8 0 0 )
#( 0 0 16 18 24 0 0 )
#( 0 0 12 29 8 0 0 )
#( 0 3 7 20 12 0 0 )
#( 0 0 2 11 29 4 0 )
#( 0 2 18 9 4 0 0 )
#( 0 8 0 24 2 0 0 )
#( 0 0 6 15 9 0 0 )
#( 0 6 8 19 9 0 0 )
#( 0 1 6 17 13 0 0 )
#( 0 0 2 11 19 0 0 )
#( 0 0 4 16 26 4 0 )
#( 0 7 5 28 3 0 0 )
#( 0 4 0 23 4 0 0 )
#( 0 8 14 16 7 0 0 )
#( 0 2 8 16 23 0 0 )
#( 0 0 10 18 22 2 0 )
#( 1 5 4 8 2 0 0 )
#( 0 0 3 13 28 2 0 )
#( 0 0 32 19 9 2 0 )
#( 0 0 6 19 31 0 0 )
#( 0 0 3 13 28 2 0 )
#( 0 0 32 19 8 3 0 )
#( 0 0 3 30 23 2 0 )
#( 0 10 21 18 0 0 0 )
#( 0 0 0 28 27 5 0 )
#( 0 0 9 8 43 3 0 )
#( 0 0 17 19 26 0 0 )
#( 0 12 11 29 6 0 0 )
#( 0 8 9 29 20 0 0 )
#( 0 5 12 18 7 0 0 )
#( 0 0 20 16 14 7 0 )
#( 0 0 20 29 14 2 0 )
#( 0 0 26 32 8 0 0 )
#( 0 0 26 25 17 0 0 )
#( 0 0 0 28 36 4 0 )
#( 0 11 15 7 32 0 0 )
#( 0 0 9 42 11 0 0 )
#( 0 7 11 37 11 0 0 )
#( 0 0 31 11 6 0 0 )
#( 0 0 18 30 17 1 0 )
#( 0 0 22 33 7 0 0 )
#( 0 6 7 39 7 0 0 )
#( 0 2 5 19 15 2 0 )
#( 0 0 28 20 14 9 0 )
#( 0 0 18 31 11 0 0 )
#( 0 0 28 30 13 0 0 )
#( 0 0 30 19 15 0 0 )
#( 2 2 16 40 12 0 0 )
#( 0 5 15 24 15 2 0 )
#( 0 0 3 24 35 0 0 )
#( 0 0 19 17 30 0 0 )
#( 0 0 13 8 4 0 0 )
#( 0 0 8 6 14 0 0 )
#( 0 1 10 5 10 0 0 )
#( 0 0 11 3 17 0 0 )
#( 0 0 8 6 14 0 0 )
#( 0 3 9 5 10 0 0 )
#( 0 0 11 3 17 0 0 )
#( 0 0 0 24 14 0 0 )
#( 0 0 5 19 13 0 0 )
#( 0 0 0 24 15 0 0 )
#( 0 0 5 18 16 0 0 )
#( 0 0 8 17 17 0 0 )
#( 0 0 9 13 16 0 0 )
#( 0 0 8 6 13 0 0 )
#( 0 1 10 5 10 0 0 )
#( 0 0 12 4 15 0 0 )
#( 0 0 24 0 2 16 0 )
#( 0 3 21 0 2 12 0 )
#( 0 6 14 0 2 21 0 )
#( 0 4 13 0 15 1 0 )
#( 0 16 14 10 0 0 0 )
#( 0 4 6 1 0 0 0 )
#( 0 0 2 14 17 3 0 )
#( 0 0 0 14 14 10 0 )
#( 0 0 15 20 4 0 0 )
#( 0 0 14 14 10 0 0 )
#( 0 0 2 15 19 0 0 )
#( 0 0 2 13 24 2 0 )
#( 0 0 0 6 27 5 0 )
#( 0 0 2 14 21 3 0 )
#( 0 0 0 14 14 10 0 )
#( 0 5 8 18 4 0 0 )
#( 0 1 13 14 10 0 0 )
#( 0 6 10 4 11 0 0 )
#( 0 3 10 22 8 0 0 )
#( 0 0 1 7 12 4 0 )
#( 0 0 4 9 8 0 0 )
#( 0 0 0 11 10 0 0 )
#( 0 0 5 6 14 0 0 )
#( 0 0 3 12 6 0 0 )
#( 0 3 8 11 5 0 0 )
#( 0 4 6 18 4 0 0 )
#( 0 4 5 23 12 0 0 )
#( 0 3 19 2 0 0 0 )
#( 0 1 4 14 2 0 0 )
#( 0 2 5 19 4 0 0 )
#( 0 3 6 30 0 0 0 )
#( 0 4 13 23 1 0 0 )
#( 0 5 15 22 1 0 0 )
#( 0 0 10 15 14 1 0 )
#( 0 0 0 6 0 6 0 )
#( 0 0 24 11 16 2 0 )
#( 0 2 26 23 9 2 0 )
#( 0 8 21 29 21 2 0 )
#( 0 18 15 16 15 1 0 )
#( 0 4 15 8 26 18 0 )
#( 0 4 19 33 14 0 0 )
#( 0 0 8 31 9 0 0 )
#( 0 0 12 45 8 0 0 )
#( 0 7 15 39 24 0 0 )
#( 0 8 10 22 23 0 0 )
#( 0 0 32 5 29 0 0 )
#( 0 0 2 29 32 0 0 )
#( 0 0 2 15 47 2 0 )
#( 5 13 11 48 9 0 0 )
#( 5 5 16 24 11 0 0 )
#( 0 0 32 17 15 4 0 )
#( 0 7 20 31 12 2 0 )
#( 0 17 14 21 16 0 0 )
#( 5 15 10 1 44 8 0 )
#( 0 0 3 29 16 0 0 )
#( 0 0 2 30 24 1 0 )
#( 0 6 7 21 46 4 0 )
#( 6 10 3 38 24 0 0 )
#( 0 0 6 23 19 0 0 )
#( 0 0 9 33 12 0 0 )
#( 0 2 6 23 26 0 0 )
#( 0 8 22 23 12 0 0 )
#( 0 0 20 43 9 0 0 )
#( 0 9 24 15 31 5 0 )
#( 0 1 3 4 26 1 0 )
#( 0 3 16 6 31 14 0 )
#( 0 8 28 18 22 0 0 )
#( 0 5 26 23 4 0 0 )
#( 0 0 0 59 11 3 0 )
#( 0 4 13 31 15 1 0 )
#( 0 14 13 17 13 0 0 )
#( 0 14 14 18 14 0 0 )
#( 1 9 19 21 16 0 0 )
#( 0 0 2 24 9 0 0 )
