281
;
#(0.9375 0.4375 1.0 0.0625 0.5625 0.0 R )
#(1.0 0.5 1.0 0.0 0.5 0.0 R )
#(1.0 0.625 1.0 0.0 0.375 0.0 R )
#(0.875 0.6875 0.9375 0.125 0.3125 0.0625 R )
#(1.0 0.875 1.0 0.0 0.125 0.0 R )
#(0.8125 0.6875 1.0 0.1875 0.3125 0.0 R )
#(0.9375 0.4375 1.0 0.0625 0.5625 0.0 R )
#(1.0 0.5 1.0 0.0 0.5 0.0 R )
#(1.0 0.5 1.0 0.0 0.5 0.0 R )
#(0.625 0.625 0.875 0.375 0.375 0.125 B )
#(1.0 0.8333 1.0 0.0 0.1667 0.0 R )
#(0.9167 0.8333 1.0 0.0833 0.1667 0.0 R )
#(1.0 1.0 1.0 0.0 0.0 0.0 L )
#(1.0 0.5833 1.0 0.0 0.4167 0.0 R )
#(0.9167 0.9167 1.0 0.0833 0.0833 0.0 L )
#(1.0 0.9167 1.0 0.0 0.0833 0.0 R )
#(1.0 1.0 1.0 0.0 0.0 0.0 B )
#(1.0 1.0 1.0 0.0 0.0 0.0 B )
#(0.8333 1.0 1.0 0.1667 0.0 0.0 L )
#(1.0 1.0 1.0 0.0 0.0 0.0 B )
#(0.8333 1.0 1.0 0.1667 0.0 0.0 L )
#(1.0 0.8333 1.0 0.0 0.1667 0.0 R )
#(0.9167 0.8333 1.0 0.0833 0.1667 0.0 R )
#(0.9167 1.0 1.0 0.0833 0.0 0.0 L )
#(0.8333 0.6667 1.0 0.1667 0.3333 0.0 R )
#(0.8333 0.9167 1.0 0.1667 0.0833 0.0 L )
#(1.0 1.0 1.0 0.0 0.0 0.0 B )
#(0.8333 1.0 1.0 0.1667 0.0 0.0 L )
#(1.0 1.0 1.0 0.0 0.0 0.0 B )
#(0.8333 0.8333 1.0 0.1667 0.1667 0.0 B )
#(0.9167 0.9167 1.0 0.0833 0.0833 0.0 B )
#(0.9167 0.75 1.0 0.0833 0.25 0.0 R )
#(0.9167 1.0 1.0 0.0833 0.0 0.0 L )
#(0.5 1.0 1.0 0.5 0.0 0.0 L )
#(0.5 0.8333 0.8333 0.5 0.1667 0.1667 L )
#(0.8125 0.75 0.8125 0.0 0.0625 0.0 R )
#(0.9375 0.9375 1.0 0.0625 0.0625 0.0 B )
#(0.8125 1.0 1.0 0.1875 0.0 0.0 L )
#(0.9375 0.875 1.0 0.0625 0.125 0.0 R )
#(0.9375 0.875 1.0 0.0625 0.125 0.0 R )
#(0.6875 0.4375 0.75 0.0625 0.3125 0.0 R )
#(1.0 0.5625 1.0 0.0 0.4375 0.0 R )
#(1.0 0.75 1.0 0.0 0.25 0.0 R )
#(0.8125 0.625 1.0 0.1875 0.375 0.0 R )
#(0.875 0.8125 0.875 0.125 0.1875 0.125 R )
#(0.9375 0.9375 1.0 0.0625 0.0625 0.0 B )
#(0.8125 1.0 1.0 0.1875 0.0 0.0 L )
#(1.0 1.0 1.0 0.0 0.0 0.0 B )
#(1.0 1.0 1.0 0.0 0.0 0.0 B )
#(0.875 0.75 1.0 0.125 0.25 0.0 R )
#(0.5 0.5 0.5 0.25 0.25 0.25 B )
#(0.9167 1.0 1.0 0.0833 0.0 0.0 L )
#(1.0 1.0 1.0 0.0 0.0 0.0 B )
#(1.0 1.0 1.0 0.0 0.0 0.0 B )
#(1.0 1.0 1.0 0.0 0.0 0.0 B )
#(0.9167 1.0 1.0 0.0833 0.0 0.0 L )
#(1.0 0.8333 1.0 0.0 0.1667 0.0 R )
#(1.0 1.0 1.0 0.0 0.0 0.0 B )
#(0.8333 1.0 1.0 0.1667 0.0 0.0 L )
#(0.8333 1.0 1.0 0.1667 0.0 0.0 L )
#(0.9167 0.8333 1.0 0.0833 0.1667 0.0 R )
#(1.0 0.75 1.0 0.0 0.25 0.0 R )
#(0.8333 1.0 1.0 0.1667 0.0 0.0 L )
#(0.8333 1.0 1.0 0.1667 0.0 0.0 L )
#(0.9167 0.8333 1.0 0.0833 0.1667 0.0 R )
#(0.9167 1.0 1.0 0.0833 0.0 0.0 L )
#(1.0 1.0 1.0 0.0 0.0 0.0 B )
#(0.75 1.0 1.0 0.25 0.0 0.0 L )
#(0.8333 1.0 1.0 0.1667 0.0 0.0 L )
#(0.8333 1.0 1.0 0.1667 0.0 0.0 L )
#(0.9167 1.0 1.0 0.0833 0.0 0.0 L )
#(0.5833 1.0 1.0 0.4167 0.0 0.0 L )
#(0.8333 1.0 1.0 0.1667 0.0 0.0 L )
#(0.8333 1.0 1.0 0.1667 0.0 0.0 L )
#(0.9167 1.0 1.0 0.0833 0.0 0.0 L )
#(1.0 0.75 1.0 0.0 0.25 0.0 R )
#(0.75 0.75 0.75 0.25 0.25 0.25 B )
#(0.8333 1.0 1.0 0.1667 0.0 0.0 L )
#(0.7917 0.9167 1.0 0.2083 0.0833 0.0 L )
#(0.9583 0.9167 1.0 0.0417 0.0833 0.0 R )
#(1.0 0.75 1.0 0.0 0.25 0.0 R )
#(0.8333 1.0 1.0 0.1667 0.0 0.0 L )
#(0.7917 0.9167 1.0 0.2083 0.0833 0.0 L )
#(0.9583 0.9167 1.0 0.0417 0.0833 0.0 R )
#(1.0 1.0 1.0 0.0 0.0 0.0 B )
#(0.5556 1.0 1.0 0.4444 0.0 0.0 L )
#(0.9375 1.0 1.0 0.0625 0.0 0.0 L )
#(0.7813 0.6875 1.0 0.2188 0.3125 0.0 R )
#(0.875 0.75 0.9375 0.125 0.25 0.0625 R )
#(0.8906 0.6563 1.0 0.1094 0.3438 0.0 R )
#(0.9531 0.8438 1.0 0.0469 0.1563 0.0 R )
#(0.7813 0.875 1.0 0.2188 0.125 0.0 L )
#(0.7813 0.8125 0.9375 0.2188 0.1875 0.0625 L )
#(0.9063 1.0 1.0 0.0938 0.0 0.0 L )
#(1.0 0.8125 1.0 0.0 0.1875 0.0 R )
#(0.875 0.9375 1.0 0.125 0.0625 0.0 L )
#(0.9375 0.875 1.0 0.0625 0.125 0.0 R )
#(0.7188 0.8438 0.8438 0.2813 0.1563 0.1563 L )
#(0.8906 0.6563 1.0 0.1094 0.3438 0.0 R )
#(0.9531 0.8438 1.0 0.0469 0.1563 0.0 R )
#(0.7813 0.6875 1.0 0.2188 0.3125 0.0 R )
#(0.8125 0.6875 0.9375 0.1875 0.3125 0.0625 R )
#(0.9375 1.0 1.0 0.0625 0.0 0.0 L )
#(0.9375 0.875 0.9375 0.0625 0.125 0.0625 R )
#(0.9375 1.0 1.0 0.0625 0.0 0.0 L )
#(0.9375 0.875 0.9375 0.0625 0.125 0.0625 R )
#(0.875 1.0 1.0 0.125 0.0 0.0 L )
#(0.9375 0.3125 1.0 0.0625 0.6875 0.0 R )
#(0.875 1.0 1.0 0.125 0.0 0.0 L )
#(0.8125 0.4375 1.0 0.1875 0.5625 0.0 R )
#(0.9375 1.0 1.0 0.0625 0.0 0.0 L )
#(0.8125 1.0 1.0 0.1875 0.0 0.0 L )
#(0.9375 1.0 1.0 0.0625 0.0 0.0 L )
#(1.0 0.5 1.0 0.0 0.5 0.0 R )
#(1.0 0.4375 1.0 0.0 0.5625 0.0 R )
#(0.9375 0.625 0.9375 0.0625 0.375 0.0625 R )
#(0.9375 0.5 0.9375 0.0625 0.5 0.0625 R )
#(0.875 1.0 1.0 0.125 0.0 0.0 L )
#(0.9375 0.3125 1.0 0.0625 0.6875 0.0 R )
#(0.875 1.0 1.0 0.125 0.0 0.0 L )
#(0.8125 0.4375 1.0 0.1875 0.5625 0.0 R )
#(0.9375 1.0 1.0 0.0625 0.0 0.0 L )
#(1.0 0.8125 1.0 0.0 0.1875 0.0 R )
#(0.9375 1.0 1.0 0.0625 0.0 0.0 L )
#(1.0 0.8125 1.0 0.0 0.1875 0.0 R )
#(0.875 0.375 0.875 0.125 0.625 0.125 R )
#(0.625 0.375 0.625 0.375 0.625 0.375 R )
#(0.9167 1.0 1.0 0.0833 0.0 0.0 L )
#(1.0 0.75 1.0 0.0 0.25 0.0 R )
#(0.9167 1.0 1.0 0.0833 0.0 0.0 L )
#(1.0 1.0 1.0 0.0 0.0 0.0 B )
#(0.8542 0.5 1.0 0.1458 0.5 0.0 R )
#(0.9583 0.75 1.0 0.0417 0.25 0.0 R )
#(0.9583 0.7083 1.0 0.0417 0.2917 0.0 R )
#(0.8333 0.8333 0.9167 0.1667 0.1667 0.0833 B )
#(0.9167 1.0 1.0 0.0833 0.0 0.0 L )
#(1.0 0.75 1.0 0.0 0.25 0.0 R )
#(1.0 0.9167 1.0 0.0 0.0833 0.0 R )
#(1.0 0.5833 1.0 0.0 0.4167 0.0 R )
#(0.9167 1.0 1.0 0.0833 0.0 0.0 L )
#(0.875 1.0 1.0 0.125 0.0 0.0 L )
#(0.8542 0.6667 1.0 0.1458 0.3333 0.0 R )
#(0.9167 0.625 1.0 0.0833 0.375 0.0 R )
#(0.9583 0.75 1.0 0.0417 0.25 0.0 R )
#(0.8889 0.6667 0.8889 0.1111 0.3333 0.1111 R )
#(1.0 1.0 1.0 0.0 0.0 0.0 B )
#(0.8125 0.9375 0.9375 0.1875 0.0625 0.0625 L )
#(1.0 1.0 1.0 0.0 0.0 0.0 B )
#(0.875 1.0 1.0 0.125 0.0 0.0 L )
#(0.875 0.5 1.0 0.125 0.5 0.0 R )
#(1.0 0.75 1.0 0.0 0.25 0.0 R )
#(1.0 1.0 1.0 0.0 0.0 0.0 B )
#(0.875 1.0 1.0 0.125 0.0 0.0 L )
#(0.9375 0.9375 0.9375 0.0625 0.0625 0.0625 B )
#(1.0 0.75 1.0 0.0 0.25 0.0 R )
#(1.0 0.75 1.0 0.0 0.25 0.0 R )
#(0.75 0.75 0.75 0.25 0.25 0.25 B )
#(0.875 0.5 0.875 0.0 0.375 0.0 R )
#(0.875 1.0 1.0 0.125 0.0 0.0 L )
#(0.9375 0.5625 1.0 0.0625 0.4375 0.0 R )
#(0.875 0.5 0.875 0.125 0.5 0.125 R )
#(0.875 1.0 1.0 0.125 0.0 0.0 L )
#(0.8125 0.75 1.0 0.1875 0.25 0.0 R )
#(0.625 0.75 0.875 0.25 0.125 0.0 L )
#(0.875 0.75 0.875 0.0 0.125 0.0 R )
#(1.0 0.75 1.0 0.0 0.25 0.0 R )
#(0.875 0.875 1.0 0.125 0.125 0.0 R )
#(0.875 0.8125 1.0 0.125 0.1875 0.0 R )
#(1.0 0.75 1.0 0.0 0.25 0.0 R )
#(0.75 0.625 0.875 0.25 0.375 0.125 R )
#(0.8125 0.75 0.8125 0.0 0.0625 0.0 R )
#(0.9375 1.0 1.0 0.0625 0.0 0.0 L )
#(0.9375 0.9375 1.0 0.0625 0.0625 0.0 L )
#(0.9375 1.0 1.0 0.0625 0.0 0.0 L )
#(1.0 0.625 1.0 0.0 0.375 0.0 R )
#(1.0 0.9375 1.0 0.0 0.0625 0.0 R )
#(1.0 0.875 1.0 0.0 0.125 0.0 R )
#(1.0 0.875 1.0 0.0 0.125 0.0 R )
#(0.375 0.6875 0.75 0.375 0.0625 0.0 L )
#(1.0 1.0 1.0 0.0 0.0 0.0 B )
#(1.0 0.875 1.0 0.0 0.125 0.0 R )
#(0.9583 0.9375 1.0 0.0417 0.0625 0.0 R )
#(0.7083 0.75 1.0 0.2917 0.25 0.0 L )
#(0.9375 1.0 1.0 0.0625 0.0 0.0 L )
#(0.9375 0.9375 1.0 0.0625 0.0625 0.0 R )
#(0.9375 1.0 1.0 0.0625 0.0 0.0 L )
#(1.0 0.8125 1.0 0.0 0.1875 0.0 R )
#(1.0 0.75 1.0 0.0 0.25 0.0 R )
#(0.9792 0.875 1.0 0.0208 0.125 0.0 R )
#(1.0 0.875 1.0 0.0 0.125 0.0 R )
#(0.875 1.0 1.0 0.125 0.0 0.0 L )
#(0.375 0.875 0.875 0.5 0.0 0.0 L )
#(1.0 1.0 1.0 0.0 0.0 0.0 B )
#(1.0 1.0 1.0 0.0 0.0 0.0 B )
#(1.0 1.0 1.0 0.0 0.0 0.0 B )
#(1.0 1.0 1.0 0.0 0.0 0.0 B )
#(1.0 1.0 1.0 0.0 0.0 0.0 B )
#(1.0 1.0 1.0 0.0 0.0 0.0 B )
#(1.0 1.0 1.0 0.0 0.0 0.0 B )
#(1.0 1.0 1.0 0.0 0.0 0.0 B )
#(1.0 1.0 1.0 0.0 0.0 0.0 B )
#(1.0 1.0 1.0 0.0 0.0 0.0 B )
#(1.0 0.6667 1.0 0.0 0.3333 0.0 R )
#(1.0 0.75 1.0 0.0 0.25 0.0 R )
#(1.0 1.0 1.0 0.0 0.0 0.0 B )
#(1.0 1.0 1.0 0.0 0.0 0.0 B )
#(1.0 1.0 1.0 0.0 0.0 0.0 B )
#(1.0 1.0 1.0 0.0 0.0 0.0 B )
#(1.0 1.0 1.0 0.0 0.0 0.0 B )
#(1.0 0.8333 1.0 0.0 0.1667 0.0 R )
#(1.0 0.6667 1.0 0.0 0.3333 0.0 R )
#(0.8333 1.0 1.0 0.1667 0.0 0.0 L )
#(0.3333 0.6667 0.6667 0.6667 0.3333 0.3333 L )
#(0.875 0.5 0.875 0.0 0.375 0.0 R )
#(1.0 0.5 1.0 0.0 0.5 0.0 R )
#(0.9375 0.5625 0.9375 0.0625 0.4375 0.0625 R )
#(1.0 0.5 1.0 0.0 0.5 0.0 R )
#(1.0 0.6875 1.0 0.0 0.3125 0.0 R )
#(0.9375 0.75 1.0 0.0625 0.25 0.0 R )
#(1.0 0.75 1.0 0.0 0.25 0.0 R )
#(1.0 0.5 1.0 0.0 0.5 0.0 R )
#(1.0 0.5 1.0 0.0 0.5 0.0 R )
#(0.9375 0.8125 0.9375 0.0625 0.1875 0.0625 R )
#(1.0 0.625 1.0 0.0 0.375 0.0 R )
#(0.5 0.625 1.0 0.5 0.375 0.0 L )
#(0.75 1.0 1.0 0.25 0.0 0.0 L )
#(0.875 0.375 0.875 0.125 0.625 0.125 R )
#(0.4375 0.3125 0.4375 0.3125 0.4375 0.3125 R )
#(1.0 0.625 1.0 0.0 0.375 0.0 R )
#(1.0 1.0 1.0 0.0 0.0 0.0 B )
#(1.0 0.625 1.0 0.0 0.375 0.0 R )
#(0.875 0.9375 1.0 0.125 0.0625 0.0 L )
#(0.625 0.5 1.0 0.375 0.5 0.0 R )
#(1.0 0.625 1.0 0.0 0.375 0.0 R )
#(1.0 0.5 1.0 0.0 0.5 0.0 R )
#(1.0 0.625 1.0 0.0 0.375 0.0 R )
#(1.0 1.0 1.0 0.0 0.0 0.0 B )
#(1.0 0.875 1.0 0.0 0.125 0.0 R )
#(1.0 0.75 1.0 0.0 0.25 0.0 R )
#(0.9375 0.875 1.0 0.0625 0.125 0.0 R )
#(0.75 0.5 1.0 0.25 0.5 0.0 R )
#(0.4167 0.1667 0.5 0.4167 0.6667 0.3333 R )
#(0.7188 0.75 0.8125 0.0938 0.0625 0.0 L )
#(0.9688 1.0 1.0 0.0313 0.0 0.0 L )
#(0.9531 0.9688 1.0 0.0469 0.0313 0.0 L )
#(1.0 1.0 1.0 0.0 0.0 0.0 B )
#(0.875 0.875 1.0 0.125 0.125 0.0 B )
#(1.0 0.9375 1.0 0.0 0.0625 0.0 R )
#(1.0 1.0 1.0 0.0 0.0 0.0 B )
#(1.0 0.875 1.0 0.0 0.125 0.0 R )
#(0.9375 0.625 0.9375 0.0625 0.375 0.0625 R )
#(0.6563 0.5938 0.7188 0.0938 0.1563 0.0313 R )
#(0.75 1.0 1.0 0.25 0.0 0.0 L )
#(0.75 0.8125 1.0 0.25 0.1875 0.0 L )
#(0.875 0.8125 1.0 0.125 0.1875 0.0 R )
#(0.9375 0.9375 1.0 0.0625 0.0625 0.0 B )
#(0.875 0.8125 0.9375 0.125 0.1875 0.0625 R )
#(0.875 1.0 1.0 0.125 0.0 0.0 L )
#(0.9688 0.9688 1.0 0.0313 0.0313 0.0 B )
#(0.9844 1.0 1.0 0.0156 0.0 0.0 L )
#(1.0 0.9375 1.0 0.0 0.0625 0.0 R )
#(1.0 1.0 1.0 0.0 0.0 0.0 B )
#(1.0 0.9375 1.0 0.0 0.0625 0.0 R )
#(0.9375 0.625 0.9375 0.0625 0.375 0.0625 R )
#(0.8438 0.7813 0.9063 0.0938 0.1563 0.0313 R )
#(0.875 0.5 0.875 0.0 0.375 0.0 R )
#(0.9167 0.625 1.0 0.0833 0.375 0.0 R )
#(1.0 0.5833 1.0 0.0 0.4167 0.0 R )
#(0.9167 0.7083 1.0 0.0833 0.2917 0.0 R )
#(0.9167 0.7917 1.0 0.0833 0.2083 0.0 R )
#(1.0 0.9167 1.0 0.0 0.0833 0.0 R )
#(0.7083 0.3333 0.7083 0.0417 0.4167 0.0417 R )
#(1.0 1.0 1.0 0.0 0.0 0.0 B )
#(0.8333 1.0 1.0 0.1667 0.0 0.0 L )
#(0.9167 0.75 1.0 0.0833 0.25 0.0 R )
#(1.0 1.0 1.0 0.0 0.0 0.0 B )
#(1.0 0.8333 1.0 0.0 0.1667 0.0 R )
#(1.0 0.8333 1.0 0.0 0.1667 0.0 R )
#(1.0 0.8333 1.0 0.0 0.1667 0.0 R )
#(1.0 1.0 1.0 0.0 0.0 0.0 B )
#(1.0 0.625 1.0 0.0 0.375 0.0 R )
