#(8 1 7 1 8 10 0 8 1 3 1 7)
#(12 0 7 2 10 7 3 8 2 2 0 3)
#(17 0 17 0 13 9 4 16 1 11 0 10)
#(5 3 7 1 11 9 0 8 2 4 2 3)
#(14 0 3 4 9 4 0 1 19 19 0 19)
#(31 0 5 2 9 9 1 19 2 20 19 2)
#(24 2 11 3 9 10 6 15 0 14 12 4)
#(19 1 10 4 14 6 4 0 11 30 0 12)
#(15 0 4 3 9 4 0 1 19 18 0 19)
#(12 2 12 1 34 1 3 15 7 12 13 11)
#(12 1 13 2 13 13 2 9 7 9 2 8)
#(9 1 7 1 8 10 0 8 1 3 1 8)
#(12 0 10 2 10 10 3 10 2 4 0 4)
#(16 1 13 0 13 6 4 13 2 10 1 8)
#(32 1 2 0 23 13 1 10 3 7 1 2)
#(35 0 6 0 24 12 3 13 2 6 0 0)
#(11 1 4 1 7 7 1 6 1 4 1 6)
