#(1.0 0.7917 1.0 0.0 0.2083 0.0 R )
#(0.9167 0.8333 1.0 0.0833 0.1667 0.0 R )
#(0.9167 0.875 1.0 0.0833 0.125 0.0 R )
#(1.0 0.7083 1.0 0.0 0.2917 0.0 R )
#(0.8125 0.4792 1.0 0.1875 0.5208 0.0 R )
#(0.8958 0.5417 1.0 0.1042 0.4583 0.0 R )
#(0.9896 0.4792 1.0 0.0104 0.5208 0.0 R )
#(0.9063 0.5208 1.0 0.0938 0.4792 0.0 R )
#(0.8125 0.4792 1.0 0.1875 0.5208 0.0 R )
#(0.9375 0.7292 1.0 0.0625 0.2708 0.0 R )
#(0.9792 0.8125 1.0 0.0208 0.1875 0.0 R )
#(1.0 0.7917 1.0 0.0 0.2083 0.0 R )
#(0.875 0.8333 1.0 0.125 0.1667 0.0 R )
#(0.9583 0.875 1.0 0.0417 0.125 0.0 R )
#(0.9583 0.8333 1.0 0.0417 0.1667 0.0 R )
#(0.875 0.8333 0.9167 0.125 0.1667 0.0833 R )
#(0.8333 0.5 0.8333 0.1667 0.5 0.1667 R )
