#(10 0 3 0 8 4 0 17 0 3 0 2)
#(15 0 10 0 12 11 0 9 0 9 0 9)
#(6 2 9 0 8 7 1 21 0 7 0 8)
#(7 4 34 0 0 0 2 5 0 6 0 23)
#(12 0 15 0 8 0 6 8 0 7 0 11)
#(20 0 9 1 17 0 3 11 0 10 0 15)
#(12 0 11 0 0 0 6 17 0 7 0 11)
#(5 4 10 0 4 1 4 17 1 11 10 1)
#(2 3 17 0 10 12 1 5 4 10 0 5)
#(10 0 8 0 9 9 0 7 2 10 0 9)
#(15 0 6 0 3 11 0 5 0 7 6 0)
#(12 0 7 0 8 11 0 9 0 11 11 0)
#(12 0 9 0 9 13 0 10 0 11 4 5)
#(11 2 10 0 12 9 1 18 0 9 0 9)
#(3 0 6 0 13 7 4 30 0 0 0 3)
#(7 0 7 0 18 8 0 24 0 4 0 6)
#(13 2 8 7 6 11 7 4 2 14 0 3)
#(17 0 10 0 18 13 0 16 0 2 0 8)
#(8 0 0 0 2 0 0 1 0 0 0 0)
