#(62 74 38 62 12 24 36 )
#(62 76 38 60 14 22 38 )
#(62 78 38 62 16 24 40 )
#(62 79 38 60 17 22 41 )
#(62 81 38 60 19 22 43 )
#(62 86 38 60 24 22 48 )
#(62 86 38 60 24 22 48 )
#(62 84 40 62 22 22 44 )
#(69 91 38 61 22 23 53 )
#(62 79 43 60 17 17 36 )
#(63 72 41 60 9 19 31 )
#(64 79 41 60 15 19 38 )
#(63 72 43 60 9 17 29 )
#(59 79 43 60 20 17 36 )
#(63 72 41 60 9 19 31 )
#(68 81 40 61 13 21 41 )
#(65 84 43 62 19 19 41 )
#(64 79 43 59 15 16 36 )
#(62 76 36 60 14 24 40 )
#(62 76 38 60 14 22 38 )
#(62 78 38 62 16 24 40 )
#(62 76 38 62 14 24 38 )
#(66 81 38 60 15 22 43 )
#(62 79 43 59 17 16 36 )
