#(0.875 0.8333 0.875 0.125 0.1667 0.125 R )
#(0.9167 0.7083 0.9167 0.0833 0.2917 0.0833 R )
#(0.9583 0.7917 0.9583 0.0417 0.2083 0.0417 R )
#(0.9167 0.6667 0.9167 0.0833 0.3333 0.0833 R )
#(0.9583 0.6667 0.9583 0.0417 0.3333 0.0417 R )
#(1.0 0.8333 1.0 0.0 0.1667 0.0 R )
#(1.0 1.0 1.0 0.0 0.0 0.0 B )
#(1.0 1.0 1.0 0.0 0.0 0.0 B )
#(1.0 1.0 1.0 0.0 0.0 0.0 B )
#(0.8333 0.8333 1.0 0.1667 0.1667 0.0 B )
#(1.0 1.0 1.0 0.0 0.0 0.0 B )
#(0.875 0.875 0.875 0.125 0.125 0.125 B )
#(1.0 1.0 1.0 0.0 0.0 0.0 B )
#(0.9583 0.9583 0.9583 0.0417 0.0417 0.0417 B )
#(1.0 1.0 1.0 0.0 0.0 0.0 B )
#(1.0 0.8333 1.0 0.0 0.1667 0.0 R )
#(1.0 1.0 1.0 0.0 0.0 0.0 B )
#(0.9583 0.9583 0.9583 0.0417 0.0417 0.0417 B )
#(0.875 0.875 0.875 0.125 0.125 0.125 B )
#(0.8333 0.75 0.9583 0.1667 0.25 0.0417 R )
#(0.9167 0.8333 0.9167 0.0833 0.1667 0.0833 R )
#(0.9583 0.6667 0.9583 0.0417 0.3333 0.0417 R )
#(0.9167 0.75 0.9167 0.0833 0.25 0.0833 R )
#(0.75 0.4167 0.75 0.25 0.5833 0.25 R )
