#( 0 2 5 6 23 1 0 )
#( 0 1 6 11 22 1 0 )
#( 0 0 2 10 7 1 0 )
#( 0 0 5 13 20 2 0 )
#( 0 0 6 4 9 0 0 )
#( 0 0 6 3 10 1 0 )
#( 0 0 5 5 9 1 0 )
#( 0 4 11 0 8 0 0 )
#( 0 0 9 2 12 0 0 )
#( 0 2 5 6 23 1 0 )
#( 0 1 6 11 22 1 0 )
#( 0 0 3 13 9 1 0 )
#( 0 0 8 12 24 2 0 )
#( 0 0 1 4 12 0 0 )
#( 0 0 0 8 18 1 0 )
#( 0 0 6 5 9 0 0 )
#( 0 1 8 2 12 2 0 )
#( 0 0 5 1 12 0 0 )
#( 0 3 5 8 24 1 0 )
#( 0 0 7 10 19 1 0 )
#( 0 0 2 18 10 3 0 )
#( 0 0 10 6 23 0 0 )
#( 0 4 10 4 17 0 0 )
#( 0 4 5 10 8 0 0 )
#( 0 0 0 10 12 0 0 )
#( 0 0 15 1 6 2 0 )
#( 0 2 9 5 10 0 0 )
#( 0 1 8 1 9 1 0 )
#( 0 2 7 4 8 0 0 )
#( 0 1 0 1 1 0 0 )
