#(0.75 0.5625 0.75 0.0625 0.25 0.0625 R )
#(0.875 0.6875 0.875 0.125 0.3125 0.125 R )
#(0.6875 0.625 0.6875 0.0625 0.125 0.0625 R )
#(1.0 1.0 1.0 0.0 0.0 0.0 B )
#(0.6875 0.625 0.6875 0.0625 0.125 0.0625 R )
#(1.0 0.8125 1.0 0.0 0.1875 0.0 R )
#(0.6875 0.625 0.6875 0.0625 0.125 0.0625 R )
#(1.0 0.9375 1.0 0.0 0.0625 0.0 R )
#(0.875 0.875 0.875 0.0625 0.0625 0.0625 B )
#(0.75 0.5625 0.75 0.0625 0.25 0.0625 R )
#(0.875 0.6875 0.875 0.125 0.3125 0.125 R )
#(0.9375 0.875 0.9375 0.0625 0.125 0.0625 R )
#(1.0 1.0 1.0 0.0 0.0 0.0 B )
#(0.6875 0.625 0.6875 0.0625 0.125 0.0625 R )
#(1.0 0.875 1.0 0.0 0.125 0.0 R )
#(0.6875 0.6875 0.6875 0.0625 0.0625 0.0625 B )
#(0.875 0.6875 0.875 0.125 0.3125 0.125 R )
#(0.6875 0.375 0.6875 0.0625 0.375 0.0625 R )
#(0.875 0.6875 0.875 0.125 0.3125 0.125 R )
#(0.875 0.6875 0.875 0.125 0.3125 0.125 R )
#(1.0 1.0 1.0 0.0 0.0 0.0 B )
#(0.9375 0.9375 0.9375 0.0625 0.0625 0.0625 B )
#(0.9375 0.9375 0.9375 0.0625 0.0625 0.0625 B )
#(0.875 0.6875 0.875 0.125 0.3125 0.125 R )
#(1.0 0.9375 1.0 0.0 0.0625 0.0 R )
#(1.0 1.0 1.0 0.0 0.0 0.0 B )
#(0.9375 0.9375 0.9375 0.0625 0.0625 0.0625 B )
#(0.8125 0.8125 0.8125 0.1875 0.1875 0.1875 B )
#(0.8125 0.8125 0.8125 0.1875 0.1875 0.1875 B )
#(0.5 0.5 0.5 0.5 0.5 0.5 B )
