#(0.8125 0.9375 0.9375 0.1875 0.0625 0.0625 L )
#(0.9375 0.9375 1.0 0.0625 0.0625 0.0 B )
#(0.8125 0.9375 0.9375 0.1875 0.0625 0.0625 L )
#(0.9063 0.875 0.9063 0.0938 0.125 0.0938 R )
#(1.0 1.0 1.0 0.0 0.0 0.0 B )
#(0.8125 1.0 1.0 0.1875 0.0 0.0 L )
#(0.9063 1.0 1.0 0.0938 0.0 0.0 L )
#(0.9375 0.6875 0.9375 0.0625 0.3125 0.0625 R )
#(0.5 1.0 1.0 0.5 0.0 0.0 L )
#(0.7813 1.0 1.0 0.2188 0.0 0.0 L )
#(0.875 0.875 1.0 0.125 0.125 0.0 B )
#(0.9375 0.875 1.0 0.0625 0.125 0.0 R )
#(1.0 0.8125 1.0 0.0 0.1875 0.0 R )
#(0.875 1.0 1.0 0.125 0.0 0.0 L )
#(0.875 0.875 0.875 0.125 0.125 0.125 B )
#(0.75 0.875 0.875 0.25 0.125 0.125 L )
#(0.8281 0.9375 0.9375 0.1719 0.0625 0.0625 L )
#(0.7969 1.0 1.0 0.2031 0.0 0.0 L )
#(0.875 1.0 1.0 0.125 0.0 0.0 L )
#(0.8438 0.7813 1.0 0.1563 0.2188 0.0 R )
#(0.6875 1.0 1.0 0.3125 0.0 0.0 L )
#(0.875 0.875 0.875 0.125 0.125 0.125 B )
#(0.8125 0.8125 0.8125 0.1875 0.1875 0.1875 B )
#(0.8125 0.875 0.875 0.1875 0.125 0.125 L )
#(0.875 0.9375 1.0 0.125 0.0625 0.0 L )
#(0.875 0.9375 0.9375 0.125 0.0625 0.0625 L )
#(0.9688 0.8125 1.0 0.0313 0.1875 0.0 R )
#(1.0 0.75 1.0 0.0 0.25 0.0 R )
#(0.9688 1.0 1.0 0.0313 0.0 0.0 L )
#(0.8125 1.0 1.0 0.1875 0.0 0.0 L )
#(0.9375 0.9688 1.0 0.0625 0.0313 0.0 L )
#(0.9375 0.4375 0.9375 0.0625 0.5625 0.0625 R )
#(1.0 0.7813 1.0 0.0 0.2188 0.0 R )
#(0.875 1.0 1.0 0.125 0.0 0.0 L )
#(0.9375 0.8125 1.0 0.0625 0.1875 0.0 R )
#(1.0 0.9375 1.0 0.0 0.0625 0.0 R )
#(0.9375 0.8125 1.0 0.0625 0.1875 0.0 R )
#(0.9375 1.0 1.0 0.0625 0.0 0.0 L )
#(0.9167 0.9167 0.9167 0.0833 0.0833 0.0833 B )
