27
;
#(60 76 40 57 16 17 36 )
#(60 76 40 57 16 17 36 )
#(64 77 43 60 13 17 34 )
#(64 88 40 64 24 24 48 )
#(60 76 40 57 16 17 36 )
#(60 74 40 60 14 20 34 )
#(65 82 53 64 17 11 29 )
#(67 79 50 67 12 17 29 )
#(67 84 53 67 17 14 31 )
#(71 76 0 0 5 -1 76 )
#(60 76 40 57 16 17 36 )
#(60 77 40 60 17 20 37 )
#(64 88 40 64 24 24 48 )
#(60 76 40 57 16 17 36 )
#(60 76 40 57 16 17 36 )
#(64 77 45 45 13 0 32 )
#(60 76 38 45 16 7 38 )
#(60 77 33 45 17 12 44 )
#(62 77 46 47 15 1 31 )
#(57 88 33 64 31 31 55 )
#(71 100 57 64 29 7 43 )
#(60 76 40 57 16 17 36 )
#(60 77 40 60 17 20 37 )
#(64 88 40 64 24 24 48 )
#(60 76 40 57 16 17 36 )
#(60 76 40 57 16 17 36 )
#(60 69 33 45 9 12 36 )
