27
;
#(6 0 3 3 0 1 2 10 0 0 0 2)
#(7 0 3 3 0 1 1 8 0 0 0 1)
#(5 0 2 5 0 4 0 6 2 0 4 0)
#(0 0 2 1 0 1 6 15 0 0 0 0)
#(6 0 3 3 0 1 2 10 0 0 0 2)
#(11 2 3 9 0 1 0 9 1 0 2 1)
#(12 9 0 6 0 4 0 6 9 0 4 0)
#(7 0 3 10 0 7 1 7 6 0 13 0)
#(5 0 8 7 0 6 3 13 9 0 20 1)
#(0 0 3 1 0 1 6 9 0 0 0 0)
#(6 0 3 3 0 1 2 10 0 0 0 2)
#(7 0 3 5 0 1 0 8 1 0 2 1)
#(2 0 2 2 0 3 2 13 1 0 2 0)
#(4 0 3 2 0 1 4 10 0 0 0 2)
#(6 0 3 4 0 1 2 10 0 0 0 1)
#(26 1 0 0 2 4 0 2 4 0 1 2)
#(26 0 2 6 0 9 6 9 1 1 0 2)
#(27 1 0 1 2 4 0 2 4 0 1 0)
#(1 19 6 1 0 6 2 0 6 0 1 2)
#(9 0 3 11 0 3 0 10 0 0 0 1)
#(7 2 3 8 1 3 2 8 2 2 2 2)
#(6 0 3 3 0 1 2 10 0 0 0 2)
#(7 0 3 5 0 1 0 8 1 0 2 1)
#(2 0 2 2 0 3 2 13 1 0 2 0)
#(4 0 3 2 0 1 4 10 0 0 0 2)
#(6 0 3 4 0 1 2 10 0 0 0 1)
#(3 0 0 1 0 0 0 0 0 0 0 0)
