27
;
#(0.875 0.375 1.0 0.125 0.625 0.0 R )
#(0.8333 0.375 0.9167 0.0833 0.5417 0.0 R )
#(0.9583 0.5 1.0 0.0417 0.5 0.0 R )
#(0.9583 0.125 1.0 0.0417 0.875 0.0 R )
#(0.875 0.375 1.0 0.125 0.625 0.0 R )
#(0.8333 0.625 1.0 0.1667 0.375 0.0 R )
#(1.0 1.0 1.0 0.0 0.0 0.0 B )
#(1.0 0.9583 1.0 0.0 0.0417 0.0 R )
#(1.0 0.7917 1.0 0.0 0.2083 0.0 R )
#(1.0 0.0 1.0 0.0 1.0 0.0 R )
#(0.875 0.375 1.0 0.125 0.625 0.0 R )
#(0.875 0.5 1.0 0.125 0.5 0.0 R )
#(0.9583 0.375 1.0 0.0417 0.625 0.0 R )
#(0.9167 0.25 1.0 0.0833 0.75 0.0 R )
#(0.875 0.375 1.0 0.125 0.625 0.0 R )
#(0.8333 1.0 1.0 0.1667 0.0 0.0 L )
#(1.0 1.0 1.0 0.0 0.0 0.0 B )
#(1.0 1.0 1.0 0.0 0.0 0.0 B )
#(1.0 1.0 1.0 0.0 0.0 0.0 B )
#(0.75 0.5833 0.75 0.25 0.4167 0.25 R )
#(1.0 0.25 1.0 0.0 0.75 0.0 R )
#(0.875 0.375 1.0 0.125 0.625 0.0 R )
#(0.875 0.5 1.0 0.125 0.5 0.0 R )
#(0.9583 0.375 1.0 0.0417 0.625 0.0 R )
#(0.9167 0.25 1.0 0.0833 0.75 0.0 R )
#(0.875 0.375 1.0 0.125 0.625 0.0 R )
#(0.6667 0.6667 0.6667 0.0 0.0 0.0 B )
