27
;
#(21 3 0 0 0 0 0 0 0 0 )
#(18 3 0 0 0 0 0 0 0 0 )
#(20 4 0 0 0 0 0 0 0 0 )
#(23 1 0 0 0 0 0 0 0 0 )
#(21 3 0 0 0 0 0 0 0 0 )
#(17 4 0 2 0 1 0 0 0 0 )
#(13 11 1 3 0 0 0 0 0 0 )
#(18 10 4 1 0 0 0 0 0 0 )
#(37 1 7 3 0 0 0 0 0 0 )
#(20 0 0 0 0 0 0 0 0 0 )
#(21 3 0 0 0 0 0 0 0 0 )
#(20 4 0 0 0 0 0 0 0 0 )
#(21 3 0 0 0 0 0 0 0 0 )
#(22 2 0 0 0 0 0 0 0 0 )
#(21 3 0 0 0 0 0 0 0 0 )
#(17 1 2 3 1 0 0 0 0 0 )
#(5 10 0 8 1 0 0 0 0 0 )
#(17 0 4 2 1 0 0 0 0 0 )
#(16 0 4 4 0 0 0 0 0 0 )
#(14 1 0 4 1 0 0 0 0 0 )
#(30 0 0 3 0 0 0 0 0 0 )
#(21 3 0 0 0 0 0 0 0 0 )
#(20 4 0 0 0 0 0 0 0 0 )
#(21 3 0 0 0 0 0 0 0 0 )
#(22 2 0 0 0 0 0 0 0 0 )
#(21 3 0 0 0 0 0 0 0 0 )
#(0 0 0 1 0 0 0 0 0 0 )
