18
;
#(28 0 2 1 3 3 0 2 0 1 0 2)
#(11 1 5 0 4 4 1 7 0 6 0 3)
#(29 0 2 1 5 3 0 2 0 1 0 2)
#(10 0 18 0 3 0 10 8 0 2 0 7)
#(4 1 7 0 2 0 2 11 0 5 0 11)
#(4 2 11 0 2 0 3 8 0 4 0 8)
#(4 1 8 0 2 0 4 13 0 5 0 9)
#(2 0 3 0 1 0 2 16 0 5 0 3)
#(5 0 5 0 19 2 0 1 9 3 0 11)
#(5 3 5 0 7 8 0 10 4 11 4 6)
#(13 0 9 0 3 2 8 23 0 11 0 6)
#(9 0 5 1 9 5 1 8 0 1 0 1)
#(24 0 3 1 4 4 0 2 0 2 2 2)
#(10 2 4 0 6 7 1 11 0 9 7 1)
#(8 0 6 0 9 8 1 12 0 2 0 3)
#(13 0 4 0 11 3 1 7 0 1 0 2)
#(9 0 5 0 9 4 2 11 0 2 0 4)
#(13 0 2 0 9 2 0 3 0 2 0 2)
