18
;
#(0.9167 1.0 1.0 0.0833 0.0 0.0 L )
#(1.0 0.75 1.0 0.0 0.25 0.0 R )
#(0.9167 1.0 1.0 0.0833 0.0 0.0 L )
#(1.0 1.0 1.0 0.0 0.0 0.0 B )
#(0.8542 0.5 1.0 0.1458 0.5 0.0 R )
#(0.9583 0.75 1.0 0.0417 0.25 0.0 R )
#(0.9583 0.7083 1.0 0.0417 0.2917 0.0 R )
#(0.8333 0.8333 0.9167 0.1667 0.1667 0.0833 B )
#(0.9167 1.0 1.0 0.0833 0.0 0.0 L )
#(1.0 0.75 1.0 0.0 0.25 0.0 R )
#(1.0 0.9167 1.0 0.0 0.0833 0.0 R )
#(1.0 0.5833 1.0 0.0 0.4167 0.0 R )
#(0.9167 1.0 1.0 0.0833 0.0 0.0 L )
#(0.875 1.0 1.0 0.125 0.0 0.0 L )
#(0.8542 0.6667 1.0 0.1458 0.3333 0.0 R )
#(0.9167 0.625 1.0 0.0833 0.375 0.0 R )
#(0.9583 0.75 1.0 0.0417 0.25 0.0 R )
#(0.8889 0.6667 0.8889 0.1111 0.3333 0.1111 R )
