#(0.9792 1.0 1.0 0.0208 0.0 0.0 L )
#(0.8958 1.0 1.0 0.1042 0.0 0.0 L )
#(0.75 1.0 1.0 0.25 0.0 0.0 L )
#(1.0 1.0 1.0 0.0 0.0 0.0 R )
#(1.0 1.0 1.0 0.0 0.0 0.0 B )
#(0.8958 1.0 1.0 0.1042 0.0 0.0 L )
#(1.0 1.0 1.0 0.0 0.0 0.0 B )
#(0.5833 1.0 0.8125 0.4167 0.0 0.0 L )
#(0.9375 1.0 1.0 0.0625 0.0 0.0 L )
#(0.0625 1.0 0.125 0.4375 0.0 0.0 L )
#(0.5625 0.8125 0.5625 0.0 0.0 0.0 L )
#(1.0 1.0 1.0 0.0 0.0 0.0 R )
#(1.0 1.0 1.0 0.0 0.0 0.0 B )
#(1.0 1.0 1.0 0.0 0.0 0.0 B )
#(0.9375 1.0 1.0 0.0625 0.0 0.0 L )
#(0.7917 1.0 0.9375 0.2083 0.0 0.0 L )
#(0.2917 1.0 0.8542 0.7083 0.0 0.0 L )
#(1.0 1.0 1.0 0.0 0.0 0.0 B )
