53
;
#(5 0 0 0 5 0 0 6 0 0 0 0)
#(6 0 5 0 4 4 2 7 0 3 0 3)
#(11 0 4 0 5 3 1 6 0 2 0 3)
#(12 0 4 1 2 2 0 5 0 2 0 4)
#(10 0 4 0 2 3 0 3 0 2 0 4)
#(10 0 1 0 7 4 0 1 1 7 3 1)
#(11 4 2 1 4 6 0 4 0 6 6 0)
#(9 0 9 0 3 3 1 7 0 8 0 2)
#(2 3 14 0 6 0 4 10 0 1 0 6)
#(2 1 22 0 2 0 8 2 0 8 0 2)
#(1 0 9 0 1 0 0 3 0 1 0 3)
#(8 0 1 0 0 0 5 2 0 4 0 1)
#(6 0 14 0 2 0 4 4 0 2 0 8)
#(4 1 10 0 3 1 3 3 2 5 0 11)
#(6 8 26 0 6 0 4 6 0 4 0 5)
#(7 4 13 4 11 2 4 4 2 7 0 7)
#(11 1 14 0 5 0 5 10 0 5 0 13)
#(6 0 7 0 3 1 2 11 0 4 0 6)
#(5 1 11 1 6 1 4 6 0 2 1 7)
#(4 0 10 0 2 2 2 10 2 2 1 5)
#(2 2 4 6 0 1 0 6 6 0 17 0)
#(9 0 3 9 0 4 1 7 3 1 4 3)
#(1 1 12 0 7 5 0 5 1 2 7 1)
#(4 0 2 3 17 2 1 1 3 10 0 3)
#(2 0 2 1 22 0 2 0 8 2 0 8)
#(0 3 1 0 9 1 0 0 0 3 1 0)
#(0 3 1 0 4 1 0 8 0 4 0 0)
#(0 0 3 0 1 3 0 1 0 9 1 0)
#(9 0 4 0 0 0 3 1 0 3 1 0)
#(2 0 2 0 4 6 0 6 0 10 9 0)
#(3 2 5 0 6 5 1 11 0 5 0 2)
#(6 0 3 6 0 4 0 13 2 0 0 3)
#(1 0 3 0 2 2 5 13 0 2 0 5)
#(5 0 0 0 5 0 0 6 0 0 0 0)
#(6 0 5 0 4 4 2 7 0 3 0 3)
#(11 0 4 0 5 3 1 6 0 2 0 3)
#(12 0 4 1 2 2 0 5 0 2 0 4)
#(10 0 4 0 2 3 0 3 0 2 0 4)
#(10 0 1 0 7 4 0 1 1 7 3 1)
#(11 4 2 1 4 6 0 4 0 6 6 0)
#(9 0 9 0 5 5 1 2 0 9 0 2)
#(4 0 1 0 4 4 3 25 0 3 0 6)
#(1 0 7 0 1 0 0 12 0 0 0 5)
#(3 0 3 0 2 2 0 7 0 1 0 3)
#(3 0 3 0 5 10 0 8 0 1 0 4)
#(3 2 2 4 7 3 0 14 1 2 1 2)
#(6 0 6 0 6 7 5 16 0 4 0 5)
#(3 2 3 0 6 4 6 22 2 11 2 3)
#(9 0 11 0 11 10 3 8 2 7 0 5)
#(12 0 2 0 9 8 0 11 0 2 1 4)
#(7 0 2 1 6 6 1 7 1 6 1 3)
#(9 0 4 0 10 7 0 16 0 4 0 4)
#(4 0 0 0 1 0 0 1 0 0 0 0)
