53
;
#(1.0 0.9167 1.0 0.0 0.0833 0.0 R )
#(1.0 0.5833 1.0 0.0 0.4167 0.0 R )
#(0.8125 0.7083 0.8125 0.1875 0.2917 0.1875 R )
#(0.8542 0.5 0.9792 0.1458 0.5 0.0208 R )
#(0.7083 0.5833 0.9167 0.2917 0.4167 0.0833 R )
#(0.8333 0.8333 0.8333 0.1667 0.1667 0.1667 B )
#(0.8333 1.0 1.0 0.1667 0.0 0.0 L )
#(0.6667 1.0 1.0 0.3333 0.0 0.0 L )
#(0.7292 0.9167 1.0 0.2708 0.0833 0.0 L )
#(0.8333 0.7292 0.9167 0.1667 0.2708 0.0833 R )
#(0.4583 0.8333 1.0 0.5417 0.1667 0.0 L )
#(0.625 0.8333 1.0 0.375 0.1667 0.0 L )
#(0.8333 1.0 1.0 0.1667 0.0 0.0 L )
#(0.9167 1.0 1.0 0.0833 0.0 0.0 L )
#(1.0 0.8333 1.0 0.0 0.1667 0.0 R )
#(1.0 0.9167 1.0 0.0 0.0833 0.0 R )
#(1.0 0.8333 1.0 0.0 0.1667 0.0 R )
#(0.8333 1.0 1.0 0.1667 0.0 0.0 L )
#(0.8333 1.0 1.0 0.1667 0.0 0.0 L )
#(0.7917 0.625 0.8333 0.2083 0.375 0.1667 R )
#(0.8333 1.0 1.0 0.1667 0.0 0.0 L )
#(0.8333 1.0 1.0 0.1667 0.0 0.0 L )
#(0.6667 1.0 1.0 0.3333 0.0 0.0 L )
#(0.7292 0.9167 1.0 0.2708 0.0833 0.0 L )
#(0.8333 0.7292 0.9167 0.1667 0.2708 0.0833 R )
#(0.4583 0.8333 1.0 0.5417 0.1667 0.0 L )
#(0.625 0.8333 1.0 0.375 0.1667 0.0 L )
#(0.8333 0.4583 1.0 0.1667 0.5417 0.0 R )
#(0.8333 0.625 1.0 0.1667 0.375 0.0 R )
#(0.9167 0.6667 1.0 0.0833 0.3333 0.0 R )
#(0.9583 0.6667 1.0 0.0417 0.3333 0.0 R )
#(0.6667 0.9167 1.0 0.3333 0.0833 0.0 L )
#(1.0 0.6667 1.0 0.0 0.3333 0.0 R )
#(1.0 0.9167 1.0 0.0 0.0833 0.0 R )
#(1.0 0.5833 1.0 0.0 0.4167 0.0 R )
#(0.8125 0.7083 0.8125 0.1875 0.2917 0.1875 R )
#(0.8542 0.5 0.9792 0.1458 0.5 0.0208 R )
#(0.7083 0.5 0.8333 0.2917 0.5 0.1667 R )
#(0.8333 0.8333 0.8333 0.1667 0.1667 0.1667 B )
#(0.8333 1.0 1.0 0.1667 0.0 0.0 L )
#(0.6667 1.0 1.0 0.3333 0.0 0.0 L )
#(0.8125 0.8333 1.0 0.1875 0.1667 0.0 L )
#(0.4167 0.8125 0.9167 0.5833 0.1875 0.0833 L )
#(0.625 0.8333 1.0 0.375 0.1667 0.0 L )
#(0.875 0.8333 1.0 0.125 0.1667 0.0 R )
#(0.8333 1.0 1.0 0.1667 0.0 0.0 L )
#(1.0 0.9167 1.0 0.0 0.0833 0.0 R )
#(1.0 0.8333 1.0 0.0 0.1667 0.0 R )
#(1.0 0.8333 1.0 0.0 0.1667 0.0 R )
#(0.8333 1.0 1.0 0.1667 0.0 0.0 L )
#(0.8333 1.0 1.0 0.1667 0.0 0.0 L )
#(0.9583 0.7917 1.0 0.0417 0.2083 0.0 R )
#(0.6667 0.6667 0.6667 0.3333 0.3333 0.3333 B )
