53
;
#(2 7 0 0 0 0 0 0 0 0 )
#(21 1 1 2 0 0 0 0 0 0 )
#(15 0 4 2 0 0 0 0 0 0 )
#(20 0 4 0 0 0 0 0 0 0 )
#(13 3 3 0 0 0 0 0 0 0 )
#(7 7 2 2 0 0 0 0 0 0 )
#(12 10 4 0 0 0 0 0 0 0 )
#(10 10 4 0 0 0 0 0 0 0 )
#(28 6 2 0 0 0 0 0 0 0 )
#(31 6 0 1 0 0 0 0 0 0 )
#(14 2 0 0 0 0 0 0 0 0 )
#(15 3 0 0 0 0 0 0 0 0 )
#(8 16 0 0 0 0 0 0 0 0 )
#(10 9 5 0 0 0 0 0 0 0 )
#(32 15 1 0 0 0 0 0 0 0 )
#(34 11 3 0 0 0 0 0 0 0 )
#(37 7 3 1 0 0 0 0 0 0 )
#(16 10 0 1 0 0 0 0 0 0 )
#(13 16 0 0 0 0 0 0 0 0 )
#(22 2 2 2 0 0 0 0 0 0 )
#(12 10 4 0 0 0 0 0 0 0 )
#(12 10 4 0 0 0 0 0 0 0 )
#(10 10 4 0 0 0 0 0 0 0 )
#(28 6 2 0 0 0 0 0 0 0 )
#(31 6 0 1 0 0 0 0 0 0 )
#(14 2 0 0 0 0 0 0 0 0 )
#(15 3 0 0 0 0 0 0 0 0 )
#(14 2 0 0 0 0 0 0 0 0 )
#(15 3 0 0 0 0 0 0 0 0 )
#(17 1 4 2 0 0 0 0 0 0 )
#(16 1 6 1 0 0 0 0 0 0 )
#(17 1 6 0 0 0 0 0 0 0 )
#(18 0 1 3 0 0 0 0 0 0 )
#(2 7 0 0 0 0 0 0 0 0 )
#(21 1 1 2 0 0 0 0 0 0 )
#(15 0 4 2 0 0 0 0 0 0 )
#(20 0 4 0 0 0 0 0 0 0 )
#(12 2 4 0 0 0 0 0 0 0 )
#(7 7 2 2 0 0 0 0 0 0 )
#(12 10 4 0 0 0 0 0 0 0 )
#(10 10 4 0 0 0 0 0 0 0 )
#(46 2 0 0 0 0 0 0 0 0 )
#(12 5 0 1 0 0 0 0 0 0 )
#(15 3 0 0 0 0 0 0 0 0 )
#(14 10 0 0 0 0 0 0 0 0 )
#(8 15 1 0 0 0 0 0 0 0 )
#(22 9 5 0 0 0 0 0 0 0 )
#(32 16 0 0 0 0 0 0 0 0 )
#(38 3 6 1 0 0 0 0 0 0 )
#(25 10 0 1 0 0 0 0 0 0 )
#(13 14 0 0 0 0 0 0 0 0 )
#(30 9 2 0 0 0 0 0 0 0 )
#(0 1 0 1 0 0 0 0 0 0 )
