39
;
#(60 81 31 67 21 36 50 )
#(60 81 31 69 21 38 50 )
#(72 81 48 67 9 19 33 )
#(72 84 48 72 12 24 36 )
#(69 86 48 64 17 16 38 )
#(69 88 59 64 19 5 29 )
#(68 84 50 62 16 12 34 )
#(62 86 50 67 24 17 36 )
#(78 86 55 62 8 7 31 )
#(67 86 50 62 19 12 36 )
#(67 88 47 62 21 15 41 )
#(74 88 47 67 14 20 41 )
#(74 89 50 69 15 19 39 )
#(66 84 42 69 18 27 42 )
#(55 86 31 55 31 24 55 )
#(70 88 57 75 18 18 31 )
#(50 88 38 67 38 29 50 )
#(73 88 52 62 15 10 36 )
#(67 88 54 66 21 12 34 )
#(57 84 39 62 27 23 45 )
#(68 81 39 71 13 32 42 )
#(57 77 33 74 20 41 44 )
#(59 86 31 77 27 46 55 )
#(60 88 31 79 28 48 57 )
#(73 81 53 69 8 16 28 )
#(60 84 31 67 24 36 53 )
#(76 87 56 68 11 12 31 )
#(66 84 48 64 18 16 36 )
#(69 86 48 64 17 16 38 )
#(68 88 54 64 20 10 34 )
#(62 86 50 67 24 17 36 )
#(54 79 42 55 25 13 37 )
#(71 81 59 69 10 10 22 )
#(72 84 41 55 12 14 43 )
#(67 81 40 62 14 22 41 )
#(70 84 52 67 14 15 32 )
#(67 81 53 74 14 21 28 )
#(60 81 36 72 21 36 45 )
#(64 84 36 60 20 24 48 )
