39
;
#( 1 2 7 18 12 0 0 )
#( 1 2 6 18 22 0 0 )
#( 0 0 6 22 19 0 0 )
#( 0 0 8 15 23 3 0 )
#( 0 0 18 17 34 5 0 )
#( 0 0 16 52 20 6 0 )
#( 0 0 40 29 28 6 0 )
#( 0 0 12 23 23 2 0 )
#( 0 0 8 24 7 3 0 )
#( 0 0 14 24 13 3 0 )
#( 0 2 24 12 15 5 0 )
#( 0 2 23 9 21 15 0 )
#( 0 0 25 26 22 14 0 )
#( 0 3 14 26 16 1 0 )
#( 1 12 9 14 14 2 0 )
#( 0 0 8 21 11 5 0 )
#( 0 2 16 21 4 4 0 )
#( 0 0 32 16 14 5 0 )
#( 0 0 26 41 4 9 0 )
#( 0 2 31 14 14 3 0 )
#( 0 9 10 18 22 0 0 )
#( 1 8 7 17 15 0 0 )
#( 2 3 4 6 16 2 0 )
#( 1 2 5 12 13 3 0 )
#( 0 0 7 20 25 0 0 )
#( 1 2 7 18 16 1 0 )
#( 0 0 9 29 18 3 0 )
#( 0 0 13 19 30 3 0 )
#( 0 0 13 30 34 5 0 )
#( 0 0 32 48 15 7 0 )
#( 0 0 29 25 25 3 0 )
#( 0 6 14 8 16 0 0 )
#( 0 0 1 23 30 0 0 )
#( 0 4 28 0 21 1 0 )
#( 0 10 20 9 28 0 0 )
#( 0 0 26 26 23 2 0 )
#( 0 0 14 30 28 0 0 )
#( 0 6 8 14 35 0 0 )
#( 0 5 12 7 24 3 0 )
