#(6 2 4 0 5 4 0 16 0 1 0 2)
#(7 3 6 0 10 7 0 12 0 3 0 1)
#(4 2 4 0 10 5 1 17 0 2 0 2)
#(20 1 2 0 5 7 0 6 0 5 2 1)
#(23 0 7 0 10 10 0 10 1 8 0 5)
#(22 2 22 2 18 0 2 3 0 1 1 21)
#(8 0 30 0 2 1 24 6 2 25 0 5)
#(6 0 12 2 6 0 7 8 1 8 0 10)
#(6 4 17 0 0 0 1 3 0 5 0 6)
#(7 1 17 0 2 0 3 7 0 8 0 9)
#(8 1 12 0 5 0 6 13 0 6 0 7)
#(11 0 10 0 5 0 5 18 0 9 0 12)
#(7 0 18 0 7 6 2 13 8 4 0 22)
#(15 0 8 0 2 0 8 9 0 10 0 8)
#(6 0 8 0 2 0 2 19 0 6 3 6)
#(4 1 8 2 5 0 0 11 0 6 8 0)
#(0 1 11 0 7 3 1 13 0 7 4 0)
#(1 2 21 0 9 8 0 0 2 13 0 11)
#(8 2 10 6 14 4 6 8 2 10 8 2)
#(12 0 6 6 4 4 6 2 4 14 0 6)
#(10 0 8 2 10 2 2 0 5 11 0 9)
#(9 0 8 0 7 3 0 0 2 12 0 7)
#(5 0 7 0 5 2 0 5 0 1 0 8)
#(7 2 4 0 7 3 0 11 0 1 0 1)
#(3 3 8 0 9 9 0 14 0 3 0 3)
#(10 0 4 5 0 4 2 16 2 0 0 2)
#(9 5 1 5 3 6 5 10 9 1 4 1)
#(20 0 4 0 7 7 3 10 2 6 2 4)
#(34 0 6 1 14 6 1 7 1 7 0 5)
#(13 2 28 1 9 1 10 3 1 11 1 22)
#(6 0 14 2 3 0 17 13 1 15 0 11)
#(4 0 5 0 3 2 6 18 0 2 0 4)
#(7 1 8 0 8 6 2 17 0 2 0 3)
#(7 0 6 0 8 8 1 18 0 3 0 3)
#(17 0 11 0 12 9 0 9 0 2 0 7)
#(15 8 0 0 14 9 0 15 0 8 6 2)
#(11 0 8 0 13 13 1 13 0 6 0 7)
#(12 2 10 0 11 10 0 9 0 4 0 5)
#(19 0 5 0 6 5 0 13 0 0 0 3)
