#(11 10 1 0 0 1 0 0 0 0 )
#(17 4 2 3 0 1 0 0 0 0 )
#(13 17 0 0 0 0 0 0 0 0 )
#(11 4 10 0 0 0 0 0 0 0 )
#(18 18 5 0 1 0 0 0 0 0 )
#(2 10 18 2 2 0 0 0 0 0 )
#(15 8 5 9 3 1 0 0 0 0 )
#(20 14 4 0 0 0 0 0 0 0 )
#(22 10 0 0 0 0 0 0 0 0 )
#(22 16 0 0 0 0 0 0 0 0 )
#(36 8 2 0 0 0 0 0 0 0 )
#(36 14 2 0 0 0 0 0 0 0 )
#(10 21 5 0 4 0 0 0 0 0 )
#(36 5 3 0 1 0 0 0 0 0 )
#(12 6 4 0 2 1 0 0 0 0 )
#(8 11 5 0 0 0 0 0 0 0 )
#(11 8 5 0 1 0 0 0 0 0 )
#(15 10 9 0 1 0 0 0 0 0 )
#(52 8 4 0 0 0 0 0 0 0 )
#(32 16 0 0 0 0 0 0 0 0 )
#(21 9 3 0 1 1 0 0 0 0 )
#(12 9 4 0 0 1 0 0 0 0 )
#(0 12 1 0 0 1 0 0 0 0 )
#(5 11 1 0 0 1 0 0 0 0 )
#(23 7 1 3 0 0 0 0 0 0 )
#(6 15 1 0 0 1 0 0 0 0 )
#(15 7 10 0 0 0 0 0 0 0 )
#(13 17 6 0 0 0 0 0 0 0 )
#(13 14 9 1 2 0 0 0 0 0 )
#(2 8 16 5 2 1 0 0 0 0 )
#(24 7 8 5 0 0 0 0 0 0 )
#(16 14 0 0 0 0 0 0 0 0 )
#(22 16 0 0 0 0 0 0 0 0 )
#(22 16 0 0 0 0 0 0 0 0 )
#(40 9 3 0 0 0 0 0 0 0 )
#(18 13 6 0 3 0 0 0 0 0 )
#(28 17 0 0 2 0 0 0 0 0 )
#(28 4 7 0 0 1 0 0 0 0 )
#(15 4 6 0 2 0 0 0 0 0 )
