#(0.9583 0.9167 1.0 0.0417 0.0833 0.0 R )
#(0.9167 0.9583 1.0 0.0833 0.0417 0.0 L )
#(0.9583 1.0 1.0 0.0417 0.0 0.0 L )
#(1.0 1.0 1.0 0.0 0.0 0.0 B )
#(0.8333 1.0 1.0 0.1667 0.0 0.0 L )
#(0.9167 0.9583 1.0 0.0833 0.0417 0.0 L )
#(0.9583 0.9167 1.0 0.0417 0.0833 0.0 R )
#(1.0 1.0 1.0 0.0 0.0 0.0 B )
#(1.0 1.0 1.0 0.0 0.0 0.0 B )
#(1.0 0.9167 1.0 0.0 0.0833 0.0 R )
#(0.9167 0.9583 1.0 0.0833 0.0417 0.0 L )
#(1.0 1.0 1.0 0.0 0.0 0.0 B )
#(1.0 1.0 1.0 0.0 0.0 0.0 B )
#(1.0 1.0 1.0 0.0 0.0 0.0 B )
#(1.0 0.9583 1.0 0.0 0.0417 0.0 R )
#(0.8333 1.0 1.0 0.1667 0.0 0.0 L )
