#(10 2 12 0 6 8 0 15 0 7 0 5)
#(15 0 3 1 13 8 0 12 2 9 1 2)
#(10 1 15 1 12 4 2 15 1 3 1 5)
#(15 0 6 3 17 6 0 11 6 9 0 10)
#(20 0 3 3 17 11 4 25 0 8 1 3)
#(14 1 7 2 10 12 0 16 1 4 0 15)
#(16 0 5 6 18 2 1 10 5 14 0 8)
#(8 2 8 1 13 12 0 17 1 5 0 20)
#(7 0 13 0 13 19 0 17 4 6 0 2)
#(19 0 4 1 15 4 0 16 1 3 1 2)
#(13 1 3 1 13 8 1 11 2 9 1 2)
#(12 0 15 1 14 4 1 15 1 3 0 5)
#(19 0 5 5 16 11 4 11 5 13 1 11)
#(19 2 2 0 11 12 0 20 0 8 8 2)
#(14 4 14 1 13 3 0 9 2 8 1 14)
#(16 0 16 0 9 9 2 16 2 5 0 4)
#(17 0 8 0 11 13 0 8 5 14 0 2)
#(11 0 7 0 2 8 0 12 3 6 0 10)
#(7 5 3 10 10 5 4 1 1 5 0 8)
#(4 5 0 6 5 2 8 2 10 9 0 3)
#(6 2 6 0 2 1 3 6 5 8 0 6)
#(11 1 11 0 14 9 1 16 2 3 0 7)
#(14 4 14 1 13 3 0 9 2 8 1 14)
#(16 0 16 0 9 9 2 16 2 5 0 4)
#(17 0 8 0 11 13 0 8 5 14 0 2)
#(11 0 3 0 4 6 0 13 1 2 0 2)
