#(66 76 48 66 10 18 28 )
#(67 79 48 67 12 19 31 )
#(62 71 47 62 9 15 24 )
#(57 81 45 64 24 19 36 )
#(76 83 57 71 7 14 26 )
#(69 83 54 64 14 10 29 )
#(76 81 61 76 5 15 20 )
#(66 86 50 70 20 20 36 )
#(74 86 55 71 12 16 31 )
#(69 83 54 67 14 13 29 )
#(67 76 48 64 9 16 28 )
#(62 79 48 67 17 19 31 )
#(62 86 48 69 24 21 38 )
#(69 76 50 64 7 14 26 )
#(62 76 47 57 14 10 29 )
#(69 83 54 69 14 15 29 )
#(59 86 43 63 27 20 43 )
#(76 88 55 72 12 17 33 )
#(69 88 54 72 19 18 34 )
#(66 76 48 64 10 16 28 )
#(62 79 48 67 17 19 31 )
#(62 86 35 62 24 27 51 )
#(62 86 36 62 24 26 50 )
#(67 86 55 59 19 4 31 )
