24
;
#( 0 0 13 26 9 0 0 )
#( 0 0 13 27 11 0 0 )
#( 0 2 31 24 0 0 0 )
#( 0 5 15 17 11 0 0 )
#( 0 0 5 27 30 0 0 )
#( 0 0 15 11 27 0 0 )
#( 0 0 0 27 20 0 0 )
#( 0 0 7 27 22 2 0 )
#( 0 0 7 23 24 3 0 )
#( 0 0 11 17 21 0 0 )
#( 0 0 18 23 14 0 0 )
#( 0 0 24 29 6 0 0 )
#( 0 0 13 25 10 3 0 )
#( 0 0 26 14 22 0 0 )
#( 0 1 21 22 9 0 0 )
#( 0 0 14 26 7 0 0 )
#( 0 1 25 20 10 2 0 )
#( 0 0 4 25 18 13 0 )
#( 0 0 8 19 31 6 0 )
#( 0 0 15 31 16 0 0 )
#( 0 0 24 28 6 0 0 )
#( 1 6 23 20 10 1 0 )
#( 0 2 23 34 27 5 0 )
#( 0 0 4 1 2 1 0 )
