#(11 0 5 0 8 7 0 9 0 3 0 5)
#(14 0 5 0 8 7 0 8 0 5 0 4)
#(11 0 9 0 7 8 0 7 2 6 0 7)
#(5 3 10 0 6 0 5 8 0 8 0 3)
#(9 0 16 2 6 0 2 7 0 9 0 11)
#(5 4 7 0 11 0 3 5 1 12 0 5)
#(6 0 14 0 0 0 3 9 0 6 0 9)
#(7 1 7 1 8 2 4 11 1 5 1 10)
#(6 1 8 1 8 2 2 10 1 5 0 13)
#(6 0 6 1 8 7 2 11 0 6 0 2)
#(10 1 6 0 11 9 1 9 0 4 0 4)
#(17 0 5 0 8 8 0 9 0 8 0 4)
#(10 0 7 0 3 5 3 9 6 2 0 6)
#(5 0 11 0 11 9 0 16 2 6 0 2)
#(5 1 12 0 5 5 4 7 0 11 0 3)
#(9 0 6 0 11 6 0 12 0 0 0 3)
#(11 1 5 1 10 7 1 7 1 8 2 4)
#(10 1 6 1 11 8 1 8 2 8 2 2)
#(11 0 7 0 10 9 0 11 3 7 0 6)
#(10 1 6 1 9 10 0 17 0 4 0 4)
#(17 0 5 0 7 8 0 9 0 8 0 4)
#(15 0 8 0 7 7 0 11 0 7 0 6)
#(13 0 12 0 17 11 0 29 0 1 0 8)
#(4 0 0 0 2 0 0 2 0 0 0 0)
