24
;
#(0.9688 0.9688 0.9688 0.0313 0.0313 0.0313 B )
#(1.0 0.9688 1.0 0.0 0.0313 0.0 R )
#(1.0 1.0 1.0 0.0 0.0 0.0 B )
#(0.9375 0.875 0.9375 0.0625 0.125 0.0625 R )
#(1.0 1.0 1.0 0.0 0.0 0.0 B )
#(1.0 0.875 1.0 0.0 0.125 0.0 R )
#(1.0 1.0 1.0 0.0 0.0 0.0 B )
#(0.9375 0.875 0.9375 0.0625 0.125 0.0625 R )
#(0.9375 0.75 0.9375 0.0625 0.25 0.0625 R )
#(1.0 0.75 1.0 0.0 0.25 0.0 R )
#(0.9688 0.9688 0.9688 0.0313 0.0313 0.0313 B )
#(1.0 0.9688 1.0 0.0 0.0313 0.0 R )
#(0.9375 0.875 0.9375 0.0625 0.125 0.0625 R )
#(1.0 1.0 1.0 0.0 0.0 0.0 B )
#(1.0 0.875 1.0 0.0 0.125 0.0 R )
#(1.0 1.0 1.0 0.0 0.0 0.0 B )
#(0.9375 0.875 0.9375 0.0625 0.125 0.0625 R )
#(0.9375 0.75 0.9375 0.0625 0.25 0.0625 R )
#(1.0 0.6875 1.0 0.0 0.3125 0.0 R )
#(0.875 0.9688 0.9688 0.125 0.0313 0.0313 L )
#(1.0 0.9688 1.0 0.0 0.0313 0.0 R )
#(1.0 1.0 1.0 0.0 0.0 0.0 B )
#(1.0 1.0 1.0 0.0 0.0 0.0 B )
#(0.75 0.75 0.75 0.25 0.25 0.25 B )
