#(6 7 4 4 0 0 0 0 0 0 )
#(10 6 4 3 1 0 0 0 0 0 )
#(10 8 6 2 1 0 0 0 0 0 )
#(7 0 2 5 3 0 0 0 0 0 )
#(12 23 0 1 0 0 0 0 0 0 )
#(19 10 3 0 1 0 0 0 0 0 )
#(9 13 4 0 0 0 0 0 0 0 )
#(7 2 2 5 3 1 0 0 0 0 )
#(12 0 3 6 0 2 0 0 0 0 )
#(10 6 4 1 1 1 0 0 0 0 )
#(7 8 4 3 0 0 0 1 0 0 )
#(12 6 6 3 1 0 0 0 0 0 )
#(3 5 2 3 4 0 0 0 0 0 )
#(12 23 0 1 0 0 0 0 0 0 )
#(19 10 3 0 1 0 0 0 0 0 )
#(9 13 4 0 0 0 0 0 0 0 )
#(7 2 2 5 3 1 0 0 0 0 )
#(13 0 3 5 0 3 0 0 0 0 )
#(34 1 5 2 1 0 0 0 0 0 )
#(17 7 5 4 0 0 0 0 0 0 )
#(13 5 6 3 1 0 0 0 0 0 )
#(15 6 10 1 0 0 0 0 0 0 )
#(0 12 16 1 3 0 0 0 0 0 )
#(0 0 0 2 0 0 0 0 0 0 )
