#(57 72 45 60 15 15 27 )
#(55 79 31 64 24 33 48 )
#(66 88 43 67 22 24 45 )
#(64 79 43 67 15 24 36 )
#(57 81 45 62 24 17 36 )
#(55 79 31 64 24 33 48 )
#(64 84 36 65 20 29 48 )
#(67 87 41 65 20 24 46 )
#(67 88 40 65 21 25 48 )
#(65 86 43 64 21 21 43 )
#(64 87 36 60 23 24 51 )
#(63 89 37 61 26 24 52 )
#(64 87 34 61 23 27 53 )
#(64 85 42 60 21 18 43 )
#(67 89 39 65 22 26 50 )
#(65 89 29 60 24 31 60 )
#(65 81 48 64 16 16 33 )
#(67 79 48 65 12 17 31 )
#(65 80 48 60 15 12 32 )
#(53 82 41 65 29 24 41 )
#(66 84 36 65 18 29 48 )
#(67 84 41 65 17 24 43 )
#(67 88 40 65 21 25 48 )
#(67 84 41 65 17 24 43 )
#(64 86 36 64 22 28 50 )
#(64 84 36 48 20 12 48 )
