26
;
#(0 18 1 2 0 1 0 0 0 0 )
#(6 6 6 4 2 2 0 0 0 0 )
#(3 6 9 7 1 4 0 0 0 0 )
#(9 5 4 5 5 1 0 0 0 0 )
#(3 19 2 4 0 1 0 0 0 0 )
#(7 3 2 1 5 1 0 0 0 0 )
#(2 4 4 4 1 3 0 0 0 0 )
#(2 4 7 3 3 5 0 0 0 0 )
#(2 4 4 2 2 4 0 0 0 0 )
#(4 5 9 4 2 0 0 0 0 0 )
#(2 6 3 2 7 1 0 0 0 0 )
#(0 6 8 0 11 3 0 0 0 0 )
#(0 11 2 5 7 0 0 0 0 0 )
#(0 10 7 5 2 1 0 0 0 0 )
#(4 5 0 8 4 1 0 0 0 0 )
#(2 0 4 4 4 4 0 0 0 0 )
#(13 4 7 2 0 0 0 0 0 0 )
#(12 7 6 2 0 0 0 0 0 0 )
#(13 4 8 2 0 0 0 0 0 0 )
#(12 5 0 3 3 0 0 0 0 0 )
#(6 12 1 3 0 0 0 0 0 0 )
#(2 8 7 2 2 3 0 0 0 0 )
#(2 0 5 3 3 5 0 0 0 0 )
#(2 8 7 2 2 3 0 0 0 0 )
#(4 5 6 4 2 0 0 0 0 0 )
#(0 0 0 1 1 0 0 0 0 0 )
