22
;
#(11 3 4 6 1 0 0 0 0 0 )
#(1 14 2 5 1 0 0 0 0 0 )
#(8 11 2 5 1 4 0 0 0 0 )
#(10 5 2 9 1 4 0 0 0 0 )
#(7 2 6 7 3 1 0 0 0 0 )
#(0 14 6 5 3 1 0 0 0 0 )
#(8 9 6 6 2 1 0 0 0 0 )
#(5 2 11 1 5 1 1 0 0 0 )
#(8 6 5 5 0 0 0 0 0 0 )
#(8 6 5 7 2 0 0 0 0 0 )
#(0 20 0 2 0 4 0 0 0 0 )
#(11 4 2 9 1 4 0 0 0 0 )
#(8 2 2 7 2 0 0 0 0 0 )
#(5 8 2 6 6 3 0 0 0 0 )
#(5 2 3 4 10 1 0 0 0 0 )
#(2 9 3 6 8 2 0 0 0 0 )
#(6 6 7 1 4 2 0 0 0 0 )
#(0 5 6 4 1 6 1 0 0 0 )
#(4 1 6 4 1 9 0 0 0 0 )
#(0 5 6 5 0 6 1 0 0 0 )
#(9 4 4 5 1 5 0 0 0 0 )
#(0 3 0 0 3 1 0 0 0 0 )
