22
;
#(0 19 0 0 0 0 0 0 0 0 )
#(5 5 2 8 1 1 0 0 0 0 )
#(10 1 5 7 2 2 0 0 0 0 )
#(5 6 4 6 3 0 0 0 0 0 )
#(10 5 8 5 2 0 0 0 0 0 )
#(12 4 2 4 1 2 1 0 0 0 )
#(13 6 4 8 0 0 0 0 0 0 )
#(12 7 4 8 0 0 0 0 0 0 )
#(14 4 7 3 1 0 0 0 0 0 )
#(12 5 5 2 0 2 1 0 0 0 )
#(9 4 5 9 1 0 0 0 0 0 )
#(6 3 2 6 4 2 0 0 0 0 )
#(6 4 6 9 1 0 0 0 0 0 )
#(10 6 4 3 2 2 0 0 0 0 )
#(8 6 4 6 0 0 0 0 0 0 )
#(8 7 2 7 0 0 0 0 0 0 )
#(8 6 2 7 1 0 0 0 0 0 )
#(12 5 3 7 1 0 0 0 0 0 )
#(7 5 9 4 2 1 0 0 0 0 )
#(4 1 3 3 5 4 0 0 0 0 )
#(7 5 9 4 2 1 0 0 0 0 )
#(5 3 1 4 5 1 0 0 0 0 )
