31
;
#(66 81 54 62 15 8 27 )
#(71 79 54 67 8 13 25 )
#(64 86 43 60 22 17 43 )
#(62 86 47 60 24 13 39 )
#(55 69 31 59 14 28 38 )
#(61 81 38 69 20 31 43 )
#(73 83 57 69 10 12 26 )
#(73 81 50 69 8 19 31 )
#(68 86 50 69 18 19 36 )
#(68 86 54 69 18 15 32 )
#(68 83 54 67 15 13 29 )
#(64 83 52 64 19 12 31 )
#(62 83 45 62 21 17 38 )
#(66 86 50 66 20 16 36 )
#(73 86 50 73 13 23 36 )
#(73 88 50 62 15 12 38 )
#(67 83 50 62 16 12 33 )
#(62 84 50 62 22 12 34 )
#(66 81 54 62 15 8 27 )
#(68 83 55 64 15 9 28 )
#(72 84 57 72 12 15 27 )
#(55 74 31 67 19 36 43 )
#(61 76 38 62 15 24 38 )
#(66 88 50 74 22 24 38 )
#(66 86 43 74 20 31 43 )
#(61 79 43 62 18 19 36 )
#(61 79 47 62 18 15 32 )
#(73 88 59 72 15 13 29 )
#(62 84 45 67 22 22 39 )
#(62 88 43 67 26 24 45 )
#(67 79 43 55 12 12 36 )
