#( 0 0 9 12 6 0 0 )
#( 0 0 10 6 15 0 0 )
#( 0 1 10 15 15 3 0 )
#( 0 1 12 11 20 3 0 )
#( 6 17 20 26 0 0 0 )
#( 0 12 14 29 10 0 0 )
#( 0 0 4 26 21 0 0 )
#( 0 0 11 28 33 0 0 )
#( 0 0 6 16 29 3 0 )
#( 0 0 8 23 33 3 0 )
#( 0 0 19 32 31 0 0 )
#( 0 0 9 13 28 0 0 )
#( 0 1 9 20 37 0 0 )
#( 0 0 4 15 12 3 0 )
#( 0 0 4 11 22 1 0 )
#( 0 0 12 6 21 7 0 )
#( 0 0 2 33 27 0 0 )
#( 0 0 9 25 11 1 0 )
#( 0 0 9 12 12 0 0 )
#( 0 0 11 17 7 0 0 )
#( 0 0 6 18 19 2 0 )
#( 6 17 19 26 2 0 0 )
#( 0 12 17 27 9 0 0 )
#( 0 0 9 25 11 6 0 )
#( 0 1 5 24 36 7 0 )
#( 0 2 11 25 16 0 0 )
#( 0 2 18 29 18 0 0 )
#( 0 0 4 33 33 12 0 )
#( 0 2 13 23 11 1 0 )
#( 0 3 11 21 24 8 0 )
#( 0 4 9 5 8 0 0 )
