31
;
#(2 0 6 0 4 4 0 8 0 0 0 3)
#(8 0 2 0 5 2 0 7 0 4 0 3)
#(12 0 4 0 6 6 0 5 0 6 0 5)
#(9 0 6 0 7 6 0 11 0 4 0 4)
#(6 0 7 0 11 14 0 15 0 10 3 3)
#(12 0 15 0 9 3 4 9 0 5 0 8)
#(5 0 20 0 3 0 4 5 0 7 0 7)
#(6 0 22 0 4 0 10 11 0 12 0 7)
#(7 3 11 0 5 2 7 10 1 4 1 3)
#(7 3 14 0 8 2 4 12 1 5 1 10)
#(10 2 22 0 7 0 6 12 0 11 0 12)
#(10 0 6 0 6 0 5 6 1 8 0 8)
#(9 2 7 1 6 1 9 15 1 8 1 7)
#(2 1 4 0 1 1 4 15 0 1 0 5)
#(6 2 7 0 2 0 2 5 0 6 0 8)
#(5 0 5 0 1 0 5 15 1 9 0 5)
#(4 0 5 0 8 8 0 29 0 4 0 4)
#(7 0 9 0 6 5 0 10 0 3 0 6)
#(2 0 6 0 4 4 1 10 0 1 0 5)
#(1 4 3 0 9 5 0 5 0 8 0 0)
#(10 0 6 0 2 10 0 1 1 9 4 2)
#(5 0 7 0 11 14 1 16 0 10 3 3)
#(12 0 12 0 11 4 4 12 0 4 0 6)
#(5 0 7 0 7 5 0 20 0 3 0 4)
#(12 0 12 0 7 6 0 22 0 4 0 10)
#(10 1 4 1 3 7 3 11 0 5 2 7)
#(12 1 5 1 10 7 3 14 0 8 2 4)
#(12 0 11 0 12 10 2 22 0 7 0 6)
#(7 1 8 0 9 9 0 6 0 5 0 5)
#(16 1 7 1 7 8 2 7 1 7 1 9)
#(12 0 1 0 3 2 0 2 0 1 1 4)
