31
;
#(0.5833 0.75 0.8333 0.25 0.0833 0.0 L )
#(0.9167 0.8333 1.0 0.0833 0.1667 0.0 R )
#(0.9167 0.6667 1.0 0.0833 0.3333 0.0 R )
#(1.0 0.75 1.0 0.0 0.25 0.0 R )
#(0.875 0.875 0.875 0.125 0.125 0.125 B )
#(0.9583 0.9167 1.0 0.0417 0.0833 0.0 R )
#(0.875 1.0 1.0 0.125 0.0 0.0 L )
#(0.875 0.9167 1.0 0.125 0.0833 0.0 L )
#(0.9167 0.75 1.0 0.0833 0.25 0.0 R )
#(0.9583 0.8333 1.0 0.0417 0.1667 0.0 R )
#(1.0 0.875 1.0 0.0 0.125 0.0 R )
#(0.9583 0.9583 1.0 0.0417 0.0417 0.0 B )
#(0.9583 1.0 1.0 0.0417 0.0 0.0 L )
#(0.375 0.5 0.5833 0.375 0.25 0.1667 L )
#(0.6667 0.6667 1.0 0.3333 0.3333 0.0 B )
#(0.8333 0.75 1.0 0.1667 0.25 0.0 R )
#(0.9167 1.0 1.0 0.0833 0.0 0.0 L )
#(0.875 0.75 0.875 0.125 0.25 0.125 R )
#(0.75 0.75 1.0 0.25 0.25 0.0 B )
#(0.6667 0.9167 1.0 0.3333 0.0833 0.0 L )
#(0.9167 0.9167 1.0 0.0833 0.0833 0.0 B )
#(0.875 0.875 0.875 0.125 0.125 0.125 B )
#(0.9583 0.9167 1.0 0.0417 0.0833 0.0 R )
#(0.875 1.0 1.0 0.125 0.0 0.0 L )
#(0.875 0.9167 1.0 0.125 0.0833 0.0 L )
#(0.9167 0.75 1.0 0.0833 0.25 0.0 R )
#(0.9583 0.8333 1.0 0.0417 0.1667 0.0 R )
#(1.0 0.875 1.0 0.0 0.125 0.0 R )
#(0.9583 0.9583 1.0 0.0417 0.0417 0.0 B )
#(0.9583 1.0 1.0 0.0417 0.0 0.0 L )
#(0.5833 0.6667 0.6667 0.25 0.1667 0.1667 L )
