#(15 6 0 0 0 0 0 0 0 0 )
#(12 2 5 0 0 0 0 0 0 0 )
#(27 1 5 0 0 0 0 0 0 0 )
#(24 1 7 0 0 0 0 0 0 0 )
#(15 0 18 0 0 0 0 0 0 0 )
#(15 4 14 0 0 0 0 0 0 0 )
#(17 17 0 0 0 0 0 0 0 0 )
#(14 26 2 0 0 0 0 0 0 0 )
#(18 1 10 1 0 0 0 0 0 0 )
#(22 1 9 4 0 0 0 0 0 0 )
#(32 4 2 9 0 0 0 0 0 0 )
#(15 9 3 2 0 0 0 0 0 0 )
#(35 10 0 3 0 0 0 0 0 0 )
#(8 3 0 5 0 0 0 0 0 0 )
#(15 5 3 1 0 0 0 0 0 0 )
#(18 6 4 1 0 0 0 0 0 0 )
#(8 6 14 0 0 0 0 0 0 0 )
#(5 10 7 0 0 0 0 0 0 0 )
#(21 6 0 0 0 0 0 0 0 0 )
#(15 10 0 0 0 0 0 0 0 0 )
#(15 15 0 0 0 0 0 0 0 0 )
#(15 0 17 1 0 0 0 0 0 0 )
#(15 4 14 0 0 0 0 0 0 0 )
#(17 17 0 0 0 0 0 0 0 0 )
#(13 27 2 0 0 0 0 0 0 0 )
#(18 1 10 1 0 0 0 0 0 0 )
#(22 1 9 4 0 0 0 0 0 0 )
#(32 4 2 9 0 0 0 0 0 0 )
#(15 9 3 2 0 0 0 0 0 0 )
#(35 10 0 3 0 0 0 0 0 0 )
#(8 0 2 3 0 0 0 0 0 0 )
