281
;
#(20 6 0 0 0 0 0 0 0 0 )
#(19 8 0 0 0 0 0 0 0 0 )
#(22 10 0 0 0 0 0 0 0 0 )
#(20 6 0 0 0 0 0 0 0 0 )
#(15 8 0 0 0 0 0 0 0 0 )
#(19 7 1 0 0 0 0 0 0 0 )
#(20 6 0 0 0 0 0 0 0 0 )
#(15 8 2 0 0 0 0 0 0 0 )
#(24 8 0 0 0 0 0 0 0 0 )
#(10 3 0 0 0 0 0 0 0 0 )
#(29 7 0 0 0 0 0 0 0 0 )
#(24 13 0 0 0 0 0 0 0 0 )
#(10 14 6 0 0 0 0 0 0 0 )
#(27 8 1 0 0 0 0 0 0 0 )
#(23 9 4 0 0 0 0 0 0 0 )
#(16 17 2 0 0 0 0 0 0 0 )
#(10 6 0 0 0 0 0 0 0 0 )
#(3 11 0 0 0 0 0 0 0 0 )
#(8 9 0 0 0 0 0 0 0 0 )
#(3 11 0 0 0 0 0 0 0 0 )
#(8 9 0 0 0 0 0 0 0 0 )
#(9 8 0 0 0 0 0 0 0 0 )
#(10 2 6 0 0 0 0 0 0 0 )
#(10 1 11 0 0 0 0 0 0 0 )
#(11 1 5 0 0 0 0 0 0 0 )
#(10 7 0 0 0 0 0 0 0 0 )
#(3 11 0 0 0 0 0 0 0 0 )
#(8 9 0 0 0 0 0 0 0 0 )
#(3 11 0 0 0 0 0 0 0 0 )
#(11 6 0 0 0 0 0 0 0 0 )
#(13 9 0 0 0 0 0 0 0 0 )
#(13 4 0 0 0 0 0 0 0 0 )
#(11 11 0 0 0 0 0 0 0 0 )
#(9 4 1 1 0 0 0 0 0 0 )
#(2 0 1 1 0 0 0 0 0 0 )
#(6 10 0 0 0 0 0 0 0 0 )
#(7 8 4 0 0 0 0 0 0 0 )
#(16 13 0 0 0 0 0 0 0 0 )
#(13 6 6 0 0 0 0 0 0 0 )
#(18 13 0 0 0 0 0 0 0 0 )
#(15 5 0 0 0 0 0 0 0 0 )
#(12 9 0 0 0 0 0 0 0 0 )
#(15 12 0 0 0 0 0 0 0 0 )
#(22 3 1 0 0 0 0 0 0 0 )
#(8 11 0 0 0 0 0 0 0 0 )
#(7 12 0 0 0 0 0 0 0 0 )
#(14 9 4 0 0 0 0 0 0 0 )
#(9 11 4 0 0 0 0 0 0 0 )
#(15 16 0 0 0 0 0 0 0 0 )
#(18 9 0 1 0 0 0 0 0 0 )
#(0 0 0 1 0 0 0 0 0 0 )
#(16 8 0 0 0 0 0 0 0 0 )
#(12 1 7 1 0 0 0 0 0 0 )
#(15 9 0 0 0 0 0 0 0 0 )
#(8 11 3 0 0 0 0 0 0 0 )
#(16 8 0 0 0 0 0 0 0 0 )
#(16 1 7 0 0 0 0 0 0 0 )
#(12 1 7 1 0 0 0 0 0 0 )
#(4 10 0 0 0 0 0 0 0 0 )
#(7 10 0 0 0 0 0 0 0 0 )
#(16 4 0 0 0 0 0 0 0 0 )
#(17 7 0 0 0 0 0 0 0 0 )
#(4 10 0 0 0 0 0 0 0 0 )
#(7 10 0 0 0 0 0 0 0 0 )
#(18 4 0 0 0 0 0 0 0 0 )
#(10 8 0 0 0 0 0 0 0 0 )
#(6 11 0 0 0 0 0 0 0 0 )
#(11 7 0 0 0 0 0 0 0 0 )
#(5 7 0 0 0 0 0 0 0 0 )
#(7 7 0 0 0 0 0 0 0 0 )
#(16 6 2 0 0 0 0 0 0 0 )
#(13 5 0 0 0 0 0 0 0 0 )
#(7 7 0 0 0 0 0 0 0 0 )
#(9 9 0 0 0 0 0 0 0 0 )
#(16 6 2 0 0 0 0 0 0 0 )
#(7 11 0 0 0 0 0 0 0 0 )
#(0 8 1 0 0 0 0 0 0 0 )
#(7 10 0 0 0 0 0 0 0 0 )
#(12 6 0 0 0 0 0 0 0 0 )
#(14 8 0 0 0 0 0 0 0 0 )
#(11 7 0 0 0 0 0 0 0 0 )
#(7 10 0 0 0 0 0 0 0 0 )
#(12 6 0 0 0 0 0 0 0 0 )
#(15 7 0 0 0 0 0 0 0 0 )
#(11 11 0 0 0 0 0 0 0 0 )
#(4 1 0 2 0 0 0 0 0 0 )
#(13 25 0 0 0 0 0 0 0 0 )
#(22 12 6 0 0 0 0 0 0 0 )
#(3 8 14 0 2 0 0 0 0 0 )
#(37 14 1 0 0 0 0 0 0 0 )
#(22 22 0 0 0 0 0 0 0 0 )
#(25 17 1 0 0 0 0 0 0 0 )
#(17 11 5 0 0 0 0 0 0 0 )
#(12 27 0 0 0 0 0 0 0 0 )
#(13 17 2 0 0 0 0 0 0 0 )
#(14 22 2 0 0 0 0 0 0 0 )
#(3 6 17 6 0 0 0 0 0 0 )
#(4 0 21 0 2 0 0 0 0 0 )
#(37 14 1 0 0 0 0 0 0 0 )
#(20 22 0 0 0 0 0 0 0 0 )
#(37 14 0 0 0 0 0 0 0 0 )
#(19 6 3 3 0 0 0 0 0 0 )
#(14 8 0 0 0 0 0 0 0 0 )
#(16 7 2 0 0 0 0 0 0 0 )
#(15 8 0 0 0 0 0 0 0 0 )
#(14 6 2 2 0 0 0 0 0 0 )
#(6 4 12 0 0 0 0 0 0 0 )
#(28 1 3 0 0 0 0 0 0 0 )
#(6 4 12 0 0 0 0 0 0 0 )
#(21 4 3 0 0 0 0 0 0 0 )
#(3 9 7 0 0 0 0 0 0 0 )
#(3 10 6 0 0 0 0 0 0 0 )
#(5 7 9 0 0 0 0 0 0 0 )
#(22 1 6 1 0 0 0 0 0 0 )
#(25 0 6 1 0 0 0 0 0 0 )
#(16 0 5 2 0 0 0 0 0 0 )
#(13 0 2 0 0 0 0 0 0 0 )
#(6 4 12 0 0 0 0 0 0 0 )
#(28 1 3 0 0 0 0 0 0 0 )
#(6 4 12 0 0 0 0 0 0 0 )
#(21 4 3 0 0 0 0 0 0 0 )
#(3 9 7 0 0 0 0 0 0 0 )
#(11 3 10 0 0 0 0 0 0 0 )
#(3 9 7 0 0 0 0 0 0 0 )
#(14 3 10 0 0 0 0 0 0 0 )
#(21 0 6 0 0 0 0 0 0 0 )
#(4 0 3 0 0 0 0 0 0 0 )
#(14 11 2 0 0 0 0 0 0 0 )
#(20 8 2 0 0 0 0 0 0 0 )
#(14 11 3 0 0 0 0 0 0 0 )
#(18 20 0 0 0 0 0 0 0 0 )
#(24 8 1 0 0 0 0 0 0 0 )
#(14 5 6 0 0 0 0 0 0 0 )
#(19 9 3 0 0 0 0 0 0 0 )
#(22 1 1 0 1 0 0 0 0 0 )
#(23 16 0 0 0 0 0 0 0 0 )
#(33 15 0 0 0 0 0 0 0 0 )
#(27 15 6 0 0 0 0 0 0 0 )
#(22 9 0 0 0 0 0 0 0 0 )
#(12 13 2 0 0 0 0 0 0 0 )
#(24 14 2 0 0 0 0 0 0 0 )
#(30 5 3 0 0 0 0 0 0 0 )
#(14 8 4 0 0 0 0 0 0 0 )
#(16 9 4 0 0 0 0 0 0 0 )
#(12 5 2 0 1 0 0 0 0 0 )
#(2 4 8 0 0 0 0 0 0 0 )
#(6 3 6 0 0 0 0 0 0 0 )
#(2 2 12 0 0 0 0 0 0 0 )
#(4 4 3 4 0 0 0 0 0 0 )
#(24 4 0 0 0 0 0 0 0 0 )
#(20 6 6 0 0 0 0 0 0 0 )
#(12 2 9 0 0 0 0 0 0 0 )
#(11 4 4 0 0 0 0 0 0 0 )
#(11 2 10 0 0 0 0 0 0 0 )
#(21 5 6 0 0 0 0 0 0 0 )
#(22 0 10 0 0 0 0 0 0 0 )
#(4 0 4 1 0 0 0 0 0 0 )
#(29 0 4 0 1 0 0 0 0 0 )
#(34 14 0 0 0 0 0 0 0 0 )
#(40 8 0 0 0 0 0 0 0 0 )
#(29 0 4 0 1 0 0 0 0 0 )
#(34 14 0 0 0 0 0 0 0 0 )
#(39 8 1 0 0 0 0 0 0 0 )
#(30 4 1 2 0 0 0 0 0 0 )
#(32 14 0 0 0 0 0 0 0 0 )
#(36 9 3 0 0 0 0 0 0 0 )
#(42 10 0 0 0 0 0 0 0 0 )
#(36 8 2 0 0 0 0 0 0 0 )
#(39 0 9 0 0 0 0 0 0 0 )
#(23 3 3 1 0 0 0 0 0 0 )
#(23 14 2 0 0 0 0 0 0 0 )
#(32 15 1 0 0 0 0 0 0 0 )
#(28 16 2 0 0 0 0 0 0 0 )
#(30 16 2 0 0 0 0 0 0 0 )
#(38 0 10 0 0 0 0 0 0 0 )
#(39 1 8 0 0 0 0 0 0 0 )
#(35 12 1 0 0 0 0 0 0 0 )
#(35 8 5 0 0 0 0 0 0 0 )
#(24 6 4 0 0 0 0 0 0 0 )
#(32 14 2 0 0 0 0 0 0 0 )
#(34 14 0 0 0 0 0 0 0 0 )
#(37 11 0 0 0 0 0 0 0 0 )
#(37 3 0 0 0 0 0 0 0 0 )
#(28 17 3 0 0 0 0 0 0 0 )
#(32 14 0 0 0 0 0 0 0 0 )
#(28 17 3 0 0 0 0 0 0 0 )
#(34 12 2 0 0 0 0 0 0 0 )
#(36 0 12 0 0 0 0 0 0 0 )
#(40 3 5 0 0 0 0 0 0 0 )
#(35 12 1 0 0 0 0 0 0 0 )
#(35 8 5 0 0 0 0 0 0 0 )
#(16 0 3 0 0 0 0 0 0 0 )
#(6 9 0 1 0 0 0 0 0 0 )
#(8 7 0 1 0 0 0 0 0 0 )
#(8 7 3 0 0 0 0 0 0 0 )
#(6 9 0 1 0 0 0 0 0 0 )
#(9 7 0 1 0 0 0 0 0 0 )
#(9 8 2 0 0 0 0 0 0 0 )
#(10 14 0 0 0 0 0 0 0 0 )
#(12 11 1 0 0 0 0 0 0 0 )
#(9 15 0 0 0 0 0 0 0 0 )
#(8 14 1 0 0 0 0 0 0 0 )
#(12 0 2 6 0 0 0 0 0 0 )
#(10 0 0 7 0 0 0 0 0 0 )
#(6 9 1 0 0 0 0 0 0 0 )
#(8 7 0 1 0 0 0 0 0 0 )
#(11 10 0 0 0 0 0 0 0 0 )
#(10 12 0 2 0 0 0 0 0 0 )
#(14 8 0 2 0 0 0 0 0 0 )
#(6 14 3 0 0 0 0 0 0 0 )
#(11 2 6 0 0 0 0 0 0 0 )
#(16 4 2 0 2 0 0 0 0 0 )
#(5 0 2 0 0 0 0 0 0 0 )
#(14 2 6 0 0 0 0 0 0 0 )
#(16 2 6 0 0 0 0 0 0 0 )
#(14 2 7 0 0 0 0 0 0 0 )
#(16 2 6 0 0 0 0 0 0 0 )
#(18 0 6 0 0 0 0 0 0 0 )
#(22 0 5 1 0 0 0 0 0 0 )
#(29 0 3 0 0 0 0 0 0 0 )
#(18 2 6 0 0 0 0 0 0 0 )
#(16 2 6 0 0 0 0 0 0 0 )
#(12 10 1 0 0 0 0 0 0 0 )
#(15 4 5 0 0 0 0 0 0 0 )
#(14 7 1 0 0 0 0 0 0 0 )
#(7 0 12 0 0 0 0 0 0 0 )
#(14 2 2 0 0 0 0 0 0 0 )
#(2 1 0 3 1 0 0 0 0 0 )
#(11 5 0 0 0 0 0 0 0 0 )
#(11 7 0 0 0 0 0 0 0 0 )
#(11 5 0 0 0 0 0 0 0 0 )
#(13 7 0 0 0 0 0 0 0 0 )
#(8 8 0 2 0 0 0 0 0 0 )
#(12 2 4 4 0 0 0 0 0 0 )
#(13 4 1 0 0 0 0 0 0 0 )
#(11 5 0 0 0 0 0 0 0 0 )
#(14 8 0 0 0 0 0 0 0 0 )
#(25 7 0 0 0 0 0 0 0 0 )
#(21 1 2 3 0 0 0 0 0 0 )
#(16 1 3 4 0 0 0 0 0 0 )
#(16 2 4 2 0 0 0 0 0 0 )
#(5 0 1 1 0 0 0 0 0 0 )
#(18 16 1 0 0 0 0 0 0 0 )
#(20 18 2 0 0 0 0 0 0 0 )
#(34 19 3 0 0 0 0 0 0 0 )
#(8 27 1 0 0 0 0 0 0 0 )
#(28 20 1 0 0 0 0 0 0 0 )
#(16 19 2 0 2 0 0 0 0 0 )
#(16 16 0 0 0 0 0 0 0 0 )
#(29 9 6 0 0 0 0 0 0 0 )
#(45 0 12 1 0 0 0 0 0 0 )
#(17 6 8 0 2 0 0 0 0 0 )
#(18 6 12 0 0 0 0 0 0 0 )
#(31 7 6 0 0 0 0 0 0 0 )
#(10 10 12 0 0 0 0 0 0 0 )
#(34 4 12 2 0 0 0 0 0 0 )
#(24 11 5 0 0 0 0 0 0 0 )
#(20 24 0 0 0 0 0 0 0 0 )
#(27 18 3 0 0 0 0 0 0 0 )
#(19 20 3 0 0 0 0 0 0 0 )
#(20 24 0 0 3 0 0 0 0 0 )
#(16 16 0 0 0 0 0 0 0 0 )
#(22 13 3 0 0 0 0 0 0 0 )
#(43 0 12 0 1 0 0 0 0 0 )
#(26 6 11 0 2 0 0 0 0 0 )
#(4 7 10 0 0 0 0 0 0 0 )
#(12 7 5 2 1 0 0 0 0 0 )
#(11 6 10 1 0 0 0 0 0 0 )
#(22 9 7 1 0 0 0 0 0 0 )
#(13 2 15 0 2 0 0 0 0 0 )
#(18 0 22 0 0 0 0 0 0 0 )
#(2 9 5 0 0 0 0 0 0 0 )
#(22 21 2 0 0 0 0 0 0 0 )
#(28 12 8 0 0 0 0 0 0 0 )
#(25 0 11 0 0 0 0 0 0 0 )
#(3 3 20 1 0 0 0 0 0 0 )
#(15 5 13 0 0 0 0 0 0 0 )
#(12 12 7 0 0 0 0 0 0 0 )
#(16 10 8 0 0 0 0 0 0 0 )
#(25 16 3 0 0 0 0 0 0 0 )
#(13 8 2 0 0 0 0 0 0 0 )
