19
;
#(3 0 4 0 4 5 0 6 0 0 0 1)
#(5 0 7 0 7 7 1 8 0 3 0 3)
#(4 1 7 0 3 0 2 6 0 2 0 6)
#(5 1 3 0 5 3 4 6 2 4 1 4)
#(6 0 5 1 5 5 2 3 0 1 0 4)
#(6 0 5 0 5 5 0 4 0 0 0 3)
#(3 0 8 0 7 8 1 7 0 3 0 3)
#(9 0 1 0 7 3 0 6 0 3 0 2)
#(10 0 3 0 1 8 0 1 0 4 0 2)
#(16 0 1 1 4 7 0 8 0 10 8 1)
#(6 0 8 2 2 6 1 13 0 6 6 3)
#(9 0 3 0 8 4 0 13 0 4 0 3)
#(10 0 6 0 6 3 1 4 0 0 0 1)
#(14 1 2 0 6 5 0 4 1 3 0 3)
#(11 6 1 0 1 3 0 3 2 1 1 4)
#(20 0 1 0 4 8 0 7 0 9 6 1)
#(8 0 7 3 1 7 1 7 0 11 8 1)
#(14 0 2 0 5 8 0 5 0 5 6 0)
#(7 0 2 0 1 9 0 6 0 8 4 1)
