#(0.9688 0.875 0.9688 0.0313 0.125 0.0313 R )
#(0.9688 0.7188 0.9688 0.0313 0.2813 0.0313 R )
#(0.9688 0.875 0.9688 0.0313 0.125 0.0313 R )
#(0.7813 0.8438 1.0 0.2188 0.1563 0.0 L )
#(0.8906 0.875 1.0 0.1094 0.125 0.0 R )
#(0.7813 0.8438 1.0 0.2188 0.1563 0.0 L )
#(0.875 0.7031 0.9531 0.125 0.2969 0.0469 R )
#(0.9688 0.875 0.9688 0.0313 0.125 0.0313 R )
#(0.9375 0.9375 1.0 0.0625 0.0625 0.0 B )
#(0.9688 0.9688 1.0 0.0313 0.0313 0.0 B )
#(0.875 0.7969 0.9688 0.125 0.2031 0.0313 R )
#(0.9688 0.875 0.9688 0.0313 0.125 0.0313 R )
#(0.8594 0.9063 0.9688 0.1406 0.0938 0.0313 L )
#(0.8594 0.8125 0.9063 0.1406 0.1875 0.0938 R )
