#(0 8 2 2 0 0 0 0 0 0 )
#(6 1 2 5 0 0 0 0 0 0 )
#(19 0 4 0 1 0 0 0 0 0 )
#(10 4 4 2 0 0 0 0 0 0 )
#(12 10 4 0 0 0 0 0 0 0 )
#(12 10 2 0 0 0 0 0 0 0 )
#(5 13 2 0 0 0 0 0 0 0 )
#(6 16 0 0 0 0 0 0 0 0 )
#(31 8 0 1 0 0 0 0 0 0 )
#(31 5 3 2 0 0 0 0 0 0 )
#(27 1 8 1 0 0 0 0 0 0 )
#(15 3 1 2 0 0 0 0 0 0 )
#(30 4 0 0 1 1 0 0 0 0 )
#(9 2 0 1 0 0 0 0 0 0 )
#(11 6 0 2 0 0 0 0 0 0 )
#(24 5 7 0 0 0 0 0 0 0 )
#(18 1 3 1 0 0 0 0 0 0 )
#(18 0 6 1 1 0 0 0 0 0 )
#(12 8 2 1 0 0 0 0 0 0 )
#(12 10 4 0 0 0 0 0 0 0 )
#(12 10 2 0 0 0 0 0 0 0 )
#(5 13 2 0 0 0 0 0 0 0 )
#(6 16 0 0 0 0 0 0 0 0 )
#(27 12 0 1 0 0 0 0 0 0 )
#(31 5 3 2 0 0 0 0 0 0 )
#(27 1 8 1 0 0 0 0 0 0 )
#(0 0 1 2 0 0 0 0 0 0 )
