#( 0 1 21 21 1 0 0 )
#( 0 7 15 13 29 1 0 )
#( 0 10 19 17 28 1 0 )
#( 0 7 15 13 29 1 0 )
#( 0 9 19 18 21 1 0 )
#( 0 7 17 27 23 0 0 )
#( 0 8 24 21 29 10 0 )
#( 0 5 21 27 29 1 0 )
#( 0 10 22 32 27 0 0 )
#( 0 8 14 13 24 3 0 )
#( 0 7 19 15 27 1 0 )
#( 0 10 15 15 30 1 0 )
#( 0 7 18 15 27 1 0 )
#( 0 11 18 26 11 1 0 )
#( 0 13 19 38 3 0 0 )
#( 0 4 20 30 23 0 0 )
#( 0 17 12 37 3 0 0 )
#( 2 13 13 28 11 0 0 )
#( 0 2 13 20 40 0 0 )
#( 3 7 20 18 37 2 0 )
#( 0 2 13 20 40 0 0 )
#( 1 7 13 18 42 0 0 )
#( 0 3 1 2 4 1 0 )
