#( 1 3 28 18 10 0 0 )
#( 0 0 32 23 18 0 0 )
#( 0 2 15 16 16 0 0 )
#( 1 5 8 34 0 0 0 )
#( 0 1 7 17 25 0 0 )
#( 0 4 5 16 18 3 0 )
#( 0 4 7 4 19 0 0 )
#( 2 3 4 15 27 0 0 )
#( 0 2 4 22 25 0 0 )
#( 0 4 4 7 25 0 0 )
#( 0 0 8 17 23 0 0 )
#( 0 3 5 21 33 0 0 )
#( 0 7 11 24 8 1 0 )
#( 0 0 7 27 22 2 0 )
#( 0 1 14 9 14 0 0 )
#( 0 0 5 15 12 0 0 )
#( 0 3 3 9 17 0 0 )
#( 2 6 4 8 24 0 0 )
#( 2 5 3 17 13 2 0 )
#( 0 3 4 27 3 1 0 )
#( 1 3 4 18 8 0 0 )
#( 0 0 50 22 8 0 0 )
#( 0 1 14 14 26 0 0 )
#( 1 4 14 26 4 0 0 )
#( 0 3 6 24 15 0 0 )
#( 0 2 4 26 14 2 0 )
#( 0 2 5 8 18 3 0 )
#( 2 3 1 10 28 7 0 )
#( 0 3 3 15 28 2 0 )
#( 0 21 12 7 26 2 0 )
#( 2 4 15 29 15 0 0 )
#( 1 4 4 21 10 0 0 )
#( 0 1 13 16 17 1 0 )
#( 0 2 4 15 37 4 0 )
#( 0 5 15 24 7 0 0 )
#( 0 1 23 22 11 0 0 )
