#(0.8333 0.9167 1.0 0.1667 0.0833 0.0 L )
#(0.8333 0.8333 1.0 0.1667 0.1667 0.0 B )
#(0.75 0.5833 1.0 0.25 0.4167 0.0 R )
#(1.0 0.5 1.0 0.0 0.5 0.0 R )
#(1.0 0.5833 1.0 0.0 0.4167 0.0 R )
#(1.0 0.4167 1.0 0.0 0.5833 0.0 R )
#(0.6667 0.5 0.9167 0.3333 0.5 0.0833 R )
#(0.75 0.75 1.0 0.25 0.25 0.0 B )
#(0.9444 0.6667 1.0 0.0556 0.3333 0.0 R )
#(0.8889 0.4444 1.0 0.1111 0.5556 0.0 R )
#(0.9306 0.6944 1.0 0.0694 0.3056 0.0 R )
#(0.9375 0.75 1.0 0.0625 0.25 0.0 R )
#(0.8125 0.5833 1.0 0.1875 0.4167 0.0 R )
#(0.9167 0.8333 0.9167 0.0833 0.1667 0.0833 R )
#(0.5 0.6111 1.0 0.5 0.3889 0.0 L )
#(1.0 0.8333 1.0 0.0 0.1667 0.0 R )
#(0.6667 0.5833 0.9167 0.3333 0.4167 0.0833 R )
#(0.6667 0.5 1.0 0.3333 0.5 0.0 R )
#(0.8333 0.4167 1.0 0.1667 0.25 0.0 R )
#(0.9167 0.6667 0.9028 0.0833 0.1667 0.0972 R )
#(0.8333 0.5833 1.0 0.1667 0.4167 0.0 R )
#(0.6667 1.0 1.0 0.3333 0.0 0.0 L )
#(0.875 0.5417 1.0 0.125 0.4583 0.0 R )
#(0.875 0.625 1.0 0.125 0.375 0.0 R )
#(1.0 0.5 1.0 0.0 0.5 0.0 R )
#(1.0 0.3333 1.0 0.0 0.6667 0.0 R )
#(0.9167 0.3333 0.9167 0.0833 0.6667 0.0833 R )
#(0.75 0.75 1.0 0.25 0.25 0.0 B )
#(0.75 0.75 1.0 0.25 0.25 0.0 B )
#(0.9583 0.9583 1.0 0.0417 0.0417 0.0 B )
#(0.9514 0.6458 1.0 0.0486 0.3542 0.0 R )
#(0.8889 0.4444 1.0 0.1111 0.5556 0.0 R )
#(0.9306 0.6944 1.0 0.0694 0.3056 0.0 R )
#(0.9583 0.75 1.0 0.0417 0.25 0.0 R )
#(0.8125 0.5833 1.0 0.1875 0.4167 0.0 R )
#(0.9167 0.8333 0.9167 0.0833 0.1667 0.0833 R )
