#(7 1 11 3 0 1 0 0 0 0 )
#(19 4 6 7 0 0 0 0 0 0 )
#(25 10 0 1 0 0 0 0 0 0 )
#(30 0 6 0 0 0 0 0 0 0 )
#(29 0 7 0 0 0 0 0 0 0 )
#(31 0 5 0 0 0 0 0 0 0 )
#(20 4 2 0 0 0 0 0 0 0 )
#(15 18 0 0 0 0 0 0 0 0 )
#(19 17 0 0 0 0 0 0 0 0 )
#(32 4 0 0 0 0 0 0 0 0 )
#(36 3 2 0 0 0 0 0 0 0 )
#(35 1 3 1 0 2 0 0 0 0 )
#(45 3 0 0 0 0 0 0 0 0 )
#(21 9 1 1 0 2 0 0 0 0 )
#(18 10 0 0 0 0 0 0 0 0 )
#(13 3 3 1 0 0 0 0 0 0 )
#(16 3 2 1 0 0 0 0 0 0 )
#(24 4 0 0 0 2 0 0 0 0 )
#(12 5 0 2 0 2 0 0 0 0 )
#(19 1 1 2 0 1 0 0 0 0 )
#(13 0 5 0 0 1 0 0 0 0 )
#(0 1 14 9 0 0 0 0 0 0 )
#(33 7 0 2 0 0 0 0 0 0 )
#(26 7 3 0 0 0 0 0 0 0 )
#(30 0 6 0 0 0 0 0 0 0 )
#(28 4 4 0 0 0 0 0 0 0 )
#(25 1 3 0 0 0 0 0 0 0 )
#(15 18 0 0 0 0 0 0 0 0 )
#(15 18 0 0 0 0 0 0 0 0 )
#(36 4 8 0 0 0 0 0 0 0 )
#(20 21 1 0 0 0 0 0 0 0 )
#(32 4 0 0 0 0 0 0 0 0 )
#(36 3 2 0 0 0 0 0 0 0 )
#(35 1 3 1 0 2 0 0 0 0 )
#(45 3 0 0 0 0 0 0 0 0 )
#(21 9 1 1 1 1 0 0 0 0 )
