48
;
#(73 78 61 71 5 10 17 )
#(69 83 52 69 14 17 31 )
#(73 78 38 66 5 28 40 )
#(62 86 50 67 24 17 36 )
#(69 86 50 67 17 17 36 )
#(57 86 33 67 29 34 53 )
#(69 86 45 61 17 16 41 )
#(76 88 60 78 12 18 28 )
#(69 83 52 73 14 21 31 )
#(68 86 52 71 18 19 34 )
#(68 88 57 76 20 19 31 )
#(71 88 62 76 17 14 26 )
#(68 85 52 69 17 17 33 )
#(68 89 49 76 21 27 40 )
#(59 85 45 69 26 24 40 )
#(62 88 45 69 26 24 43 )
#(73 78 61 71 5 10 17 )
#(69 83 52 69 14 17 31 )
#(73 78 38 66 5 28 40 )
#(62 86 50 67 24 17 36 )
#(69 86 50 67 17 17 36 )
#(69 86 60 76 17 16 26 )
#(66 86 36 73 20 37 50 )
#(60 89 48 70 29 22 41 )
#(67 86 54 72 19 18 32 )
#(66 89 55 64 23 9 34 )
#(66 86 58 66 20 8 28 )
#(64 85 38 59 21 21 47 )
#(57 86 33 57 29 24 53 )
#(71 81 61 66 10 5 20 )
#(68 79 58 71 11 13 21 )
#(62 74 45 61 12 16 29 )
#(61 79 45 64 18 19 34 )
#(64 81 50 69 17 19 31 )
#(64 86 45 69 22 24 41 )
#(62 78 50 62 16 12 28 )
#(61 83 50 69 22 19 33 )
#(64 88 38 69 24 31 50 )
#(69 88 55 67 19 12 33 )
#(69 88 57 69 19 12 31 )
#(67 88 45 71 21 26 43 )
#(73 83 61 69 10 8 22 )
#(69 76 50 69 7 19 26 )
#(62 86 38 60 24 22 48 )
#(69 86 54 67 17 13 32 )
#(69 86 50 67 17 17 36 )
#(66 81 50 62 15 12 31 )
#(66 74 50 50 8 -1 24 )
