#( 0 0 0 24 16 0 0 )
#( 0 0 2 20 17 0 0 )
#( 0 12 27 9 16 0 0 )
#( 0 0 16 10 30 4 0 )
#( 0 0 32 9 20 3 0 )
#( 1 11 14 18 24 1 0 )
#( 0 1 13 2 4 1 0 )
#( 0 0 1 7 20 5 0 )
#( 0 0 2 16 18 0 0 )
#( 0 0 5 16 19 6 0 )
#( 0 0 2 11 35 9 0 )
#( 0 0 0 28 30 10 0 )
#( 0 0 4 18 22 2 0 )
#( 0 0 4 23 22 6 0 )
#( 0 3 14 24 13 1 0 )
#( 0 2 6 11 24 8 0 )
#( 0 0 0 24 16 0 0 )
#( 0 0 2 20 17 0 0 )
#( 0 12 27 9 16 0 0 )
#( 0 0 16 10 30 4 0 )
#( 0 0 32 9 20 3 0 )
#( 0 0 0 22 40 4 0 )
#( 0 5 10 27 24 4 0 )
#( 0 0 6 7 15 4 0 )
#( 0 0 8 9 24 3 0 )
#( 0 0 8 16 17 5 0 )
#( 0 0 4 25 16 1 0 )
#( 0 8 22 9 24 1 0 )
#( 1 9 11 5 22 2 0 )
#( 0 0 0 17 7 0 0 )
#( 0 0 2 23 10 0 0 )
#( 0 3 14 13 7 0 0 )
#( 0 1 5 21 21 0 0 )
#( 0 0 6 24 31 0 0 )
#( 0 1 15 29 21 2 0 )
#( 0 0 15 23 5 0 0 )
#( 0 0 10 22 23 0 0 )
#( 0 8 10 15 18 5 0 )
#( 0 0 7 11 33 5 0 )
#( 0 0 7 20 30 4 0 )
#( 0 2 2 15 23 6 0 )
#( 0 0 0 22 20 0 0 )
#( 0 0 17 19 13 0 0 )
#( 0 12 15 5 25 3 0 )
#( 0 0 8 14 40 4 0 )
#( 0 0 7 21 31 4 0 )
#( 0 0 7 36 11 0 0 )
#( 0 0 1 1 1 0 0 )
