48
;
#(7 1 6 1 6 3 0 9 0 3 0 4)
#(5 0 5 0 5 4 0 12 0 3 0 5)
#(12 1 13 1 10 6 0 7 0 7 0 7)
#(11 1 6 0 11 10 0 11 0 5 1 4)
#(13 0 13 0 6 13 0 9 0 0 0 10)
#(18 0 7 0 14 3 0 20 0 0 0 7)
#(1 0 0 0 1 0 2 8 1 6 0 2)
#(6 0 5 1 2 1 2 1 3 5 1 6)
#(2 3 10 2 6 0 4 4 0 3 1 1)
#(5 0 8 0 0 0 6 5 1 13 0 8)
#(11 0 10 0 4 0 8 6 0 12 0 6)
#(8 2 12 2 6 1 7 8 2 9 0 11)
#(6 0 10 1 4 0 4 10 0 3 0 8)
#(6 1 8 1 6 1 6 11 0 5 1 9)
#(7 0 11 0 1 1 5 13 0 6 0 11)
#(8 0 10 0 8 6 0 10 0 2 0 7)
#(7 1 6 1 6 3 0 9 0 3 0 4)
#(5 0 5 0 5 4 0 12 0 3 0 5)
#(12 1 13 1 10 6 0 7 0 7 0 7)
#(11 1 6 0 11 10 0 11 0 5 1 4)
#(13 0 13 2 4 13 0 9 0 0 0 10)
#(8 0 8 10 0 7 3 11 6 4 8 1)
#(6 2 7 8 3 9 0 12 6 3 9 5)
#(1 0 6 7 1 5 0 2 1 0 9 0)
#(4 2 1 1 3 10 2 10 5 0 6 0)
#(7 1 3 2 2 2 2 10 4 7 5 1)
#(5 2 5 1 7 0 1 2 2 13 2 6)
#(5 0 14 0 8 13 1 11 0 8 0 4)
#(7 0 5 0 7 4 1 16 0 2 1 7)
#(5 2 7 1 3 1 0 1 0 1 0 3)
#(3 2 6 1 5 6 1 4 2 3 1 1)
#(4 0 2 0 3 3 2 12 1 5 0 5)
#(3 1 16 0 5 7 0 8 0 0 0 8)
#(8 0 11 0 9 9 0 14 0 4 0 6)
#(10 2 8 0 11 9 2 9 2 7 1 7)
#(9 0 3 0 6 5 1 8 1 6 0 4)
#(11 0 6 1 10 6 1 9 0 4 1 6)
#(12 2 7 0 9 4 2 10 0 4 2 4)
#(10 0 6 0 8 5 1 16 0 2 1 7)
#(11 0 9 5 3 1 1 16 0 3 0 12)
#(5 1 8 0 6 7 0 10 0 5 0 6)
#(6 0 6 1 7 4 0 13 0 1 0 4)
#(10 1 9 0 5 3 0 8 0 5 0 8)
#(9 0 8 1 11 8 0 8 0 8 1 6)
#(11 1 10 0 10 11 0 12 0 7 0 4)
#(20 0 6 0 7 7 0 9 0 7 0 7)
#(28 0 0 0 5 3 0 3 0 1 0 14)
#(2 0 0 0 1 0 0 0 0 0 0 0)
