48
;
#(8 4 8 0 0 0 0 0 0 0 )
#(11 2 8 0 0 0 0 0 0 0 )
#(40 12 0 0 0 0 0 0 0 0 )
#(39 6 3 0 0 0 0 0 0 0 )
#(42 9 0 1 0 0 0 0 0 0 )
#(38 1 7 2 0 0 0 0 0 0 )
#(14 2 1 0 0 0 0 0 0 0 )
#(11 5 4 0 0 0 0 0 0 0 )
#(12 5 2 2 0 0 0 0 0 0 )
#(19 6 1 3 0 0 0 0 0 0 )
#(36 9 1 0 0 0 0 0 0 0 )
#(34 8 6 0 0 0 0 0 0 0 )
#(10 6 8 0 0 0 0 0 0 0 )
#(18 8 7 0 0 0 0 0 0 0 )
#(33 8 2 0 0 0 0 0 0 0 )
#(43 4 0 0 0 0 0 0 0 0 )
#(8 4 8 0 0 0 0 0 0 0 )
#(11 2 8 0 0 0 0 0 0 0 )
#(40 12 0 0 0 0 0 0 0 0 )
#(39 6 3 0 0 0 0 0 0 0 )
#(42 9 0 1 0 0 0 0 0 0 )
#(40 1 4 3 0 0 0 0 0 0 )
#(36 3 8 1 0 0 0 0 0 0 )
#(19 2 3 0 0 0 0 0 0 0 )
#(28 8 0 0 0 0 0 0 0 0 )
#(29 7 1 0 0 0 0 0 0 0 )
#(21 8 3 0 0 0 0 0 0 0 )
#(44 10 0 0 0 0 0 0 0 0 )
#(31 3 3 1 0 0 0 0 0 0 )
#(16 4 0 0 0 0 0 0 0 0 )
#(8 6 5 0 0 0 0 0 0 0 )
#(16 3 1 3 0 0 0 0 0 0 )
#(27 5 1 2 0 0 0 0 0 0 )
#(34 9 3 0 0 0 0 0 0 0 )
#(32 12 4 0 0 0 0 0 0 0 )
#(6 5 9 0 0 0 0 0 0 0 )
#(17 7 8 0 0 0 0 0 0 0 )
#(40 8 0 0 0 0 0 0 0 0 )
#(41 6 1 0 0 0 0 0 0 0 )
#(39 7 0 2 0 0 0 0 0 0 )
#(26 2 6 0 0 0 0 0 0 0 )
#(9 3 9 0 0 0 0 0 0 0 )
#(25 6 4 0 0 0 0 0 0 0 )
#(40 10 0 0 0 0 0 0 0 0 )
#(41 0 3 4 0 0 0 0 0 0 )
#(42 1 1 4 0 0 0 0 0 0 )
#(30 0 8 0 0 0 0 0 0 0 )
#(0 0 1 0 0 0 0 0 0 0 )
