21
;
#(71 76 48 60 5 12 28 )
#(67 76 43 60 9 17 33 )
#(71 76 48 60 5 12 28 )
#(71 76 48 60 5 12 28 )
#(67 76 43 60 9 17 33 )
#(71 76 48 60 5 12 28 )
#(72 81 60 69 9 9 21 )
#(72 77 55 67 5 12 22 )
#(72 81 60 69 9 9 21 )
#(72 79 55 67 7 12 24 )
#(71 79 55 65 8 10 24 )
#(71 79 55 66 8 11 24 )
#(71 76 48 60 5 12 28 )
#(67 76 43 60 9 17 33 )
#(71 76 48 60 5 12 28 )
#(83 88 48 55 5 7 40 )
#(79 88 43 55 9 12 45 )
#(83 88 43 55 5 12 45 )
#(72 84 36 52 12 16 48 )
#(55 64 36 48 9 12 28 )
#(52 60 36 48 8 12 24 )
