#(12 4 3 0 6 2 0 24 0 0 0 5)
#(8 0 3 4 0 2 0 24 8 0 0 3)
#(35 0 2 9 8 0 4 9 5 6 0 0)
#(36 0 3 7 11 1 4 14 5 6 0 1)
#(8 2 10 0 10 7 2 23 0 0 0 11)
#(13 2 8 2 8 6 0 14 0 16 0 7)
#(11 2 8 0 14 5 2 18 0 8 0 9)
#(14 6 7 0 7 5 0 5 0 16 4 4)
#(20 4 5 0 11 1 2 22 0 4 0 3)
#(7 2 6 1 3 4 0 36 4 0 0 7)
#(27 0 0 9 0 0 4 4 4 4 0 0)
#(36 0 3 7 11 1 4 15 5 6 0 1)
#(28 0 6 3 17 1 0 20 5 2 4 1)
#(11 2 13 0 12 5 0 20 0 9 0 14)
#(11 8 8 0 16 1 0 16 1 13 0 13)
#(6 7 13 5 7 10 2 2 0 22 0 11)
#(19 3 5 0 15 5 1 19 0 7 0 5)
#(20 2 4 2 13 7 0 10 0 13 0 0)
#(15 2 9 0 11 4 0 17 0 7 0 9)
#(24 0 4 2 13 7 0 11 0 14 0 0)
#(14 0 10 0 8 5 5 17 4 6 0 4)
#(7 0 0 0 2 1 0 4 0 0 0 1)
