#(61 87 39 61 26 22 48 )
#(53 77 29 65 24 36 48 )
#(65 94 53 73 29 20 41 )
#(65 87 50 73 22 23 37 )
#(60 89 39 61 29 22 50 )
#(70 84 39 63 14 24 45 )
#(67 89 39 61 22 22 50 )
#(71 84 37 61 13 24 47 )
#(67 84 39 63 17 24 45 )
#(53 87 39 65 34 26 48 )
#(53 91 29 72 38 43 62 )
#(65 94 50 73 29 23 44 )
#(60 82 39 61 22 22 43 )
#(65 92 32 61 27 29 60 )
#(63 80 36 63 17 27 44 )
#(65 92 37 63 27 26 55 )
#(65 89 32 66 24 34 57 )
#(65 85 32 66 20 34 53 )
#(66 87 32 65 21 33 55 )
#(68 85 32 66 17 34 53 )
#(64 80 32 65 16 33 48 )
#(65 85 37 61 20 24 48 )
