#(13 0 4 1 6 4 3 17 2 4 0 4)
#(5 0 10 1 10 4 1 3 3 12 0 11)
#(19 0 3 4 12 4 4 6 1 22 2 8)
#(17 0 4 5 12 6 5 13 1 20 2 6)
#(10 2 10 0 2 11 2 21 0 5 0 15)
#(8 2 6 6 13 10 3 17 6 6 2 8)
#(11 2 6 0 8 9 0 22 3 5 2 16)
#(11 2 3 2 25 6 1 9 7 14 0 4)
#(12 2 4 0 5 6 1 17 1 3 0 4)
#(8 0 11 2 8 7 3 12 5 8 0 9)
#(12 0 2 4 9 1 4 0 1 25 0 14)
#(17 0 4 5 12 6 5 12 1 20 2 6)
#(17 0 5 0 9 5 1 9 1 6 2 1)
#(13 0 15 0 10 0 8 23 0 8 0 22)
#(4 3 19 0 6 6 17 7 2 10 6 10)
#(5 0 11 6 16 1 10 21 0 8 0 27)
#(15 0 20 0 9 2 5 7 0 7 0 10)
#(13 0 14 2 17 2 3 28 0 2 0 11)
#(14 3 17 0 6 0 12 14 2 16 6 9)
#(13 0 14 2 17 2 3 26 0 2 0 12)
#(8 0 21 0 1 10 5 15 0 2 9 13)
#(1 0 5 0 0 2 2 13 0 0 0 4)
