#( 0 2 10 7 20 0 0 )
#( 0 0 7 10 22 1 0 )
#( 0 14 16 7 20 0 0 )
#( 0 0 10 15 24 2 0 )
#( 0 1 8 19 33 1 0 )
#( 0 0 4 29 21 0 0 )
#( 0 0 5 28 18 6 0 )
#( 0 0 6 15 28 6 0 )
#( 0 0 11 26 9 0 0 )
#( 0 0 15 21 16 2 0 )
#( 0 0 19 13 10 12 0 )
#( 0 0 22 8 21 10 0 )
#( 0 2 13 11 29 6 0 )
#( 0 2 10 13 20 4 0 )
#( 0 0 16 10 21 0 0 )
#( 0 0 20 13 13 4 0 )
#( 0 1 13 17 9 4 0 )
#( 0 0 12 15 8 0 0 )
#( 0 1 11 11 5 0 0 )
#( 0 0 12 27 8 0 0 )
#( 0 0 3 29 12 0 0 )
#( 0 0 10 23 12 0 0 )
#( 0 0 9 23 15 0 0 )
#( 0 0 10 9 12 0 0 )
#( 0 2 9 8 20 0 0 )
#( 0 5 8 9 22 1 0 )
#( 0 9 17 10 20 0 0 )
#( 0 0 9 17 30 2 0 )
#( 0 1 5 20 29 1 0 )
#( 0 0 6 27 21 0 0 )
#( 0 0 6 26 18 6 0 )
#( 0 4 11 19 22 0 0 )
#( 0 0 8 31 12 2 0 )
#( 0 0 2 30 16 2 0 )
#( 0 0 6 26 13 8 0 )
#( 0 4 23 7 20 0 0 )
#( 0 6 20 15 23 0 0 )
#( 0 4 8 22 22 0 0 )
#( 0 0 7 13 27 3 0 )
#( 0 0 12 18 15 5 0 )
#( 0 0 29 8 14 0 0 )
#( 0 0 24 6 20 2 0 )
#( 0 5 4 10 6 0 0 )
