#(64 74 52 64 10 12 22 )
#(64 77 47 65 13 18 30 )
#(64 74 52 64 10 12 22 )
#(68 77 50 65 9 15 27 )
#(68 81 47 64 13 17 34 )
#(75 84 52 65 9 13 32 )
#(71 84 55 72 13 17 29 )
#(71 77 54 67 6 13 23 )
#(71 79 48 65 8 17 31 )
#(67 84 41 67 17 26 43 )
#(64 81 43 55 17 12 38 )
#(67 84 41 67 17 26 43 )
#(67 81 43 58 14 15 38 )
#(67 81 43 58 14 15 38 )
#(69 84 45 60 15 15 39 )
#(71 81 42 60 10 18 39 )
#(71 81 39 54 10 15 42 )
#(71 88 39 59 17 20 49 )
#(60 84 39 55 24 16 45 )
#(64 88 35 59 24 24 53 )
#(60 84 39 55 24 16 45 )
#(69 84 35 60 15 25 49 )
#(65 77 48 59 12 11 29 )
#(68 77 47 57 9 10 30 )
#(64 76 48 57 12 9 28 )
#(68 76 52 59 8 7 24 )
#(64 76 52 64 12 12 24 )
#(64 77 50 65 13 15 27 )
#(64 74 47 64 10 17 27 )
#(64 77 50 65 13 15 27 )
#(68 81 47 65 13 18 34 )
#(76 86 40 64 10 24 46 )
#(65 77 35 57 12 22 42 )
#(68 84 41 64 16 23 43 )
#(65 77 35 57 12 22 42 )
#(64 76 33 66 12 33 43 )
#(68 81 57 66 13 9 24 )
#(68 76 57 66 8 9 19 )
#(68 78 57 66 10 9 21 )
#(71 78 52 68 7 16 26 )
#(69 76 62 67 7 5 14 )
#(68 81 57 66 13 9 24 )
#(68 76 57 64 8 7 19 )
#(64 73 45 64 9 19 28 )
#(64 74 52 65 10 13 22 )
#(64 77 47 64 13 17 30 )
#(64 77 50 64 13 14 27 )
#(68 77 50 65 9 15 27 )
#(68 82 47 70 14 23 35 )
#(74 86 53 72 12 19 33 )
#(64 86 35 65 22 30 51 )
#(60 74 33 59 14 26 41 )
#(59 81 48 64 22 16 33 )
#(64 77 38 60 13 22 39 )
#(64 81 33 52 17 19 48 )
#(53 77 35 52 24 17 42 )
#(64 77 40 58 13 18 37 )
#(69 81 52 65 12 13 29 )
#(68 84 52 64 16 12 32 )
#(59 84 40 60 25 20 44 )
#(65 81 50 59 16 9 31 )
#(59 76 40 60 17 20 36 )
#(60 84 33 57 24 24 51 )
#(60 69 33 45 9 12 36 )
