#(6 7 3 0 0 0 0 0 0 0 )
#(8 6 1 1 0 0 0 0 0 0 )
#(6 7 3 0 0 0 0 0 0 0 )
#(9 7 0 0 0 0 0 0 0 0 )
#(7 6 3 0 0 0 0 0 0 0 )
#(6 8 2 0 0 0 0 0 0 0 )
#(1 11 2 0 0 0 0 0 0 0 )
#(7 6 3 0 0 0 0 0 0 0 )
#(6 6 4 0 0 0 0 0 0 0 )
#(8 0 8 0 0 0 0 0 0 0 )
#(6 4 1 3 0 0 0 0 0 0 )
#(8 0 8 0 0 0 0 0 0 0 )
#(5 9 0 2 0 0 0 0 0 0 )
#(5 9 0 2 0 0 0 0 0 0 )
#(3 10 3 0 0 0 0 0 0 0 )
#(8 3 5 0 0 0 0 0 0 0 )
#(4 8 4 0 0 0 0 0 0 0 )
#(5 6 5 0 0 0 0 0 0 0 )
#(8 0 8 0 0 0 0 0 0 0 )
#(9 4 3 0 0 0 0 0 0 0 )
#(8 0 8 0 0 0 0 0 0 0 )
#(6 8 2 0 0 0 0 0 0 0 )
#(4 10 2 0 0 0 0 0 0 0 )
#(6 8 2 0 0 0 0 0 0 0 )
#(10 2 4 0 0 0 0 0 0 0 )
#(12 0 4 0 0 0 0 0 0 0 )
#(9 5 2 0 0 0 0 0 0 0 )
#(8 6 2 0 0 0 0 0 0 0 )
#(6 7 2 1 0 0 0 0 0 0 )
#(8 6 2 0 0 0 0 0 0 0 )
#(9 6 1 0 0 0 0 0 0 0 )
#(7 3 6 0 0 0 0 0 0 0 )
#(7 4 4 1 0 0 0 0 0 0 )
#(9 3 4 0 0 0 0 0 0 0 )
#(7 2 6 1 0 0 0 0 0 0 )
#(7 0 7 2 0 0 0 0 0 0 )
#(3 0 9 4 0 0 0 0 0 0 )
#(3 1 8 4 0 0 0 0 0 0 )
#(4 1 8 3 0 0 0 0 0 0 )
#(9 1 0 2 0 0 0 0 0 0 )
#(13 0 3 0 0 0 0 0 0 0 )
#(7 0 7 2 0 0 0 0 0 0 )
#(3 5 5 3 0 0 0 0 0 0 )
#(6 4 3 1 0 0 0 0 0 0 )
#(7 7 2 0 0 0 0 0 0 0 )
#(7 6 2 1 0 0 0 0 0 0 )
#(7 7 2 0 0 0 0 0 0 0 )
#(9 7 0 0 0 0 0 0 0 0 )
#(8 5 3 0 0 0 0 0 0 0 )
#(7 9 0 0 0 0 0 0 0 0 )
#(7 8 1 0 0 0 0 0 0 0 )
#(4 8 4 0 0 0 0 0 0 0 )
#(5 6 5 0 0 0 0 0 0 0 )
#(8 2 6 0 0 0 0 0 0 0 )
#(7 3 2 2 0 0 0 0 0 0 )
#(8 0 8 0 0 0 0 0 0 0 )
#(5 7 2 2 0 0 0 0 0 0 )
#(4 10 2 0 0 0 0 0 0 0 )
#(11 5 0 0 0 0 0 0 0 0 )
#(7 2 0 0 1 2 0 0 0 0 )
#(10 3 0 0 1 0 0 0 0 0 )
#(7 2 3 0 1 1 0 0 0 0 )
#(0 4 6 0 4 0 0 0 0 0 )
#(0 0 0 0 1 0 0 0 0 0 )
