#(70 82 55 67 12 12 27 )
#(70 82 60 70 12 10 22 )
#(74 87 57 70 13 13 30 )
#(67 87 51 65 20 14 36 )
#(71 79 50 70 8 20 29 )
#(67 82 50 63 15 13 32 )
#(71 79 62 70 8 8 17 )
#(67 82 50 63 15 13 32 )
#(69 86 50 63 17 13 36 )
#(69 82 46 65 13 19 36 )
#(70 82 52 70 12 18 30 )
#(68 80 50 68 12 18 30 )
#(66 79 39 67 13 28 40 )
#(65 75 41 65 10 24 34 )
#(67 77 53 67 10 14 24 )
#(70 84 54 68 14 14 30 )
#(70 82 55 67 12 12 27 )
#(69 82 51 70 13 19 31 )
#(67 82 50 58 15 8 32 )
#(72 84 55 72 12 17 29 )
#(60 84 43 75 24 32 41 )
#(62 72 46 60 10 14 26 )
#(60 75 43 63 15 20 32 )
#(62 87 46 65 25 19 41 )
#(70 87 58 70 17 12 29 )
#(62 75 51 68 13 17 24 )
