26
;
#(9 8 0 0 0 0 0 0 0 0 )
#(9 8 1 2 0 0 0 0 0 0 )
#(16 9 2 1 0 0 0 0 0 0 )
#(20 7 2 1 0 0 0 0 0 0 )
#(9 3 4 0 0 0 0 0 0 0 )
#(21 8 1 0 2 0 0 0 0 0 )
#(12 4 0 0 0 0 0 0 0 0 )
#(21 8 1 0 2 0 0 0 0 0 )
#(13 18 1 0 0 0 0 0 0 0 )
#(19 8 0 0 0 0 0 0 0 0 )
#(10 7 0 0 0 0 0 0 0 0 )
#(12 10 0 0 0 0 0 0 0 0 )
#(5 11 1 1 0 0 0 0 0 0 )
#(2 10 2 2 0 0 0 0 0 0 )
#(13 15 0 1 0 0 0 0 0 0 )
#(3 7 3 2 0 0 0 0 0 0 )
#(11 11 0 0 0 0 0 0 0 0 )
#(11 6 3 2 0 0 0 0 0 0 )
#(19 10 0 3 0 0 0 0 0 0 )
#(15 3 4 0 0 0 0 0 0 0 )
#(18 2 2 0 2 0 0 0 0 0 )
#(13 10 1 0 0 0 0 0 0 0 )
#(20 2 0 0 2 0 0 0 0 0 )
#(13 17 1 1 0 0 0 0 0 0 )
#(19 11 1 1 0 0 0 0 0 0 )
#(17 4 2 2 0 0 0 0 0 0 )
