#( 0 0 9 17 3 0 0 )
#( 0 1 6 13 7 0 0 )
#( 0 0 9 17 3 0 0 )
#( 0 0 2 13 8 0 0 )
#( 0 1 4 10 13 0 0 )
#( 0 0 10 6 11 1 0 )
#( 0 0 1 10 17 1 0 )
#( 0 0 4 13 11 0 0 )
#( 0 0 9 6 15 0 0 )
#( 0 2 8 9 12 1 0 )
#( 0 1 6 9 13 0 0 )
#( 0 2 8 9 12 1 0 )
#( 0 1 12 8 10 0 0 )
#( 0 1 12 8 10 0 0 )
#( 0 1 13 5 12 1 0 )
#( 0 3 8 6 12 0 0 )
#( 0 8 8 8 8 0 0 )
#( 0 6 10 7 7 2 0 )
#( 0 8 8 4 11 1 0 )
#( 1 5 4 4 9 3 0 )
#( 0 8 8 4 11 1 0 )
#( 1 4 6 3 13 1 0 )
#( 0 0 14 9 7 0 0 )
#( 0 1 10 10 7 0 0 )
#( 0 0 7 11 8 0 0 )
#( 0 0 8 10 6 0 0 )
#( 0 0 7 12 6 0 0 )
#( 0 0 6 14 6 0 0 )
#( 0 1 9 16 4 0 0 )
#( 0 0 6 14 6 0 0 )
#( 0 1 3 10 10 0 0 )
#( 0 6 6 3 13 3 0 )
#( 1 3 10 5 12 0 0 )
#( 0 3 5 7 11 1 0 )
#( 1 4 10 6 12 0 0 )
#( 1 3 6 17 9 0 0 )
#( 0 0 10 19 17 0 0 )
#( 0 0 9 22 14 0 0 )
#( 0 0 9 24 9 0 0 )
#( 0 0 2 5 12 0 0 )
#( 0 0 0 14 8 0 0 )
#( 0 0 4 17 15 0 0 )
#( 0 0 8 25 7 0 0 )
#( 0 1 6 18 2 0 0 )
#( 0 0 8 15 4 0 0 )
#( 0 1 7 15 6 0 0 )
#( 0 0 8 15 4 0 0 )
#( 0 0 2 13 8 0 0 )
#( 0 1 3 10 13 0 0 )
#( 0 0 1 10 12 2 0 )
#( 1 2 4 8 8 3 0 )
#( 3 6 7 13 3 0 0 )
#( 0 0 14 9 9 0 0 )
#( 0 5 8 11 6 0 0 )
#( 1 6 5 8 7 0 0 )
#( 1 13 4 8 6 0 0 )
#( 0 2 12 10 9 0 0 )
#( 0 0 6 9 15 0 0 )
#( 0 0 1 4 15 1 0 )
#( 0 1 7 10 9 1 0 )
#( 0 0 3 6 12 0 0 )
#( 0 5 5 13 8 0 0 )
#( 1 12 10 8 14 1 0 )
#( 1 1 0 3 0 0 0 )
