#(71 95 47 71 24 24 48 )
#(60 84 38 66 24 28 46 )
#(74 88 43 64 14 21 45 )
#(72 86 45 62 14 17 41 )
#(71 88 47 64 17 17 41 )
#(64 88 38 64 24 26 50 )
#(67 83 31 64 16 33 52 )
#(67 74 50 62 7 12 24 )
#(67 83 48 64 16 16 35 )
#(60 79 38 62 19 24 41 )
#(59 81 31 65 22 34 50 )
#(69 84 43 65 15 22 41 )
#(67 81 43 65 14 22 38 )
#(69 88 43 67 19 24 45 )
#(60 84 36 66 24 30 48 )
#(60 88 38 64 28 26 50 )
#(73 86 43 62 13 19 43 )
#(72 88 48 64 16 16 40 )
#(64 88 38 64 24 26 50 )
#(67 91 43 66 24 23 48 )
#(69 83 45 67 14 22 38 )
#(66 88 45 67 22 22 43 )
#(66 83 42 67 17 25 41 )
#(62 74 38 62 12 24 36 )
#(62 78 38 60 16 22 40 )
#(62 76 38 60 14 22 38 )
#(62 76 38 62 14 24 38 )
#(59 71 38 57 12 19 33 )
