#(16 0 0 12 20 0 4 4 0 8 0 16)
#(5 2 10 0 1 24 0 7 4 6 0 2)
#(12 0 2 0 13 4 0 26 2 8 0 0)
#(7 1 8 0 12 5 7 24 0 2 0 3)
#(8 0 4 0 16 4 0 22 1 10 0 2)
#(6 2 12 0 18 8 0 14 1 11 0 2)
#(19 0 0 3 5 10 0 1 4 10 0 7)
#(10 0 0 7 18 0 7 17 0 1 0 1)
#(17 0 0 3 8 10 0 4 4 11 0 8)
#(13 0 7 3 13 5 3 15 0 7 0 0)
#(19 0 4 0 5 8 0 5 0 10 6 0)
#(12 0 7 4 7 7 2 12 0 6 0 11)
#(10 0 5 0 13 6 0 16 0 5 0 4)
#(10 3 8 1 9 6 0 9 1 12 4 5)
#(28 0 4 4 8 0 1 9 2 8 0 1)
#(9 0 4 0 11 6 0 26 2 8 0 1)
#(10 1 6 0 14 0 7 26 0 1 0 0)
#(9 0 4 0 11 9 0 24 0 11 0 3)
#(1 2 14 0 22 8 0 11 2 11 0 4)
#(14 0 18 0 4 0 10 5 0 6 0 2)
#(4 12 4 0 5 2 0 12 0 20 0 4)
#(9 0 10 0 5 7 0 13 2 16 2 12)
#(7 0 5 1 16 8 3 21 0 11 0 1)
#(21 0 0 0 6 4 0 7 5 10 7 1)
#(10 0 5 0 9 7 0 19 0 3 0 12)
#(9 0 5 5 13 7 0 21 0 1 0 6)
#(11 2 8 2 10 6 2 15 1 6 0 1)
#(3 0 3 0 2 1 1 4 0 1 0 0)
