28
;
#(1.0 1.0 1.0 0.0 0.0 0.0 B )
#(0.9063 0.75 1.0 0.0938 0.25 0.0 R )
#(0.9688 0.9375 1.0 0.0313 0.0625 0.0 R )
#(1.0 1.0 1.0 0.0 0.0 0.0 B )
#(0.9375 0.9375 1.0 0.0625 0.0625 0.0 B )
#(0.9063 0.875 0.9375 0.0938 0.125 0.0625 R )
#(0.9375 0.6875 0.9375 0.0625 0.3125 0.0625 R )
#(1.0 1.0 1.0 0.0 0.0 0.0 B )
#(1.0 1.0 1.0 0.0 0.0 0.0 B )
#(1.0 1.0 1.0 0.0 0.0 0.0 B )
#(0.9375 0.9375 0.9375 0.0625 0.0625 0.0625 B )
#(0.9375 1.0 1.0 0.0625 0.0 0.0 L )
#(1.0 0.8125 1.0 0.0 0.1875 0.0 R )
#(0.9375 1.0 1.0 0.0625 0.0 0.0 L )
#(1.0 0.75 1.0 0.0 0.25 0.0 R )
#(0.9063 1.0 1.0 0.0938 0.0 0.0 L )
#(0.9688 0.9375 1.0 0.0313 0.0625 0.0 R )
#(1.0 1.0 1.0 0.0 0.0 0.0 B )
#(0.9375 0.9375 1.0 0.0625 0.0625 0.0 B )
#(0.8125 0.9375 0.9375 0.1875 0.0625 0.0625 L )
#(0.8125 1.0 1.0 0.1875 0.0 0.0 L )
#(0.9063 1.0 1.0 0.0938 0.0 0.0 L )
#(0.9688 1.0 1.0 0.0313 0.0 0.0 L )
#(0.9375 0.9375 0.9375 0.0625 0.0625 0.0625 B )
#(0.8438 1.0 1.0 0.1563 0.0 0.0 L )
#(0.9688 1.0 1.0 0.0313 0.0 0.0 L )
#(1.0 1.0 1.0 0.0 0.0 0.0 B )
#(0.75 0.75 0.75 0.25 0.25 0.25 B )
