22
;
#(63 87 39 61 24 22 48 )
#(59 77 46 65 18 19 31 )
#(61 80 34 61 19 27 46 )
#(61 80 34 61 19 27 46 )
#(67 82 39 61 15 22 43 )
#(63 80 39 61 17 22 41 )
#(67 84 39 61 17 22 45 )
#(63 80 32 61 17 29 48 )
#(60 87 32 60 27 28 55 )
#(63 87 39 65 24 26 48 )
#(59 80 34 65 21 31 46 )
#(61 80 34 61 19 27 46 )
#(60 82 32 66 22 34 50 )
#(68 82 32 66 14 34 50 )
#(65 82 37 66 17 29 45 )
#(65 82 39 66 17 27 43 )
#(65 80 32 65 15 33 48 )
#(72 80 39 61 8 22 41 )
#(72 84 36 61 12 25 48 )
#(72 80 39 61 8 22 41 )
#(67 84 39 61 17 22 45 )
#(60 80 32 56 20 24 48 )
