22
;
#(0.6875 0.8125 0.8125 0.125 0.0 0.0 L )
#(0.9375 1.0 1.0 0.0625 0.0 0.0 L )
#(0.9688 1.0 1.0 0.0313 0.0 0.0 L )
#(1.0 1.0 1.0 0.0 0.0 0.0 B )
#(0.9063 1.0 1.0 0.0938 0.0 0.0 L )
#(0.9375 1.0 1.0 0.0625 0.0 0.0 L )
#(0.9375 1.0 1.0 0.0625 0.0 0.0 L )
#(0.9375 1.0 1.0 0.0625 0.0 0.0 L )
#(0.9063 1.0 1.0 0.0938 0.0 0.0 L )
#(0.9688 1.0 1.0 0.0313 0.0 0.0 L )
#(0.9063 1.0 1.0 0.0938 0.0 0.0 L )
#(1.0 1.0 1.0 0.0 0.0 0.0 B )
#(0.9375 0.9375 0.9375 0.0625 0.0625 0.0625 B )
#(1.0 1.0 1.0 0.0 0.0 0.0 B )
#(1.0 1.0 1.0 0.0 0.0 0.0 B )
#(0.9063 0.9375 0.9375 0.0938 0.0625 0.0625 L )
#(1.0 1.0 1.0 0.0 0.0 0.0 B )
#(1.0 1.0 1.0 0.0 0.0 0.0 B )
#(1.0 1.0 1.0 0.0 0.0 0.0 B )
#(1.0 1.0 1.0 0.0 0.0 0.0 B )
#(1.0 1.0 1.0 0.0 0.0 0.0 B )
#(0.75 0.75 0.75 0.0 0.0 0.0 B )
