22
;
#(12 5 4 4 0 0 0 0 0 0 )
#(17 0 1 10 0 0 0 0 0 0 )
#(10 5 3 6 2 2 0 0 0 0 )
#(7 4 5 7 2 2 0 0 0 0 )
#(0 9 4 6 4 0 0 0 0 0 )
#(0 16 2 7 5 0 0 0 0 0 )
#(0 17 2 7 5 0 0 0 0 0 )
#(14 5 5 6 1 0 0 0 0 0 )
#(7 5 1 3 5 1 0 0 0 0 )
#(15 2 4 9 0 0 0 0 0 0 )
#(16 2 0 8 0 2 0 0 0 0 )
#(6 5 5 7 2 2 0 0 0 0 )
#(8 2 5 5 3 1 0 0 0 0 )
#(14 0 6 5 4 1 0 0 0 0 )
#(11 0 9 5 4 1 0 0 0 0 )
#(11 1 9 5 1 1 0 0 0 0 )
#(10 2 5 8 1 1 0 0 0 0 )
#(13 0 9 7 0 0 0 0 0 0 )
#(12 0 4 8 1 2 0 0 0 0 )
#(13 0 11 5 0 0 0 0 0 0 )
#(11 0 10 5 1 0 0 0 0 0 )
#(0 1 0 1 1 0 0 0 0 0 )
