#(55 88 31 76 33 45 57 )
#(62 88 40 60 26 20 48 )
#(62 88 38 60 26 22 50 )
#(64 88 40 64 24 24 48 )
#(62 88 43 65 26 22 45 )
#(64 84 36 65 20 29 48 )
#(64 83 36 64 19 28 47 )
#(64 81 36 65 17 29 45 )
#(64 79 48 65 15 17 31 )
#(62 87 36 60 25 24 51 )
#(62 88 40 60 26 20 48 )
#(62 88 38 60 26 22 50 )
#(71 88 43 65 17 22 45 )
#(69 88 36 65 19 29 52 )
#(66 82 38 65 16 27 44 )
#(69 88 41 65 19 24 47 )
#(66 82 37 65 16 28 45 )
#(69 89 29 65 20 36 60 )
#(61 84 36 64 23 28 48 )
#(63 76 41 60 13 19 35 )
#(61 84 41 60 23 19 43 )
#(63 79 38 60 16 22 41 )
#(64 84 36 64 20 28 48 )
