#( 1 7 15 18 12 3 0 )
#( 0 5 22 13 29 11 0 )
#( 0 7 22 16 22 7 0 )
#( 0 5 19 12 31 13 0 )
#( 0 8 17 15 34 24 0 )
#( 0 6 13 30 40 2 0 )
#( 0 3 15 25 48 0 0 )
#( 0 7 14 32 38 0 0 )
#( 0 0 23 35 16 0 0 )
#( 0 8 17 18 21 3 0 )
#( 0 5 22 15 27 8 0 )
#( 0 7 22 14 24 10 0 )
#( 0 5 17 14 36 26 0 )
#( 0 6 14 15 31 10 0 )
#( 0 7 13 16 25 0 0 )
#( 0 2 13 19 19 6 0 )
#( 0 11 14 14 26 0 0 )
#( 1 5 14 21 20 3 0 )
#( 0 3 17 31 14 1 0 )
#( 0 5 21 27 17 0 0 )
#( 0 3 19 25 14 3 0 )
#( 0 8 18 28 15 0 0 )
#( 0 7 12 29 17 2 0 )
