#(62 82 50 65 20 15 32 )
#(64 82 53 63 18 10 29 )
#(64 77 53 65 13 12 24 )
#(69 79 50 65 10 15 29 )
#(69 79 50 63 10 13 29 )
#(62 79 38 58 17 20 41 )
#(62 75 50 58 13 8 25 )
#(69 86 48 60 17 12 38 )
#(71 82 50 70 11 20 32 )
#(60 84 36 70 24 34 48 )
#(77 86 45 60 9 15 41 )
#(76 84 52 67 8 15 32 )
#(76 86 69 72 10 3 17 )
#(74 87 58 72 13 14 29 )
#(67 82 52 65 15 13 30 )
#(69 86 46 63 17 17 40 )
#(59 89 45 62 30 17 44 )
#(77 86 53 70 9 17 33 )
#(70 89 59 72 19 13 30 )
#(65 86 39 65 21 26 47 )
#(60 73 48 56 13 8 25 )
#(60 77 48 61 17 13 29 )
#(68 87 53 65 19 12 34 )
#(73 84 58 72 11 14 26 )
#(62 86 38 72 24 34 48 )
#(79 87 47 62 8 15 40 )
#(71 79 47 62 8 15 32 )
#(63 79 48 56 16 8 31 )
#(67 82 46 60 15 14 36 )
#(72 82 53 68 10 15 29 )
#(69 84 53 70 15 17 31 )
#(58 82 46 66 24 20 36 )
#(57 79 41 64 22 23 38 )
#(62 82 50 65 20 15 32 )
#(64 82 53 63 18 10 29 )
#(64 77 53 65 13 12 24 )
#(69 79 50 65 10 15 29 )
#(69 79 50 63 10 13 29 )
#(62 79 38 58 17 20 41 )
#(62 75 50 58 13 8 25 )
#(69 86 51 70 17 19 35 )
#(76 87 65 75 11 10 22 )
#(65 89 41 65 24 24 48 )
#(69 79 45 65 10 20 34 )
#(69 79 51 65 10 14 28 )
#(69 80 55 65 11 10 25 )
#(60 77 45 65 17 20 32 )
#(72 89 46 68 17 22 43 )
#(64 89 50 67 25 17 39 )
#(65 86 53 70 21 17 33 )
#(63 79 52 70 16 18 27 )
#(60 82 41 70 22 29 41 )
#(58 82 34 46 24 12 48 )
