#( 0 0 5 7 4 0 0 )
#( 0 0 3 17 14 0 0 )
#( 0 0 6 23 6 0 0 )
#( 0 0 8 14 10 0 0 )
#( 0 0 9 13 6 0 0 )
#( 0 2 16 13 4 0 0 )
#( 0 0 28 10 6 0 0 )
#( 0 0 22 9 10 1 0 )
#( 0 0 8 15 23 0 0 )
#( 0 1 3 14 28 1 0 )
#( 0 1 5 1 4 7 0 )
#( 0 0 5 2 13 1 0 )
#( 0 0 0 12 24 4 0 )
#( 0 0 1 15 23 4 0 )
#( 0 0 11 20 34 0 0 )
#( 0 2 15 13 31 4 0 )
#( 0 1 31 14 15 3 0 )
#( 0 0 5 19 11 5 0 )
#( 0 0 1 22 13 9 0 )
#( 0 4 8 12 13 3 0 )
#( 0 0 28 13 3 0 0 )
#( 0 0 25 16 3 0 0 )
#( 0 0 7 23 10 2 0 )
#( 0 0 1 18 26 1 0 )
#( 0 1 3 12 29 2 0 )
#( 0 1 5 1 3 8 0 )
#( 0 1 5 2 13 0 0 )
#( 0 0 11 3 4 0 0 )
#( 0 2 11 2 6 0 0 )
#( 0 0 3 14 22 0 0 )
#( 0 0 4 16 19 1 0 )
#( 0 1 12 17 7 0 0 )
#( 0 1 7 15 10 0 0 )
#( 0 0 5 7 4 0 0 )
#( 0 0 3 17 14 0 0 )
#( 0 0 6 23 6 0 0 )
#( 0 0 8 14 10 0 0 )
#( 0 0 9 13 6 0 0 )
#( 0 2 16 13 4 0 0 )
#( 0 0 28 10 6 0 0 )
#( 0 0 9 22 10 1 0 )
#( 0 0 0 7 38 5 0 )
#( 0 1 6 6 9 4 0 )
#( 0 1 4 6 10 0 0 )
#( 0 0 2 19 13 0 0 )
#( 0 0 1 31 9 0 0 )
#( 0 3 10 32 10 0 0 )
#( 0 1 6 9 43 5 0 )
#( 0 0 9 23 19 15 0 )
#( 0 0 13 27 8 1 0 )
#( 0 0 14 15 12 0 0 )
#( 0 3 11 20 20 0 0 )
#( 1 1 1 0 3 0 0 )
