#( 0 3 5 19 11 0 0 )
#( 2 5 5 19 8 0 0 )
#( 0 16 16 8 14 0 0 )
#( 1 10 21 6 25 1 0 )
#( 0 1 3 4 19 4 0 )
#( 1 5 19 19 18 1 0 )
#( 0 1 31 17 9 0 0 )
#( 0 0 6 12 16 0 0 )
#( 0 0 3 15 23 0 0 )
#( 0 0 9 32 7 0 0 )
#( 0 0 8 35 4 0 0 )
#( 0 0 4 8 18 3 0 )
#( 1 7 23 12 5 0 0 )
#( 0 5 8 10 5 2 0 )
#( 0 0 4 19 23 0 0 )
#( 0 0 19 13 28 3 0 )
#( 0 1 5 12 32 7 0 )
#( 0 3 13 22 8 0 0 )
#( 0 3 8 11 11 0 0 )
#( 1 4 12 26 17 3 0 )
#( 0 0 29 23 7 1 0 )
#( 0 3 21 11 21 7 0 )
#( 0 0 33 16 6 3 0 )
#( 0 5 12 6 9 2 0 )
#( 2 5 9 6 1 0 0 )
#( 2 3 5 17 11 0 0 )
#( 0 6 6 20 9 0 0 )
#( 0 14 18 8 17 0 0 )
#( 1 8 17 4 26 3 0 )
#( 1 5 4 7 16 3 0 )
#( 0 0 7 24 14 0 0 )
#( 0 0 13 8 19 0 0 )
#( 0 0 2 17 18 0 0 )
#( 0 1 10 30 9 0 0 )
#( 0 0 13 30 4 7 0 )
#( 0 0 9 9 19 1 0 )
#( 0 11 17 13 8 0 0 )
#( 1 12 16 10 9 1 0 )
#( 0 0 3 19 24 0 0 )
#( 0 1 18 14 24 2 0 )
#( 0 1 14 12 34 1 0 )
#( 0 5 9 14 24 0 0 )
#( 3 7 7 4 6 6 0 )
#( 0 2 18 19 23 3 0 )
#( 0 7 16 16 9 0 0 )
#( 3 16 22 3 0 0 0 )
#( 0 3 1 0 0 0 0 )
