22
;
#(65 91 41 65 26 24 50 )
#(53 91 40 63 38 23 51 )
#(76 94 60 76 18 16 34 )
#(64 94 41 70 30 29 53 )
#(65 84 38 63 19 25 46 )
#(65 94 41 63 29 22 53 )
#(65 94 41 63 29 22 53 )
#(65 94 41 65 29 24 53 )
#(62 79 41 63 17 22 38 )
#(65 91 41 65 26 24 50 )
#(53 91 39 76 38 37 52 )
#(64 94 49 70 30 21 45 )
#(64 82 41 63 18 22 41 )
#(72 84 34 68 12 34 50 )
#(72 84 34 68 12 34 50 )
#(76 91 36 65 15 29 55 )
#(67 89 34 67 22 33 55 )
#(67 86 34 63 19 29 52 )
#(64 86 41 63 22 22 45 )
#(64 86 34 63 22 29 52 )
#(64 86 41 65 22 24 45 )
#(62 79 34 62 17 28 45 )
