22
;
#(10 0 3 0 12 3 0 19 0 2 0 3)
#(2 0 3 2 4 11 2 11 4 6 0 3)
#(19 0 5 3 12 6 5 22 4 7 0 8)
#(24 0 3 3 16 10 4 23 4 6 0 4)
#(13 2 7 0 8 8 0 13 0 4 1 8)
#(13 0 5 2 16 11 0 24 2 8 0 10)
#(13 0 6 2 12 9 0 26 4 12 0 7)
#(20 0 5 2 19 4 0 21 2 6 4 6)
#(20 2 5 0 9 6 2 11 2 7 1 2)
#(10 0 6 0 12 6 0 24 0 4 0 6)
#(4 0 0 4 5 10 3 6 4 7 0 0)
#(24 0 5 3 16 8 4 23 4 8 0 8)
#(24 0 3 1 13 8 2 19 4 4 0 4)
#(12 2 7 2 12 8 0 17 0 7 0 12)
#(11 0 8 2 11 8 0 18 0 6 2 12)
#(0 12 14 0 10 14 0 8 0 19 0 0)
#(12 2 7 3 10 2 4 17 0 4 1 5)
#(18 0 5 2 13 2 0 28 0 4 0 7)
#(9 0 5 0 12 6 6 30 0 5 2 10)
#(25 0 4 0 10 13 2 16 3 12 2 0)
#(23 0 5 0 16 5 2 20 2 2 4 1)
#(15 0 3 0 8 2 2 9 0 5 0 2)
