22
;
#(12 3 6 4 0 0 0 0 0 0 )
#(10 12 2 2 0 0 0 0 0 0 )
#(7 7 4 6 4 0 2 0 0 0 )
#(4 6 5 4 6 1 2 0 0 0 )
#(7 4 7 2 4 0 0 0 0 0 )
#(3 6 2 4 7 2 1 0 0 0 )
#(4 7 2 6 6 1 1 0 0 0 )
#(6 5 2 5 8 0 1 0 0 0 )
#(6 1 3 10 2 0 0 0 0 0 )
#(16 2 8 6 0 0 0 0 0 0 )
#(9 13 0 2 0 0 0 0 0 0 )
#(4 6 4 5 7 1 2 0 0 0 )
#(5 6 5 4 4 0 2 0 0 0 )
#(8 3 2 11 3 0 0 0 0 0 )
#(8 3 2 12 2 0 0 0 0 0 )
#(7 6 4 9 2 0 0 0 0 0 )
#(2 5 6 5 1 2 0 0 0 0 )
#(3 6 7 3 5 1 0 0 0 0 )
#(0 4 2 6 3 3 2 0 0 0 )
#(1 8 3 5 3 2 2 0 0 0 )
#(6 0 4 6 5 1 1 0 0 0 )
#(3 1 1 7 2 0 0 0 0 0 )
