29
;
#( 0 0 2 14 17 3 0 )
#( 0 0 0 14 14 10 0 )
#( 0 0 15 20 4 0 0 )
#( 0 0 14 14 10 0 0 )
#( 0 0 2 15 19 0 0 )
#( 0 0 2 13 24 2 0 )
#( 0 0 0 6 27 5 0 )
#( 0 0 2 14 21 3 0 )
#( 0 0 0 14 14 10 0 )
#( 0 5 8 18 4 0 0 )
#( 0 1 13 14 10 0 0 )
#( 0 6 10 4 11 0 0 )
#( 0 3 10 22 8 0 0 )
#( 0 0 1 7 12 4 0 )
#( 0 0 4 9 8 0 0 )
#( 0 0 0 11 10 0 0 )
#( 0 0 5 6 14 0 0 )
#( 0 0 3 12 6 0 0 )
#( 0 3 8 11 5 0 0 )
#( 0 4 6 18 4 0 0 )
#( 0 4 5 23 12 0 0 )
#( 0 3 19 2 0 0 0 )
#( 0 1 4 14 2 0 0 )
#( 0 2 5 19 4 0 0 )
#( 0 3 6 30 0 0 0 )
#( 0 4 13 23 1 0 0 )
#( 0 5 15 22 1 0 0 )
#( 0 0 10 15 14 1 0 )
#( 0 0 0 6 0 6 0 )
