29
;
#(0.875 0.5 0.875 0.0 0.375 0.0 R )
#(1.0 0.5 1.0 0.0 0.5 0.0 R )
#(0.9375 0.5625 0.9375 0.0625 0.4375 0.0625 R )
#(1.0 0.5 1.0 0.0 0.5 0.0 R )
#(1.0 0.6875 1.0 0.0 0.3125 0.0 R )
#(0.9375 0.75 1.0 0.0625 0.25 0.0 R )
#(1.0 0.75 1.0 0.0 0.25 0.0 R )
#(1.0 0.5 1.0 0.0 0.5 0.0 R )
#(1.0 0.5 1.0 0.0 0.5 0.0 R )
#(0.9375 0.8125 0.9375 0.0625 0.1875 0.0625 R )
#(1.0 0.625 1.0 0.0 0.375 0.0 R )
#(0.5 0.625 1.0 0.5 0.375 0.0 L )
#(0.75 1.0 1.0 0.25 0.0 0.0 L )
#(0.875 0.375 0.875 0.125 0.625 0.125 R )
#(0.4375 0.3125 0.4375 0.3125 0.4375 0.3125 R )
#(1.0 0.625 1.0 0.0 0.375 0.0 R )
#(1.0 1.0 1.0 0.0 0.0 0.0 B )
#(1.0 0.625 1.0 0.0 0.375 0.0 R )
#(0.875 0.9375 1.0 0.125 0.0625 0.0 L )
#(0.625 0.5 1.0 0.375 0.5 0.0 R )
#(1.0 0.625 1.0 0.0 0.375 0.0 R )
#(1.0 0.5 1.0 0.0 0.5 0.0 R )
#(1.0 0.625 1.0 0.0 0.375 0.0 R )
#(1.0 1.0 1.0 0.0 0.0 0.0 B )
#(1.0 0.875 1.0 0.0 0.125 0.0 R )
#(1.0 0.75 1.0 0.0 0.25 0.0 R )
#(0.9375 0.875 1.0 0.0625 0.125 0.0 R )
#(0.75 0.5 1.0 0.25 0.5 0.0 R )
#(0.4167 0.1667 0.5 0.4167 0.6667 0.3333 R )
