29
;
#(14 2 6 0 0 0 0 0 0 0 )
#(16 2 6 0 0 0 0 0 0 0 )
#(14 2 7 0 0 0 0 0 0 0 )
#(16 2 6 0 0 0 0 0 0 0 )
#(18 0 6 0 0 0 0 0 0 0 )
#(22 0 5 1 0 0 0 0 0 0 )
#(29 0 3 0 0 0 0 0 0 0 )
#(18 2 6 0 0 0 0 0 0 0 )
#(16 2 6 0 0 0 0 0 0 0 )
#(12 10 1 0 0 0 0 0 0 0 )
#(15 4 5 0 0 0 0 0 0 0 )
#(14 7 1 0 0 0 0 0 0 0 )
#(7 0 12 0 0 0 0 0 0 0 )
#(14 2 2 0 0 0 0 0 0 0 )
#(2 1 0 3 1 0 0 0 0 0 )
#(11 5 0 0 0 0 0 0 0 0 )
#(11 7 0 0 0 0 0 0 0 0 )
#(11 5 0 0 0 0 0 0 0 0 )
#(13 7 0 0 0 0 0 0 0 0 )
#(8 8 0 2 0 0 0 0 0 0 )
#(12 2 4 4 0 0 0 0 0 0 )
#(13 4 1 0 0 0 0 0 0 0 )
#(11 5 0 0 0 0 0 0 0 0 )
#(14 8 0 0 0 0 0 0 0 0 )
#(25 7 0 0 0 0 0 0 0 0 )
#(21 1 2 3 0 0 0 0 0 0 )
#(16 1 3 4 0 0 0 0 0 0 )
#(16 2 4 2 0 0 0 0 0 0 )
#(5 0 1 1 0 0 0 0 0 0 )
