#(62 79 43 60 17 17 36 )
#(67 88 36 65 21 29 52 )
#(67 84 35 64 17 29 49 )
#(67 84 36 64 17 28 48 )
#(64 88 43 65 24 22 45 )
#(64 89 43 79 25 36 46 )
#(64 81 43 65 17 22 38 )
#(73 89 43 79 16 36 46 )
#(67 84 43 65 17 22 41 )
#(64 88 38 79 24 41 50 )
#(67 88 36 65 21 29 52 )
#(67 84 35 64 17 29 49 )
#(67 84 36 64 17 28 48 )
#(64 88 36 65 24 29 52 )
#(60 77 48 62 17 14 29 )
#(60 79 43 65 19 22 36 )
#(64 79 48 65 15 17 31 )
#(58 86 48 77 28 29 38 )
#(57 84 41 64 27 23 43 )
#(57 84 48 65 27 17 36 )
#(57 84 45 65 27 20 39 )
#(65 82 45 66 17 21 37 )
#(64 81 41 65 17 24 40 )
