#( 0 1 13 15 3 0 0 )
#( 0 10 22 17 26 4 0 )
#( 1 13 15 13 26 1 0 )
#( 0 9 19 21 30 1 0 )
#( 0 8 16 16 15 3 0 )
#( 0 3 15 9 33 9 0 )
#( 0 5 18 15 29 0 0 )
#( 0 3 14 10 29 12 0 )
#( 0 1 11 30 11 2 0 )
#( 0 7 8 11 25 3 0 )
#( 0 10 22 17 26 4 0 )
#( 1 13 15 13 26 1 0 )
#( 0 9 17 21 30 1 0 )
#( 0 9 16 15 12 3 0 )
#( 0 0 15 27 5 0 0 )
#( 0 4 14 27 12 0 0 )
#( 0 0 17 27 6 0 0 )
#( 0 0 8 24 12 4 0 )
#( 0 1 18 12 19 1 0 )
#( 0 0 12 17 25 2 0 )
#( 0 1 14 20 16 1 0 )
#( 0 5 20 19 20 0 0 )
#( 0 2 18 17 13 0 0 )
