#(2 0 3 4 6 4 0 10 0 2 0 1)
#(16 0 3 0 13 9 0 16 4 12 2 4)
#(11 0 1 2 14 3 4 13 0 8 2 11)
#(17 0 5 0 20 2 0 8 6 14 2 6)
#(9 0 4 0 8 7 1 14 4 9 0 2)
#(10 1 8 2 10 11 2 15 0 2 0 8)
#(7 3 6 4 11 8 4 15 0 4 1 4)
#(10 1 7 1 12 10 1 14 1 2 1 8)
#(4 0 5 0 4 11 0 4 4 18 1 4)
#(5 0 10 0 7 9 4 7 4 4 0 4)
#(16 0 3 0 13 9 0 16 4 12 2 4)
#(11 0 1 2 14 3 4 13 0 8 2 11)
#(17 0 5 0 19 2 0 8 6 14 2 5)
#(10 0 3 0 8 7 1 12 4 9 0 1)
#(5 1 4 1 11 5 1 11 3 4 0 1)
#(11 0 9 3 11 1 3 11 0 4 1 3)
#(9 0 4 1 12 4 1 10 1 4 1 3)
#(7 0 1 5 4 6 6 5 0 11 0 3)
#(9 2 4 0 4 4 0 14 0 4 2 8)
#(7 3 4 0 7 4 0 15 1 3 4 8)
#(12 0 3 1 16 0 0 6 5 7 0 2)
#(6 2 5 2 12 4 2 7 6 15 0 3)
#(16 2 3 1 7 1 5 9 0 4 1 1)
