23
;
#(0 13 0 0 0 1 0 0 0 0 )
#(7 2 4 6 4 2 0 0 0 0 )
#(3 3 2 5 2 4 0 0 0 0 )
#(0 2 4 2 2 3 4 0 0 0 )
#(9 0 2 7 3 0 0 0 0 0 )
#(1 11 9 1 3 0 0 0 0 0 )
#(7 6 5 2 5 0 0 0 0 0 )
#(1 9 8 1 3 1 0 0 0 0 )
#(4 5 9 2 0 1 0 0 0 0 )
#(5 5 2 2 5 0 0 0 0 0 )
#(7 2 4 6 4 2 0 0 0 0 )
#(3 3 2 5 2 4 0 0 0 0 )
#(0 2 4 2 2 5 2 0 0 0 )
#(7 0 2 8 2 0 0 0 0 0 )
#(5 10 2 4 0 0 0 0 0 0 )
#(8 8 7 3 0 0 0 0 0 0 )
#(7 6 6 2 1 0 0 0 0 0 )
#(6 0 10 3 0 0 0 0 0 0 )
#(4 5 11 1 0 0 0 0 0 0 )
#(14 4 7 2 1 0 0 0 0 0 )
#(21 0 6 2 1 0 0 0 0 0 )
#(7 0 8 7 1 0 0 0 0 0 )
#(6 1 3 4 2 0 1 0 0 0 )
