#( 0 0 6 24 14 0 0 )
#( 0 0 9 21 26 0 0 )
#( 0 0 14 20 17 2 0 )
#( 0 0 2 18 33 6 0 )
#( 0 0 11 26 22 0 0 )
#( 0 0 4 20 16 0 0 )
#( 0 4 16 23 27 0 0 )
#( 0 0 2 23 32 15 0 )
#( 0 4 19 14 28 0 0 )
#( 0 4 15 26 23 0 0 )
#( 0 0 10 27 34 0 0 )
#( 0 0 7 17 17 0 0 )
#( 0 1 18 17 16 0 0 )
#( 0 7 14 39 9 0 0 )
#( 0 0 12 23 16 1 0 )
#( 0 0 3 20 21 10 0 )
#( 0 0 4 22 34 4 0 )
#( 0 0 11 26 22 0 0 )
#( 0 4 14 19 28 0 0 )
#( 0 9 17 8 30 4 0 )
#( 0 6 13 13 27 4 0 )
#( 0 2 17 10 23 7 0 )
#( 0 4 16 9 23 0 0 )
#( 0 2 1 5 1 0 0 )
