#(0.7188 0.75 0.7813 0.0625 0.0313 0.0 L )
#(0.9375 0.8125 1.0 0.0625 0.1875 0.0 R )
#(0.8438 0.875 0.9688 0.1563 0.125 0.0313 L )
#(0.8594 0.8125 1.0 0.1406 0.1875 0.0 R )
#(0.9375 0.9375 1.0 0.0625 0.0625 0.0 B )
#(0.7188 0.5625 0.7188 0.0313 0.1875 0.0313 R )
#(1.0 0.875 1.0 0.0 0.125 0.0 R )
#(0.9688 0.8438 0.9688 0.0 0.125 0.0 R )
#(0.7813 0.75 0.7813 0.0 0.0313 0.0 R )
#(1.0 0.875 1.0 0.0 0.125 0.0 R )
#(1.0 0.8125 1.0 0.0 0.1875 0.0 R )
#(0.6875 0.3438 0.75 0.0625 0.4063 0.0 R )
#(0.9375 0.6875 1.0 0.0625 0.3125 0.0 R )
#(0.9688 0.9375 1.0 0.0313 0.0625 0.0 R )
#(0.9375 0.6875 1.0 0.0625 0.3125 0.0 R )
#(0.875 0.9063 1.0 0.125 0.0938 0.0 L )
#(0.8906 0.875 1.0 0.1094 0.125 0.0 R )
#(0.9375 0.9375 1.0 0.0625 0.0625 0.0 B )
#(0.9688 0.8125 0.9688 0.0313 0.1875 0.0313 R )
#(1.0 0.875 1.0 0.0 0.125 0.0 R )
#(0.9375 1.0 1.0 0.0625 0.0 0.0 L )
#(0.9688 0.875 0.9688 0.0313 0.125 0.0313 R )
#(0.625 0.75 1.0 0.375 0.25 0.0 L )
#(0.375 0.375 0.375 0.5 0.5 0.5 B )
