22
;
#(64 91 52 76 27 24 39 )
#(64 91 43 76 27 33 48 )
#(64 77 38 65 13 27 39 )
#(68 77 38 65 9 27 39 )
#(64 91 40 76 27 36 51 )
#(64 91 52 76 27 24 39 )
#(64 82 43 65 18 22 39 )
#(75 88 43 65 13 22 45 )
#(75 91 43 65 16 22 48 )
#(64 88 38 65 24 27 50 )
#(64 84 43 65 20 22 41 )
#(67 88 55 65 21 10 33 )
#(60 84 43 64 24 21 41 )
#(56 81 43 66 25 23 38 )
#(60 81 52 66 21 14 29 )
#(64 84 43 65 20 22 41 )
#(67 88 55 65 21 10 33 )
#(60 76 43 60 16 17 33 )
#(65 77 43 62 12 19 34 )
#(64 81 43 64 17 21 38 )
#(66 81 53 64 15 11 28 )
#(64 84 36 64 20 28 48 )
