22
;
#(10 0 3 1 8 3 5 10 0 5 0 2)
#(11 0 0 1 8 3 3 13 0 3 0 2)
#(7 0 6 0 13 7 1 4 2 9 0 3)
#(5 0 7 0 13 6 0 0 2 8 0 4)
#(10 0 2 1 17 2 4 7 3 9 0 1)
#(10 0 3 1 8 3 5 10 0 5 0 2)
#(6 4 2 1 8 6 0 15 0 4 1 3)
#(11 2 5 5 7 9 1 16 0 6 1 9)
#(4 5 13 1 8 5 2 16 0 5 2 8)
#(2 3 12 1 11 10 0 5 5 12 2 6)
#(16 2 3 0 9 7 0 12 1 4 2 5)
#(18 0 2 0 8 7 0 7 2 4 0 0)
#(13 0 4 2 4 4 2 5 6 4 0 1)
#(11 0 4 9 6 2 6 7 4 4 0 1)
#(7 0 1 4 6 5 6 7 1 4 0 0)
#(16 0 0 0 7 6 0 12 1 2 0 2)
#(18 0 2 0 8 7 0 7 2 4 0 0)
#(12 1 9 1 6 3 4 6 8 8 2 5)
#(6 3 9 0 6 3 2 13 4 8 3 6)
#(9 0 1 2 4 2 2 14 0 6 0 2)
#(12 6 7 4 7 3 4 7 1 10 0 1)
#(9 0 0 0 4 2 0 9 0 0 0 2)
