#(10 4 0 6 1 0 0 0 0 0 )
#(9 4 0 3 3 0 0 0 0 0 )
#(4 2 1 4 5 0 0 0 0 0 )
#(11 0 1 4 3 0 0 0 0 0 )
#(11 4 0 3 5 0 0 0 0 0 )
#(10 4 0 6 1 0 0 0 0 0 )
#(8 1 6 3 2 0 0 0 0 0 )
#(15 0 8 7 1 0 0 0 0 0 )
#(15 1 8 7 0 0 0 0 0 0 )
#(15 3 5 7 1 0 0 0 0 0 )
#(10 5 2 5 3 0 0 0 0 0 )
#(0 1 1 0 5 3 0 0 0 0 )
#(0 0 0 0 9 0 0 0 0 0 )
#(1 15 0 2 3 0 0 0 0 0 )
#(1 13 2 2 0 0 0 0 0 0 )
#(0 3 0 0 8 0 0 0 0 0 )
#(0 1 1 0 5 3 0 0 0 0 )
#(0 0 0 0 13 0 0 0 0 0 )
#(0 4 0 0 11 0 0 0 0 0 )
#(10 3 1 2 3 0 0 0 0 0 )
#(15 0 1 4 2 3 0 0 0 0 )
#(0 0 0 0 4 1 0 0 0 0 )
