#(12 0 6 0 4 0 0 4 0 0 0 2)
#(9 0 5 0 4 1 0 6 0 0 0 1)
#(10 0 8 0 6 2 0 2 0 0 0 3)
#(12 0 6 0 4 0 0 4 0 0 0 2)
#(9 0 4 0 3 0 0 6 0 2 0 3)
#(10 0 8 0 6 2 0 2 0 0 0 3)
#(10 0 1 0 6 3 0 13 0 5 0 0)
#(7 0 5 0 6 5 0 11 0 0 0 3)
#(10 0 1 0 6 3 0 13 0 6 0 0)
#(8 0 5 0 8 6 0 9 0 0 0 3)
#(9 0 9 0 7 5 0 9 0 0 0 3)
#(9 0 7 0 4 2 3 7 0 2 0 4)
#(12 0 5 0 4 0 0 4 0 0 0 2)
#(9 0 5 0 4 1 0 6 0 0 0 1)
#(11 0 8 0 4 2 0 3 0 0 0 3)
#(8 0 8 0 8 4 0 12 0 0 0 2)
#(7 0 6 0 6 2 0 14 0 1 0 2)
#(7 0 9 0 8 8 0 7 0 0 0 4)
#(15 0 1 0 8 1 1 6 0 1 0 0)
#(24 0 4 0 2 0 0 10 0 0 0 0)
#(6 0 0 0 2 0 0 3 0 0 0 0)
