#(6 9 0 1 0 0 0 0 0 0 )
#(8 7 0 1 0 0 0 0 0 0 )
#(8 7 3 0 0 0 0 0 0 0 )
#(6 9 0 1 0 0 0 0 0 0 )
#(9 7 0 1 0 0 0 0 0 0 )
#(9 8 2 0 0 0 0 0 0 0 )
#(10 14 0 0 0 0 0 0 0 0 )
#(12 11 1 0 0 0 0 0 0 0 )
#(9 15 0 0 0 0 0 0 0 0 )
#(8 14 1 0 0 0 0 0 0 0 )
#(12 0 2 6 0 0 0 0 0 0 )
#(10 0 0 7 0 0 0 0 0 0 )
#(6 9 1 0 0 0 0 0 0 0 )
#(8 7 0 1 0 0 0 0 0 0 )
#(11 10 0 0 0 0 0 0 0 0 )
#(10 12 0 2 0 0 0 0 0 0 )
#(14 8 0 2 0 0 0 0 0 0 )
#(6 14 3 0 0 0 0 0 0 0 )
#(11 2 6 0 0 0 0 0 0 0 )
#(16 4 2 0 2 0 0 0 0 0 )
#(5 0 2 0 0 0 0 0 0 0 )
