19
;
#(1.0 0.625 1.0 0.0 0.375 0.0 R )
#(0.9375 0.9375 0.9375 0.0625 0.0625 0.0625 B )
#(1.0 0.625 1.0 0.0 0.375 0.0 R )
#(1.0 0.3125 1.0 0.0 0.6875 0.0 R )
#(1.0 0.625 1.0 0.0 0.375 0.0 R )
#(0.9375 0.9375 0.9375 0.0625 0.0625 0.0625 B )
#(0.875 1.0 1.0 0.125 0.0 0.0 L )
#(0.8125 0.9375 0.9375 0.1875 0.0625 0.0625 L )
#(0.7813 0.6875 0.7813 0.0938 0.1875 0.0938 R )
#(0.9583 0.75 1.0 0.0417 0.25 0.0 R )
#(0.9583 0.6667 0.9583 0.0417 0.3333 0.0417 R )
#(1.0 0.9583 1.0 0.0 0.0417 0.0 R )
#(0.9167 0.5833 0.9167 0.0833 0.4167 0.0833 R )
#(0.9583 0.1667 0.9583 0.0417 0.8333 0.0417 R )
#(0.9583 0.75 1.0 0.0417 0.25 0.0 R )
#(0.9583 0.6667 0.9583 0.0417 0.3333 0.0417 R )
#(1.0 0.6667 1.0 0.0 0.3333 0.0 R )
#(0.9583 1.0 1.0 0.0417 0.0 0.0 L )
#(0.6667 0.6667 0.6667 0.3333 0.3333 0.3333 B )
