255
;
#(59 74 43 62 15 19 31 )
#(71 86 55 74 15 19 31 )
#(66 88 55 69 22 14 33 )
#(66 81 48 59 15 11 33 )
#(62 81 50 59 19 9 31 )
#(69 81 57 69 12 12 24 )
#(68 81 57 71 13 14 24 )
#(69 81 57 69 12 12 24 )
#(62 81 45 71 19 26 36 )
#(61 81 49 57 20 8 32 )
#(59 83 43 73 24 30 40 )
#(61 81 43 74 20 31 38 )
#(61 81 38 57 20 19 43 )
#(64 84 50 64 20 14 34 )
#(75 83 59 71 8 12 24 )
#(75 83 59 71 8 12 24 )
#(59 84 43 60 25 17 41 )
#(69 86 50 74 17 24 36 )
#(59 84 50 74 25 24 34 )
#(56 79 47 55 23 8 32 )
#(57 81 48 59 24 11 33 )
#(62 79 50 62 17 12 29 )
#(62 74 50 64 12 14 24 )
#(66 81 59 74 15 15 22 )
#(74 86 62 78 12 16 24 )
#(66 86 57 78 20 21 29 )
#(65 86 47 62 21 15 39 )
#(64 88 48 79 24 31 40 )
#(66 86 43 67 20 24 43 )
#(66 86 43 50 20 7 43 )
#(67 79 31 50 12 19 48 )
#(67 75 51 62 8 11 24 )
#(62 79 42 62 17 20 37 )
#(66 75 38 62 9 24 37 )
#(62 79 38 62 17 24 41 )
#(58 72 31 56 14 25 41 )
#(65 77 51 65 12 14 26 )
#(63 80 51 68 17 17 29 )
#(69 84 56 68 15 12 28 )
#(58 84 51 70 26 19 33 )
#(67 75 50 62 8 12 25 )
#(62 79 46 62 17 16 33 )
#(66 75 38 51 9 13 37 )
#(62 75 50 62 13 12 25 )
#(66 79 36 62 13 26 43 )
#(67 82 46 55 15 9 36 )
#(67 81 38 63 14 25 43 )
#(70 84 48 60 14 12 36 )
#(72 80 47 58 8 11 33 )
#(59 71 31 55 12 24 40 )
#(59 67 31 43 8 12 36 )
#(60 76 40 57 16 17 36 )
#(60 76 40 57 16 17 36 )
#(64 77 43 60 13 17 34 )
#(64 88 40 64 24 24 48 )
#(60 76 40 57 16 17 36 )
#(60 74 40 60 14 20 34 )
#(65 82 53 64 17 11 29 )
#(67 79 50 67 12 17 29 )
#(67 84 53 67 17 14 31 )
#(71 76 0 0 5 -1 76 )
#(60 76 40 57 16 17 36 )
#(60 77 40 60 17 20 37 )
#(64 88 40 64 24 24 48 )
#(60 76 40 57 16 17 36 )
#(60 76 40 57 16 17 36 )
#(64 77 45 45 13 0 32 )
#(60 76 38 45 16 7 38 )
#(60 77 33 45 17 12 44 )
#(62 77 46 47 15 1 31 )
#(57 88 33 64 31 31 55 )
#(71 100 57 64 29 7 43 )
#(60 76 40 57 16 17 36 )
#(60 77 40 60 17 20 37 )
#(64 88 40 64 24 24 48 )
#(60 76 40 57 16 17 36 )
#(60 76 40 57 16 17 36 )
#(60 69 33 45 9 12 36 )
#(44 80 36 49 36 13 44 )
#(49 85 33 47 36 14 52 )
#(68 84 32 69 16 37 52 )
#(44 88 32 61 44 29 56 )
#(51 88 31 51 37 20 57 )
#(67 75 43 51 8 8 32 )
#(67 87 43 51 20 8 44 )
#(67 85 35 51 18 16 50 )
#(69 88 37 73 19 36 51 )
#(57 87 37 71 30 34 50 )
#(55 88 39 63 33 24 49 )
#(63 76 44 64 13 20 32 )
#(67 88 32 61 21 29 56 )
#(68 88 44 69 20 25 44 )
#(59 87 44 58 28 14 43 )
#(59 87 44 58 28 14 43 )
#(44 85 35 49 41 14 50 )
#(49 85 29 61 36 32 56 )
#(65 73 53 61 8 8 20 )
#(66 74 43 62 8 19 31 )
#(66 78 38 51 12 13 40 )
#(63 78 30 44 15 14 48 )
#(60 81 32 61 21 29 49 )
#(60 80 32 44 20 12 48 )
#(60 75 32 44 15 12 43 )
#(44 80 30 49 36 19 50 )
#(44 85 35 48 41 13 50 )
#(49 85 32 69 36 37 53 )
#(56 80 32 69 24 37 48 )
#(60 68 48 56 8 8 20 )
#(60 80 48 56 20 8 32 )
#(60 78 40 56 18 16 38 )
#(62 83 42 66 21 24 41 )
#(57 81 30 64 24 34 51 )
#(48 76 32 56 28 24 44 )
#(56 76 37 57 20 20 39 )
#(60 88 37 69 28 32 51 )
#(61 80 37 68 19 31 43 )
#(52 80 37 51 28 14 43 )
#(49 80 33 51 31 18 47 )
#(45 85 31 52 40 21 54 )
#(45 85 30 64 40 34 55 )
#(60 80 48 56 20 8 32 )
#(60 85 47 56 25 9 38 )
#(61 85 30 61 24 31 55 )
#(56 88 30 62 32 32 58 )
#(60 81 32 66 21 34 49 )
#(54 68 31 51 14 20 37 )
#(52 80 37 51 28 14 43 )
#(56 88 37 76 32 39 51 )
#(61 73 37 49 12 12 36 )
#(48 58 30 44 10 14 28 )
#(49 61 30 49 12 19 31 )
#(48 65 36 44 17 8 29 )
#(48 68 37 53 20 16 31 )
#(48 58 30 42 10 12 28 )
#(49 61 32 45 12 13 29 )
#(48 61 30 66 13 36 31 )
#(48 68 30 77 20 47 38 )
#(48 73 37 53 25 16 36 )
#(60 73 42 61 13 19 31 )
#(61 73 37 61 12 24 36 )
#(60 77 48 56 17 8 29 )
#(60 80 49 63 20 14 31 )
#(61 82 49 73 21 24 33 )
#(72 85 61 78 13 17 24 )
#(72 89 54 70 17 16 35 )
#(73 85 56 73 12 17 29 )
#(73 85 56 78 12 22 29 )
#(75 90 60 85 15 25 30 )
#(72 87 54 78 15 24 33 )
#(72 94 56 80 22 24 38 )
#(44 73 30 56 29 26 43 )
#(53 73 30 57 20 27 43 )
#(48 73 36 63 25 27 37 )
#(48 80 39 68 32 29 41 )
#(61 73 49 56 12 7 24 )
#(65 78 49 70 13 21 29 )
#(61 80 53 68 19 15 27 )
#(58 78 48 63 20 15 30 )
#(63 80 53 68 17 15 27 )
#(63 73 54 61 10 7 19 )
#(58 75 42 56 17 14 33 )
#(58 75 44 63 17 19 31 )
#(63 80 53 61 17 8 27 )
#(54 82 32 65 28 33 50 )
#(53 75 37 44 22 7 38 )
#(53 78 37 44 25 7 41 )
#(58 82 32 56 24 24 50 )
#(54 75 46 55 21 9 29 )
#(53 73 37 49 20 12 36 )
#(52 66 43 49 14 6 23 )
#(48 66 32 49 18 17 34 )
#(55 65 29 53 10 24 36 )
#(60 70 29 60 10 31 41 )
#(63 66 33 63 3 30 33 )
#(58 71 29 61 13 32 42 )
#(56 71 28 54 15 26 43 )
#(60 72 29 62 12 33 43 )
#(59 75 29 53 16 24 46 )
#(56 75 31 63 19 32 44 )
#(60 86 31 60 26 29 55 )
#(59 65 31 60 6 29 34 )
#(60 68 29 63 8 34 39 )
#(58 72 34 56 14 22 38 )
#(59 75 29 56 16 27 46 )
#(58 73 29 56 15 27 44 )
#(55 68 29 63 13 34 39 )
#(60 79 31 60 19 29 48 )
#(60 74 31 63 14 32 43 )
#(60 60 36 55 -1 19 24 )
#(57 78 30 57 21 27 48 )
#(54 80 29 62 26 33 51 )
#(53 74 37 62 21 25 37 )
#(60 83 49 64 23 15 34 )
#(55 74 37 62 19 25 37 )
#(60 91 43 64 31 21 48 )
#(61 86 37 62 25 25 49 )
#(65 93 42 62 28 20 51 )
#(65 85 44 63 20 19 41 )
#(71 88 47 73 17 26 41 )
#(64 91 32 64 27 32 59 )
#(30 86 49 59 56 10 37 )
#(30 86 49 59 56 10 37 )
#(66 91 50 73 25 23 41 )
#(55 91 30 71 36 41 61 )
#(57 90 26 59 33 33 64 )
#(66 93 33 66 27 33 60 )
#(62 93 40 68 31 28 53 )
#(50 90 37 82 40 45 53 )
#(63 85 43 73 22 30 42 )
#(57 92 39 78 35 39 53 )
#(56 86 30 68 30 38 56 )
#(69 93 35 62 24 27 58 )
#(65 85 44 69 20 25 41 )
#(65 95 44 62 30 18 51 )
#(57 97 25 64 40 39 72 )
#(55 83 31 61 28 30 52 )
#(53 81 29 61 28 32 52 )
#(76 93 37 69 17 32 56 )
#(70 93 34 69 23 35 59 )
#(66 90 32 73 24 41 58 )
#(68 95 36 71 27 35 59 )
#(34 95 37 63 61 26 58 )
#(34 90 53 63 56 10 37 )
#(70 94 53 75 24 22 41 )
#(62 95 34 76 33 42 61 )
#(61 75 30 63 14 33 45 )
#(61 92 34 70 31 36 58 )
#(70 94 30 59 24 29 64 )
#(35 91 35 64 56 29 56 )
#(73 90 48 69 17 21 42 )
#(57 90 32 69 33 37 58 )
#(54 83 31 52 29 21 52 )
#(53 91 30 50 38 20 61 )
#(70 94 30 54 24 24 64 )
#(58 74 29 61 16 32 45 )
#(58 85 30 58 27 28 55 )
#(67 79 50 60 12 10 29 )
#(67 79 43 65 12 22 36 )
#(69 83 50 59 14 9 33 )
#(62 81 50 57 19 7 31 )
#(67 79 50 60 12 10 29 )
#(67 79 43 65 12 22 36 )
#(74 86 50 60 12 10 36 )
#(59 86 43 60 27 17 43 )
#(59 74 43 62 15 19 31 )
#(66 74 50 65 8 15 24 )
#(66 79 50 64 13 14 29 )
#(66 81 50 62 15 12 31 )
#(62 74 50 60 12 10 24 )
#(62 76 50 60 14 10 26 )
#(66 74 50 62 8 12 24 )
#(67 79 50 65 12 15 29 )
#(62 74 48 60 12 12 26 )
#(67 79 48 62 12 14 31 )
#(59 79 43 62 20 19 36 )
