255
;
#(14 7 0 1 1 0 0 0 0 0 )
#(19 9 0 1 1 0 0 0 0 0 )
#(25 3 2 0 0 0 0 0 0 0 )
#(22 16 2 0 0 0 0 0 0 0 )
#(15 24 1 0 0 0 0 0 0 0 )
#(18 10 4 0 0 0 0 0 0 0 )
#(26 2 4 0 0 0 0 0 0 0 )
#(18 8 6 0 0 0 0 0 0 0 )
#(28 3 5 0 0 0 0 0 0 0 )
#(38 8 2 0 0 0 0 0 0 0 )
#(34 7 2 1 0 0 0 0 0 0 )
#(23 1 8 0 0 0 0 0 0 0 )
#(12 24 1 0 2 0 0 0 0 0 )
#(25 8 0 1 1 0 0 0 0 0 )
#(16 10 7 0 0 0 0 0 0 0 )
#(22 0 10 0 0 0 0 0 0 0 )
#(13 13 0 0 1 0 0 0 0 0 )
#(18 8 0 0 1 0 0 0 0 0 )
#(27 12 1 0 0 0 0 0 0 0 )
#(38 10 0 0 0 0 0 0 0 0 )
#(21 27 0 0 0 0 0 0 0 0 )
#(15 21 0 0 0 0 0 0 0 0 )
#(20 6 6 0 0 0 0 0 0 0 )
#(23 7 2 0 0 0 0 0 0 0 )
#(19 8 5 0 0 0 0 0 0 0 )
#(29 8 3 0 0 0 0 0 0 0 )
#(38 8 1 1 0 0 0 0 0 0 )
#(26 9 5 0 0 0 0 0 0 0 )
#(27 9 4 0 0 0 0 0 0 0 )
#(16 32 0 0 0 0 0 0 0 0 )
#(0 1 0 0 1 1 0 0 0 0 )
#(4 0 7 0 0 0 0 0 0 0 )
#(11 9 1 0 0 0 0 0 0 0 )
#(6 2 6 0 0 0 0 0 0 0 )
#(10 10 1 0 0 0 0 0 0 0 )
#(8 2 1 2 0 0 0 0 0 0 )
#(9 3 3 2 0 0 0 0 0 0 )
#(15 3 0 2 0 0 0 0 0 0 )
#(11 2 0 3 1 0 0 0 0 0 )
#(9 2 2 2 0 0 0 0 0 0 )
#(14 0 3 2 0 0 0 0 0 0 )
#(7 3 5 0 0 0 0 0 0 0 )
#(13 10 0 0 0 0 0 0 0 0 )
#(0 24 0 0 0 0 0 0 0 0 )
#(3 21 0 0 0 0 0 0 0 0 )
#(0 24 0 0 0 0 0 0 0 0 )
#(6 11 7 0 0 0 0 0 0 0 )
#(0 15 9 0 0 0 0 0 0 0 )
#(3 4 7 0 0 0 0 0 0 0 )
#(2 1 1 3 2 0 0 0 0 0 )
#(0 0 0 0 2 0 0 0 0 0 )
#(21 3 0 0 0 0 0 0 0 0 )
#(18 3 0 0 0 0 0 0 0 0 )
#(20 4 0 0 0 0 0 0 0 0 )
#(23 1 0 0 0 0 0 0 0 0 )
#(21 3 0 0 0 0 0 0 0 0 )
#(17 4 0 2 0 1 0 0 0 0 )
#(13 11 1 3 0 0 0 0 0 0 )
#(18 10 4 1 0 0 0 0 0 0 )
#(37 1 7 3 0 0 0 0 0 0 )
#(20 0 0 0 0 0 0 0 0 0 )
#(21 3 0 0 0 0 0 0 0 0 )
#(20 4 0 0 0 0 0 0 0 0 )
#(21 3 0 0 0 0 0 0 0 0 )
#(22 2 0 0 0 0 0 0 0 0 )
#(21 3 0 0 0 0 0 0 0 0 )
#(17 1 2 3 1 0 0 0 0 0 )
#(5 10 0 8 1 0 0 0 0 0 )
#(17 0 4 2 1 0 0 0 0 0 )
#(16 0 4 4 0 0 0 0 0 0 )
#(14 1 0 4 1 0 0 0 0 0 )
#(30 0 0 3 0 0 0 0 0 0 )
#(21 3 0 0 0 0 0 0 0 0 )
#(20 4 0 0 0 0 0 0 0 0 )
#(21 3 0 0 0 0 0 0 0 0 )
#(22 2 0 0 0 0 0 0 0 0 )
#(21 3 0 0 0 0 0 0 0 0 )
#(0 0 0 1 0 0 0 0 0 0 )
#(30 26 0 0 2 2 0 0 0 0 )
#(29 23 0 4 1 1 0 0 0 0 )
#(31 26 5 0 1 0 0 0 0 0 )
#(23 13 10 2 0 0 0 0 0 0 )
#(32 28 1 1 0 0 0 0 0 0 )
#(42 21 0 0 1 0 0 0 0 0 )
#(36 1 27 0 0 0 0 0 0 0 )
#(52 4 5 1 1 0 0 0 0 0 )
#(34 8 0 5 1 0 0 2 0 0 )
#(48 0 0 7 0 1 0 2 0 0 )
#(28 0 10 10 0 0 0 0 0 0 )
#(3 0 8 21 0 0 0 0 0 0 )
#(0 0 0 1 29 2 0 0 0 0 )
#(7 0 0 24 1 0 0 0 0 0 )
#(50 6 1 7 0 0 0 0 0 0 )
#(28 32 0 4 0 0 0 0 0 0 )
#(31 27 0 0 3 1 0 0 0 0 )
#(32 19 0 0 5 2 0 0 0 0 )
#(42 21 0 0 1 0 0 0 0 0 )
#(40 24 0 0 0 0 0 0 0 0 )
#(38 26 0 0 0 0 0 0 0 0 )
#(37 24 2 1 0 0 0 0 0 0 )
#(44 13 0 7 0 0 0 0 0 0 )
#(44 1 0 18 1 0 0 0 0 0 )
#(41 9 9 4 1 0 0 0 0 0 )
#(15 13 0 0 1 3 0 0 0 0 )
#(30 26 0 0 2 2 0 0 0 0 )
#(29 22 3 4 1 0 0 0 0 0 )
#(24 14 11 1 0 0 0 0 0 0 )
#(43 20 0 0 1 0 0 0 0 0 )
#(36 1 27 0 0 0 0 0 0 0 )
#(40 8 6 0 2 0 0 0 0 0 )
#(35 7 0 4 2 0 0 2 0 0 )
#(47 0 2 6 0 0 2 1 0 0 )
#(14 0 15 11 0 0 0 0 0 0 )
#(3 0 0 21 8 0 0 0 0 0 )
#(1 0 0 6 23 2 0 0 0 0 )
#(19 2 1 18 0 0 0 0 0 0 )
#(51 4 0 9 0 0 0 0 0 0 )
#(22 35 4 2 0 1 0 0 0 0 )
#(34 18 5 0 3 3 2 1 0 0 )
#(48 8 0 2 9 2 0 0 0 0 )
#(42 18 3 1 0 0 0 0 0 0 )
#(38 0 26 0 0 0 0 0 0 0 )
#(41 1 7 0 2 0 1 0 0 0 )
#(51 4 0 2 0 0 1 0 0 0 )
#(51 16 1 1 0 0 0 0 0 0 )
#(25 6 0 3 0 0 0 0 0 0 )
#(53 3 0 8 0 0 0 0 0 0 )
#(0 30 0 9 0 1 0 1 0 0 )
#(0 0 0 0 0 0 0 1 0 0 )
#(6 0 0 7 0 0 0 0 0 0 )
#(4 0 0 2 5 0 0 0 0 0 )
#(0 0 1 0 14 0 0 0 0 0 )
#(4 0 1 3 7 0 0 0 0 0 )
#(13 1 4 2 0 0 0 0 0 0 )
#(13 0 3 4 0 0 0 0 0 0 )
#(18 0 3 3 0 0 0 0 0 0 )
#(5 13 4 0 2 0 0 0 0 0 )
#(19 5 1 1 0 0 0 0 0 0 )
#(21 10 1 0 0 0 0 0 0 0 )
#(14 17 1 0 0 0 0 0 0 0 )
#(18 0 14 0 0 0 0 0 0 0 )
#(16 6 5 5 0 0 0 0 0 0 )
#(49 5 1 5 0 0 0 0 0 0 )
#(54 0 4 6 0 0 0 0 0 0 )
#(54 0 0 5 5 0 0 0 0 0 )
#(54 0 10 0 0 0 0 0 0 0 )
#(55 8 0 1 0 0 0 0 0 0 )
#(51 12 0 1 0 0 0 0 0 0 )
#(55 2 1 6 0 0 0 0 0 0 )
#(52 0 0 8 4 0 0 0 0 0 )
#(19 0 0 6 0 0 0 0 0 0 )
#(10 0 0 4 3 0 0 0 0 0 )
#(7 0 0 4 7 0 0 0 0 0 )
#(0 1 3 5 7 0 0 0 0 0 )
#(0 0 0 0 0 0 1 0 0 0 )
#(0 0 5 3 0 0 0 0 0 0 )
#(0 0 4 4 0 0 0 0 0 0 )
#(3 1 1 7 0 0 0 0 0 0 )
#(3 1 1 6 0 0 0 0 0 0 )
#(0 1 7 0 0 0 0 0 0 0 )
#(0 4 2 5 0 0 0 0 0 0 )
#(1 1 0 8 0 0 0 0 0 0 )
#(1 1 1 7 0 0 0 0 0 0 )
#(2 2 0 4 2 0 0 0 0 0 )
#(0 3 0 3 0 0 0 0 0 0 )
#(0 6 0 4 0 0 0 0 0 0 )
#(0 4 0 4 0 0 0 0 0 0 )
#(0 4 0 4 0 0 0 0 0 0 )
#(0 4 2 4 0 0 0 0 0 0 )
#(0 4 0 4 0 0 0 0 0 0 )
#(0 3 2 0 0 1 0 0 0 0 )
#(42 0 6 0 0 0 0 0 0 0 )
#(41 3 0 5 1 0 0 0 0 0 )
#(41 3 3 3 0 0 0 0 0 0 )
#(37 1 5 5 0 0 0 0 0 0 )
#(38 1 2 7 0 0 0 0 0 0 )
#(41 3 2 2 2 0 0 0 0 0 )
#(36 3 1 5 3 0 0 0 0 0 )
#(35 11 2 0 0 0 0 0 0 0 )
#(44 0 4 0 0 0 0 0 0 0 )
#(36 7 2 3 0 0 0 0 0 0 )
#(26 9 1 3 2 0 0 0 0 0 )
#(40 3 0 7 0 0 0 0 0 0 )
#(38 1 2 5 2 0 0 0 0 0 )
#(38 1 2 7 0 0 0 0 0 0 )
#(38 1 0 10 0 0 0 0 0 0 )
#(44 3 4 1 0 0 0 0 0 0 )
#(34 1 2 1 0 1 0 0 0 0 )
#(0 0 0 0 0 1 0 0 0 0 )
#(1 0 2 0 7 2 3 0 0 0 )
#(1 0 0 0 3 10 1 0 0 0 )
#(5 3 1 2 6 6 3 0 0 0 )
#(2 4 1 2 3 2 4 0 0 0 )
#(6 8 1 4 8 0 4 0 0 0 )
#(1 6 1 4 6 5 0 0 0 0 )
#(12 2 3 6 7 0 1 0 0 0 )
#(38 9 0 6 7 2 1 0 0 0 )
#(39 9 6 7 6 0 0 0 0 0 )
#(14 18 10 7 2 0 0 0 0 0 )
#(14 15 1 8 8 2 0 0 0 0 )
#(26 8 9 5 0 0 0 0 0 0 )
#(44 9 12 7 0 0 0 0 0 0 )
#(8 48 3 13 0 0 0 0 0 0 )
#(1 20 8 8 1 5 0 0 0 0 )
#(0 5 1 2 2 5 2 0 0 0 )
#(6 2 1 4 6 3 0 0 0 0 )
#(10 5 1 8 3 0 0 0 0 0 )
#(11 3 2 7 6 0 0 0 0 0 )
#(29 5 11 1 2 0 0 0 0 0 )
#(29 8 11 0 0 0 0 0 0 0 )
#(39 9 0 11 5 0 0 0 0 0 )
#(71 1 1 20 3 0 0 0 0 0 )
#(71 0 4 11 10 0 0 0 0 0 )
#(69 1 7 14 5 0 0 0 0 0 )
#(50 8 7 11 5 3 0 0 0 0 )
#(9 14 12 5 5 2 0 0 1 0 )
#(18 4 8 11 4 2 2 0 0 0 )
#(28 9 1 8 6 1 0 0 0 0 )
#(32 7 4 5 7 4 0 0 0 0 )
#(13 9 9 9 8 8 1 0 0 0 )
#(11 11 4 11 11 0 0 0 0 0 )
#(22 14 9 2 1 0 0 0 0 0 )
#(40 10 10 6 0 0 0 0 0 0 )
#(18 38 4 12 0 0 0 0 0 0 )
#(8 17 6 10 6 2 0 0 0 0 )
#(5 6 3 4 3 3 1 1 0 0 )
#(3 6 2 2 6 1 2 0 0 0 )
#(0 10 2 5 3 1 0 0 0 0 )
#(34 9 10 7 1 0 0 0 0 0 )
#(44 6 4 15 3 0 0 0 0 0 )
#(12 18 4 0 1 9 0 0 0 0 )
#(2 6 4 2 5 6 0 0 0 0 )
#(18 2 17 6 3 2 0 0 0 0 )
#(56 1 3 6 4 1 1 0 0 0 )
#(1 6 1 1 4 6 0 0 0 0 )
#(0 0 1 0 0 4 0 0 0 0 )
#(18 0 4 2 0 0 0 0 0 0 )
#(11 14 2 0 0 0 0 0 0 0 )
#(20 12 0 0 0 0 0 0 0 0 )
#(23 0 5 0 0 0 0 0 0 0 )
#(18 0 4 2 0 0 0 0 0 0 )
#(11 14 2 0 0 0 0 0 0 0 )
#(22 10 0 0 0 0 0 0 0 0 )
#(16 8 3 0 0 0 0 0 0 0 )
#(5 2 7 0 0 0 0 0 0 0 )
#(7 12 5 0 0 0 0 0 0 0 )
#(12 6 3 0 0 0 0 0 0 0 )
#(11 8 3 0 0 0 0 0 0 0 )
#(11 8 0 0 1 0 0 0 0 0 )
#(19 0 0 0 2 0 0 0 0 0 )
#(6 9 9 0 0 0 0 0 0 0 )
#(9 10 2 0 0 0 0 0 0 0 )
#(14 2 3 2 0 0 0 0 0 0 )
#(9 14 0 1 0 0 0 0 0 0 )
#(1 5 1 2 0 0 0 0 0 0 )
