#(78 88 55 64 10 9 33 )
#(71 86 54 69 15 15 32 )
#(66 76 50 64 10 14 26 )
#(71 83 54 67 12 13 29 )
#(69 86 62 67 17 5 24 )
#(64 81 42 66 17 24 39 )
#(61 74 50 64 13 14 24 )
#(61 74 43 57 13 14 31 )
#(62 76 49 57 14 8 27 )
#(73 86 54 69 13 15 32 )
#(62 79 53 63 17 10 26 )
#(60 74 36 58 14 22 38 )
#(62 86 38 62 24 24 48 )
#(78 88 55 64 10 9 33 )
#(66 81 50 69 15 19 31 )
#(66 79 55 64 13 9 24 )
#(64 81 50 62 17 12 31 )
#(62 79 35 60 17 25 44 )
#(67 86 36 67 19 31 50 )
#(66 79 55 69 13 14 24 )
#(66 79 48 62 13 14 31 )
#(71 79 54 62 8 8 25 )
