22
;
#(18 0 2 0 12 7 0 10 0 6 0 2)
#(13 0 10 0 11 6 1 16 0 5 0 3)
#(18 0 5 0 12 7 0 14 0 6 0 4)
#(14 0 8 0 11 0 8 11 0 10 0 6)
#(8 0 8 0 10 0 8 18 0 8 0 8)
#(10 4 8 0 1 0 5 11 0 10 0 16)
#(6 4 13 0 9 0 4 14 0 6 0 6)
#(8 4 15 0 8 0 4 14 0 6 0 7)
#(0 2 14 0 2 0 3 14 0 3 0 10)
#(9 0 12 7 0 6 2 15 2 1 0 12)
#(2 1 6 10 0 10 0 9 6 0 18 0)
#(12 0 8 1 4 5 4 9 4 4 4 4)
#(8 0 6 4 2 0 2 13 0 2 0 6)
#(22 0 2 0 16 7 1 15 0 6 0 2)
#(9 0 13 0 7 6 0 15 0 5 0 5)
#(21 0 1 0 16 7 1 15 0 7 2 1)
#(12 0 5 2 9 5 1 14 0 7 4 5)
#(19 0 11 0 14 8 0 5 0 9 0 6)
#(11 0 6 0 12 10 4 12 0 1 0 5)
#(14 0 6 0 7 6 4 13 0 8 0 4)
#(12 0 7 0 5 6 7 15 0 9 0 5)
#(8 0 1 0 7 0 1 6 0 1 0 1)
