#(0.8125 0.75 0.8125 0.0 0.0625 0.0 R )
#(0.9375 1.0 1.0 0.0625 0.0 0.0 L )
#(0.9375 0.9375 1.0 0.0625 0.0625 0.0 L )
#(0.9375 1.0 1.0 0.0625 0.0 0.0 L )
#(1.0 0.625 1.0 0.0 0.375 0.0 R )
#(1.0 0.9375 1.0 0.0 0.0625 0.0 R )
#(1.0 0.875 1.0 0.0 0.125 0.0 R )
#(1.0 0.875 1.0 0.0 0.125 0.0 R )
#(0.375 0.6875 0.75 0.375 0.0625 0.0 L )
#(1.0 1.0 1.0 0.0 0.0 0.0 B )
#(1.0 0.875 1.0 0.0 0.125 0.0 R )
#(0.9583 0.9375 1.0 0.0417 0.0625 0.0 R )
#(0.7083 0.75 1.0 0.2917 0.25 0.0 L )
#(0.9375 1.0 1.0 0.0625 0.0 0.0 L )
#(0.9375 0.9375 1.0 0.0625 0.0625 0.0 R )
#(0.9375 1.0 1.0 0.0625 0.0 0.0 L )
#(1.0 0.8125 1.0 0.0 0.1875 0.0 R )
#(1.0 0.75 1.0 0.0 0.25 0.0 R )
#(0.9792 0.875 1.0 0.0208 0.125 0.0 R )
#(1.0 0.875 1.0 0.0 0.125 0.0 R )
#(0.875 1.0 1.0 0.125 0.0 0.0 L )
#(0.375 0.875 0.875 0.5 0.0 0.0 L )
