#(23 14 2 0 0 0 0 0 0 0 )
#(32 15 1 0 0 0 0 0 0 0 )
#(28 16 2 0 0 0 0 0 0 0 )
#(30 16 2 0 0 0 0 0 0 0 )
#(38 0 10 0 0 0 0 0 0 0 )
#(39 1 8 0 0 0 0 0 0 0 )
#(35 12 1 0 0 0 0 0 0 0 )
#(35 8 5 0 0 0 0 0 0 0 )
#(24 6 4 0 0 0 0 0 0 0 )
#(32 14 2 0 0 0 0 0 0 0 )
#(34 14 0 0 0 0 0 0 0 0 )
#(37 11 0 0 0 0 0 0 0 0 )
#(37 3 0 0 0 0 0 0 0 0 )
#(28 17 3 0 0 0 0 0 0 0 )
#(32 14 0 0 0 0 0 0 0 0 )
#(28 17 3 0 0 0 0 0 0 0 )
#(34 12 2 0 0 0 0 0 0 0 )
#(36 0 12 0 0 0 0 0 0 0 )
#(40 3 5 0 0 0 0 0 0 0 )
#(35 12 1 0 0 0 0 0 0 0 )
#(35 8 5 0 0 0 0 0 0 0 )
#(16 0 3 0 0 0 0 0 0 0 )
