#(6 0 8 1 6 0 0 11 2 14 0 8)
#(22 0 8 3 19 6 1 15 0 1 1 4)
#(19 0 11 1 10 4 4 10 0 11 1 3)
#(24 0 9 2 19 6 1 14 0 1 1 3)
#(27 0 14 1 24 4 0 13 3 5 2 5)
#(22 0 5 2 20 8 4 22 1 6 0 1)
#(13 0 8 2 19 4 5 26 0 8 1 5)
#(14 0 8 2 20 10 4 22 1 6 0 4)
#(22 0 3 2 11 8 3 13 0 9 1 2)
#(23 0 6 4 15 5 3 9 0 1 1 0)
#(22 0 6 1 18 5 0 17 0 3 1 4)
#(19 0 13 3 11 5 5 8 0 9 1 3)
#(30 0 15 0 26 5 0 11 3 3 2 3)
#(16 0 9 0 10 13 0 11 1 7 6 3)
#(9 1 10 2 9 8 0 2 0 19 0 1)
#(11 0 1 3 9 7 4 9 0 7 0 8)
#(10 1 10 3 7 8 1 1 2 19 0 3)
#(16 2 3 0 13 3 1 20 0 2 2 2)
#(16 2 7 0 12 9 2 11 0 5 0 2)
#(11 2 9 2 10 6 2 14 0 6 2 6)
#(12 2 5 3 7 12 3 11 0 6 0 3)
#(12 0 6 2 12 9 2 13 1 12 0 0)
#(17 0 3 2 14 2 3 18 0 4 0 4)
