23
;
#(1 23 1 0 0 1 0 0 0 0 )
#(4 2 11 4 1 3 0 0 0 0 )
#(4 7 7 1 5 1 0 0 0 0 )
#(3 4 10 4 1 3 0 0 0 0 )
#(1 9 4 5 7 2 0 0 0 0 )
#(6 3 7 6 2 4 0 0 0 0 )
#(8 3 7 7 2 3 0 0 0 0 )
#(6 3 6 7 3 3 0 0 0 0 )
#(9 5 1 8 4 0 0 0 0 0 )
#(5 4 8 5 2 0 0 0 0 0 )
#(4 2 10 4 1 3 0 0 0 0 )
#(4 7 8 1 5 1 0 0 0 0 )
#(0 10 4 7 4 3 0 0 0 0 )
#(3 2 5 4 4 3 0 0 0 0 )
#(6 1 11 1 2 1 0 0 0 0 )
#(8 3 2 7 1 1 0 0 0 0 )
#(7 3 9 1 3 1 0 0 0 0 )
#(11 2 1 5 4 1 0 0 0 0 )
#(4 5 2 10 0 1 0 0 0 0 )
#(10 6 5 2 5 0 0 0 0 0 )
#(5 8 2 3 5 0 0 0 0 0 )
#(11 8 5 3 3 0 0 0 0 0 )
#(4 6 2 6 3 1 0 0 0 0 )
