22
;
#(65 77 41 65 12 24 36 )
#(65 79 41 63 14 22 38 )
#(65 81 46 65 16 19 35 )
#(65 79 41 63 14 22 38 )
#(62 87 39 63 25 24 48 )
#(61 84 41 63 23 22 43 )
#(61 90 41 81 29 40 49 )
#(60 84 41 79 24 38 43 )
#(62 86 38 67 24 29 48 )
#(62 80 46 63 18 17 34 )
#(65 79 41 63 14 22 38 )
#(65 81 46 65 16 19 35 )
#(65 87 39 63 22 24 48 )
#(58 91 39 63 33 24 52 )
#(58 89 34 65 31 31 55 )
#(58 94 39 67 36 28 55 )
#(60 94 36 78 34 42 58 )
#(55 82 34 62 27 28 48 )
#(69 85 38 65 16 27 47 )
#(63 82 34 63 19 29 48 )
#(58 84 34 63 26 29 50 )
#(55 75 34 51 20 17 41 )
