#(10 2 3 4 8 0 0 10 4 4 0 5)
#(16 0 4 2 12 7 0 17 3 7 1 7)
#(10 2 12 0 10 4 1 15 1 5 2 7)
#(17 2 4 2 12 7 0 14 3 7 2 7)
#(10 4 12 0 9 11 2 15 3 13 0 5)
#(11 0 7 2 9 7 1 19 0 4 0 10)
#(9 0 8 4 13 5 3 13 4 4 0 9)
#(8 0 8 2 9 6 1 18 4 10 0 10)
#(6 0 7 0 13 7 0 9 3 6 0 6)
#(16 2 1 2 10 4 1 16 2 5 2 2)
#(15 2 4 0 13 7 0 19 2 7 1 7)
#(10 0 12 2 9 4 1 13 2 5 2 7)
#(14 6 11 0 10 13 0 13 4 15 1 6)
#(22 0 8 0 8 17 1 11 4 17 1 6)
#(25 0 7 6 19 9 5 20 0 10 0 5)
#(18 0 0 7 27 3 4 25 0 5 0 20)
#(7 6 4 7 2 4 4 4 4 23 6 3)
#(12 3 7 0 6 5 8 23 0 10 1 8)
#(17 1 10 3 16 4 11 33 2 5 7 7)
#(10 0 9 4 0 15 10 24 8 3 4 9)
#(19 0 10 0 19 4 8 31 2 5 2 10)
#(12 2 5 0 6 4 1 16 4 6 0 2)
