#(0 22 0 0 0 1 0 0 0 0 )
#(12 2 5 10 1 0 0 0 0 0 )
#(16 4 2 7 1 1 0 0 0 0 )
#(12 2 5 9 2 0 0 0 0 0 )
#(10 0 6 5 6 1 0 0 0 0 )
#(3 11 6 3 3 0 0 0 0 0 )
#(10 8 7 0 5 0 0 0 0 0 )
#(2 10 4 8 2 0 0 0 0 0 )
#(3 16 3 2 1 0 0 0 0 0 )
#(16 2 3 6 2 0 0 0 0 0 )
#(12 3 2 12 1 0 0 0 0 0 )
#(16 4 4 5 1 1 0 0 0 0 )
#(6 0 6 7 7 1 0 0 0 0 )
#(3 1 7 6 9 0 0 0 0 0 )
#(0 6 4 6 8 3 0 0 0 0 )
#(2 6 4 8 9 1 0 0 0 0 )
#(9 6 1 5 6 0 0 0 0 0 )
#(4 4 3 2 8 0 2 0 0 0 )
#(0 12 4 2 3 6 3 0 0 0 )
#(0 12 2 2 4 4 2 0 0 0 )
#(0 8 2 2 7 4 3 0 0 0 )
#(6 1 0 0 10 0 0 0 0 0 )
