#(68 83 57 64 15 7 26 )
#(75 84 47 64 9 17 37 )
#(67 81 48 64 14 16 33 )
#(64 81 45 64 17 19 36 )
#(68 77 45 64 9 19 32 )
#(74 84 48 64 10 16 36 )
#(69 85 45 57 16 12 40 )
#(64 85 38 57 21 19 47 )
#(64 86 38 57 22 19 48 )
#(73 86 53 61 13 8 33 )
#(72 83 54 66 11 12 29 )
#(69 81 56 64 12 8 25 )
#(68 83 50 64 15 14 33 )
#(69 86 45 61 17 16 41 )
#(77 86 47 61 9 14 39 )
#(68 85 45 57 17 12 40 )
#(64 85 38 57 21 19 47 )
#(64 83 38 64 19 26 45 )
#(75 84 52 64 9 12 32 )
#(72 83 47 64 11 17 36 )
#(67 81 48 64 14 16 33 )
#(64 77 45 60 13 15 32 )
#(71 84 53 64 13 11 31 )
#(69 84 45 64 15 19 39 )
#(66 85 38 57 19 19 47 )
#(64 85 38 57 21 19 47 )
#(69 85 45 57 16 12 40 )
#(76 88 38 57 12 19 50 )
#(73 86 38 57 13 19 48 )
#(76 86 40 64 10 24 46 )
#(76 86 57 66 10 9 29 )
#(73 88 45 64 15 19 43 )
#(69 86 38 57 17 19 48 )
#(69 88 45 57 19 12 43 )
#(69 81 45 57 12 12 36 )
