#( 0 0 0 2 10 1 0 )
#( 0 0 3 9 15 0 0 )
#( 0 0 2 15 1 0 0 )
#( 0 2 4 10 10 1 0 )
#( 0 11 8 12 1 0 0 )
#( 0 1 12 17 2 0 0 )
#( 0 0 3 12 8 0 0 )
#( 0 0 1 7 14 0 0 )
#( 0 2 2 5 6 1 0 )
#( 0 2 1 2 8 0 0 )
#( 0 0 2 10 12 0 0 )
#( 0 0 2 17 12 0 0 )
#( 0 0 0 13 13 0 0 )
#( 0 1 1 13 16 0 0 )
#( 0 1 3 9 20 1 0 )
#( 0 0 4 18 14 0 0 )
#( 0 1 13 14 0 0 0 )
#( 0 0 8 7 3 0 0 )
#( 0 0 2 10 16 0 0 )
#( 0 0 4 3 7 3 0 )
#( 0 3 3 0 14 1 0 )
#( 0 4 8 5 7 0 0 )
#( 0 0 2 10 9 0 0 )
#( 0 6 12 6 8 0 0 )
#( 2 6 7 5 12 0 0 )
#( 0 0 4 14 16 1 0 )
#( 1 8 6 1 6 3 0 )
#( 0 0 0 2 10 1 0 )
#( 0 0 3 9 15 0 0 )
#( 0 0 2 15 1 0 0 )
#( 0 2 4 10 10 1 0 )
#( 0 11 8 12 1 0 0 )
#( 0 1 12 17 2 0 0 )
#( 0 0 3 12 8 0 0 )
#( 0 0 0 10 12 2 0 )
#( 0 0 1 5 12 4 0 )
#( 0 2 2 5 5 2 0 )
#( 1 1 1 1 6 3 0 )
#( 0 0 0 6 14 4 0 )
#( 0 0 0 8 21 2 0 )
#( 0 0 8 7 11 0 0 )
#( 0 1 10 16 4 0 0 )
#( 0 3 3 20 8 0 0 )
#( 0 0 13 23 0 0 0 )
#( 0 5 18 4 1 0 0 )
#( 0 0 1 12 5 0 0 )
#( 0 0 3 13 13 1 0 )
#( 0 5 11 7 9 0 0 )
