22
;
#( 0 1 18 23 8 0 0 )
#( 0 12 18 36 20 0 0 )
#( 3 14 11 34 23 0 0 )
#( 0 10 16 37 16 0 0 )
#( 0 15 16 26 11 0 0 )
#( 0 11 31 25 41 4 0 )
#( 0 6 16 31 28 0 0 )
#( 0 10 30 22 39 4 0 )
#( 0 7 25 7 25 4 0 )
#( 0 10 15 34 18 0 0 )
#( 3 16 15 36 26 0 0 )
#( 0 10 14 35 17 0 0 )
#( 0 15 16 30 11 0 0 )
#( 1 8 16 28 27 2 0 )
#( 0 12 18 11 31 4 0 )
#( 3 10 13 25 34 2 0 )
#( 3 8 17 18 18 3 0 )
#( 0 11 22 23 19 2 0 )
#( 2 13 17 18 23 2 0 )
#( 1 10 19 22 26 2 0 )
#( 1 5 16 23 15 0 0 )
#( 0 9 20 14 7 1 0 )
