22
;
#(9 0 6 2 6 6 1 8 0 7 0 5)
#(8 0 4 8 12 10 6 16 0 10 0 12)
#(6 2 10 4 14 5 2 18 1 10 0 13)
#(9 0 4 4 12 10 3 18 0 9 0 10)
#(23 2 2 1 8 4 2 11 3 6 5 1)
#(20 2 8 0 17 9 0 30 1 8 2 15)
#(4 2 10 3 3 14 2 15 1 9 1 17)
#(20 0 9 0 16 8 1 27 2 6 2 14)
#(8 5 12 0 6 5 4 15 0 8 1 4)
#(8 0 4 6 9 10 4 15 0 10 0 11)
#(9 2 9 6 18 5 4 18 2 10 0 13)
#(5 0 5 6 8 10 4 16 0 10 0 12)
#(25 0 3 0 10 4 2 13 4 6 4 1)
#(20 3 7 0 4 17 0 5 3 13 8 2)
#(16 2 9 2 9 3 1 13 4 7 4 6)
#(17 0 10 3 20 5 0 16 8 5 0 3)
#(16 0 3 2 10 2 5 8 2 16 0 3)
#(19 0 5 2 16 4 0 20 0 3 1 7)
#(14 0 8 2 13 4 0 17 0 7 1 9)
#(10 2 5 4 17 3 2 14 0 2 3 18)
#(11 0 3 4 10 5 0 14 2 5 1 5)
#(14 0 2 2 9 2 2 13 0 4 0 3)
