22
;
#(1 22 0 0 1 0 0 0 0 0 )
#(8 4 2 6 8 0 0 0 0 0 )
#(6 4 0 1 11 2 0 0 0 0 )
#(10 4 1 7 6 0 0 0 0 0 )
#(8 2 1 7 5 0 0 0 0 0 )
#(5 4 8 3 5 4 2 0 0 0 )
#(3 3 10 0 6 2 0 0 0 0 )
#(8 4 9 1 4 4 2 0 0 0 )
#(4 0 2 4 6 2 0 0 0 0 )
#(6 4 1 5 8 0 0 0 0 0 )
#(8 4 1 1 11 3 0 0 0 0 )
#(6 4 1 6 7 0 0 0 0 0 )
#(14 2 1 9 3 0 0 0 0 0 )
#(12 4 1 9 2 1 1 0 0 0 )
#(7 6 4 5 5 0 0 0 0 0 )
#(9 1 6 6 3 2 1 0 0 0 )
#(4 8 4 5 3 0 0 0 0 0 )
#(9 6 4 5 2 0 2 0 0 0 )
#(11 5 7 7 1 0 0 0 0 0 )
#(8 1 6 9 2 1 0 0 0 0 )
#(14 7 8 2 0 0 0 0 0 0 )
#(1 5 2 1 2 1 2 0 0 0 )
