#(0.875 0.75 1.0 0.125 0.25 0.0 R )
#(0.9375 0.6875 0.9375 0.0625 0.3125 0.0625 R )
#(0.875 1.0 1.0 0.125 0.0 0.0 L )
#(0.9375 0.8125 1.0 0.0625 0.1875 0.0 R )
#(0.9375 0.9375 1.0 0.0625 0.0625 0.0 R )
#(0.875 0.8125 1.0 0.125 0.1875 0.0 R )
#(0.3125 0.75 0.875 0.6875 0.25 0.125 L )
#(0.8125 0.875 1.0 0.1875 0.125 0.0 L )
#(1.0 0.875 1.0 0.0 0.125 0.0 R )
#(1.0 0.875 1.0 0.0 0.125 0.0 R )
#(1.0 0.625 1.0 0.0 0.375 0.0 R )
#(1.0 0.875 1.0 0.0 0.125 0.0 R )
#(0.9375 0.875 0.9375 0.0625 0.125 0.0625 R )
#(1.0 0.9375 1.0 0.0 0.0625 0.0 R )
#(0.8125 0.8125 1.0 0.1875 0.1875 0.0 R )
#(0.9063 0.375 1.0 0.0938 0.625 0.0 R )
#(0.875 0.75 1.0 0.125 0.25 0.0 R )
#(0.9375 0.6875 0.9375 0.0625 0.3125 0.0625 R )
#(0.875 1.0 1.0 0.125 0.0 0.0 L )
#(0.9375 0.8125 1.0 0.0625 0.1875 0.0 R )
#(0.9375 0.9375 1.0 0.0625 0.0625 0.0 R )
#(0.9375 0.8125 1.0 0.0625 0.1875 0.0 R )
#(0.875 1.0 1.0 0.125 0.0 0.0 L )
#(0.8125 0.375 0.875 0.1875 0.625 0.125 R )
#(0.9375 0.625 1.0 0.0625 0.375 0.0 R )
#(1.0 0.6875 1.0 0.0 0.3125 0.0 R )
#(1.0 1.0 1.0 0.0 0.0 0.0 R )
#(1.0 1.0 1.0 0.0 0.0 0.0 L )
#(0.75 0.75 0.875 0.25 0.25 0.125 R )
#(0.375 0.875 1.0 0.625 0.125 0.0 L )
#(0.875 0.9375 1.0 0.125 0.0625 0.0 L )
#(0.9375 0.875 1.0 0.0625 0.125 0.0 R )
#(1.0 0.625 1.0 0.0 0.375 0.0 R )
#(1.0 0.75 1.0 0.0 0.25 0.0 R )
#(1.0 1.0 1.0 0.0 0.0 0.0 R )
#(0.9375 0.875 0.9375 0.0625 0.125 0.0625 R )
#(1.0 0.9375 1.0 0.0 0.0625 0.0 R )
#(0.7708 0.8125 1.0 0.2292 0.1875 0.0 L )
#(0.875 0.75 1.0 0.125 0.25 0.0 R )
#(0.6667 0.5833 1.0 0.3333 0.4167 0.0 R )
#(0.9375 0.875 1.0 0.0625 0.125 0.0 R )
#(0.9375 0.8125 1.0 0.0625 0.1875 0.0 R )
#(0.875 0.8125 0.9375 0.125 0.1875 0.0625 R )
#(0.9375 0.875 1.0 0.0625 0.125 0.0 R )
#(1.0 0.8125 1.0 0.0 0.1875 0.0 R )
#(0.875 0.875 1.0 0.125 0.125 0.0 L )
#(0.5 0.875 0.875 0.5 0.125 0.125 L )
#(0.5 0.5 0.5 0.5 0.5 0.5 B )
