#(1.0 1.0 1.0 0.0 0.0 0.0 B )
#(0.8333 1.0 1.0 0.1667 0.0 0.0 L )
#(1.0 1.0 1.0 0.0 0.0 0.0 B )
#(0.8333 1.0 1.0 0.1667 0.0 0.0 L )
#(1.0 0.8333 1.0 0.0 0.1667 0.0 R )
#(0.9167 0.8333 1.0 0.0833 0.1667 0.0 R )
#(0.9167 1.0 1.0 0.0833 0.0 0.0 L )
#(0.8333 0.6667 1.0 0.1667 0.3333 0.0 R )
#(0.8333 0.9167 1.0 0.1667 0.0833 0.0 L )
#(1.0 1.0 1.0 0.0 0.0 0.0 B )
#(0.8333 1.0 1.0 0.1667 0.0 0.0 L )
#(1.0 1.0 1.0 0.0 0.0 0.0 B )
#(0.8333 0.8333 1.0 0.1667 0.1667 0.0 B )
#(0.9167 0.9167 1.0 0.0833 0.0833 0.0 B )
#(0.9167 0.75 1.0 0.0833 0.25 0.0 R )
#(0.9167 1.0 1.0 0.0833 0.0 0.0 L )
#(0.5 1.0 1.0 0.5 0.0 0.0 L )
#(0.5 0.8333 0.8333 0.5 0.1667 0.1667 L )
