#( 0 8 20 12 1 0 0 )
#( 0 7 20 24 2 0 0 )
#( 0 2 17 22 9 0 0 )
#( 0 6 20 22 4 0 0 )
#( 0 15 18 20 1 0 0 )
#( 0 8 20 32 6 0 0 )
#( 0 13 20 26 2 0 0 )
#( 0 6 20 22 9 1 0 )
#( 0 4 25 22 0 0 0 )
#( 0 4 10 12 13 4 0 )
#( 0 4 9 22 16 5 0 )
#( 2 6 15 29 5 0 0 )
#( 0 6 10 28 17 1 0 )
#( 0 0 7 21 27 2 0 )
#( 0 4 14 28 33 0 0 )
#( 0 12 21 44 7 0 0 )
#( 0 4 20 38 19 0 0 )
#( 1 12 20 41 8 0 0 )
#( 1 5 9 17 11 6 0 )
#( 0 0 0 30 16 7 0 )
#( 0 4 19 28 2 0 0 )
#( 4 14 26 19 0 0 0 )
#( 0 5 18 37 18 0 0 )
#( 0 0 6 24 36 6 0 )
#( 0 0 4 22 24 2 0 )
#( 0 0 3 18 24 6 0 )
#( 0 0 3 20 25 8 0 )
#( 0 5 14 20 14 2 0 )
#( 0 2 19 24 3 0 0 )
#( 0 9 18 21 5 0 0 )
#( 0 24 16 8 0 0 0 )
#( 0 20 37 3 0 0 0 )
#( 0 11 22 45 1 0 0 )
#( 0 0 1 25 13 0 0 )
#( 0 0 5 19 21 5 0 )
#( 0 2 7 14 15 7 0 )
#( 2 7 4 4 6 19 10 )
#( 4 12 5 12 21 8 0 )
#( 2 4 2 2 6 5 3 )
