#(12 0 3 5 0 6 0 11 3 0 1 0)
#(9 0 9 8 0 6 0 13 3 0 4 1)
#(9 0 3 8 0 7 0 5 10 0 8 0)
#(6 0 13 7 0 1 4 4 5 4 8 0)
#(4 0 11 6 0 10 0 9 2 1 8 3)
#(5 1 9 10 0 15 0 7 5 0 14 0)
#(12 3 2 16 0 7 0 6 8 0 7 0)
#(14 0 3 8 0 11 0 8 10 0 2 2)
#(15 0 8 3 0 4 4 3 4 5 5 0)
#(8 0 4 5 0 5 2 9 2 2 3 3)
#(14 0 4 7 0 6 2 8 1 7 7 0)
#(4 2 12 2 1 12 0 8 0 7 9 0)
#(10 0 8 0 4 11 0 9 0 10 10 0)
#(10 0 8 4 3 5 0 10 7 3 7 0)
#(15 0 5 14 0 8 0 20 7 0 10 0)
#(5 9 2 18 0 7 6 7 17 0 5 8)
#(7 8 6 13 0 9 0 14 13 0 10 1)
#(25 0 2 16 0 10 0 18 0 5 6 0)
#(6 1 11 3 0 5 4 5 0 14 0 0)
#(13 0 4 0 11 2 0 7 0 9 0 7)
#(5 0 7 1 6 7 0 12 0 8 0 7)
#(20 0 4 4 9 0 2 8 9 4 0 3)
#(0 0 25 0 5 8 0 4 1 2 28 5)
#(0 0 17 0 10 4 0 4 8 2 19 8)
#(8 0 6 0 4 10 0 4 4 8 0 8)
#(2 0 9 4 2 4 0 12 2 2 0 14)
#(10 0 1 13 0 3 0 18 3 1 3 4)
#(8 0 4 8 0 7 0 14 7 0 5 2)
#(8 0 3 9 0 7 0 5 8 0 8 0)
#(6 0 13 6 0 4 4 5 2 5 8 0)
#(0 4 16 4 0 4 0 12 0 0 2 6)
#(19 0 6 12 0 7 0 1 15 0 0 0)
#(25 0 6 10 0 8 0 2 25 0 3 0)
#(8 0 7 0 0 8 0 0 10 0 6 0)
#(15 0 2 8 0 4 4 6 4 2 5 0)
#(12 0 0 9 0 4 0 8 0 8 4 0)
#(14 0 5 0 0 11 0 14 0 4 0 4)
#(27 0 0 0 0 9 0 18 0 8 0 0)
#(13 0 0 1 0 3 0 4 0 3 0 0)
