#(11 0 4 0 8 3 0 6 0 1 1 3)
#(11 0 5 0 7 4 1 13 0 1 1 3)
#(5 0 5 0 5 6 2 7 1 4 0 2)
#(8 0 10 0 8 4 2 12 2 7 0 7)
#(11 0 11 0 11 2 0 21 0 0 0 10)
#(5 0 18 0 0 0 5 9 0 6 0 7)
#(5 2 8 0 4 0 2 5 0 9 0 7)
#(5 0 19 0 0 0 5 10 0 6 0 7)
#(8 0 8 0 3 0 2 8 0 11 0 9)
#(12 0 12 0 2 0 10 6 0 12 0 6)
#(10 0 10 0 6 4 3 9 0 7 0 9)
#(9 0 10 0 4 0 5 7 0 7 0 7)
#(10 0 16 0 0 0 6 26 0 4 0 11)
#(1 2 10 0 5 8 0 8 0 13 2 1)
#(8 0 3 2 23 2 0 0 5 8 0 6)
#(6 0 2 2 21 1 0 1 6 7 0 6)
#(11 2 7 0 7 6 0 5 0 2 0 4)
#(11 0 4 0 7 2 0 10 0 1 1 3)
#(11 0 4 0 7 5 0 12 0 4 10 1)
#(7 4 3 0 11 6 0 12 0 8 7 0)
#(8 0 18 0 7 6 2 16 0 4 0 14)
#(13 0 3 0 13 1 0 23 0 0 0 4)
#(8 0 8 0 8 6 0 16 0 1 0 3)
#(6 0 8 0 7 5 1 8 0 4 0 4)
#(8 0 8 0 8 6 0 16 0 1 0 3)
#(7 0 12 0 6 10 0 10 0 2 0 7)
#(8 2 8 0 11 8 0 12 0 2 4 6)
#(8 0 10 0 7 12 0 9 0 8 0 5)
#(11 0 6 0 8 10 0 12 0 4 0 6)
#(24 0 5 0 11 13 0 19 0 0 0 8)
#(5 0 1 0 1 1 0 4 0 0 0 1)
