31
;
#(0.9375 0.8125 1.0 0.0625 0.1875 0.0 R )
#(1.0 0.75 1.0 0.0 0.25 0.0 R )
#(0.9375 0.3125 1.0 0.0625 0.6875 0.0 R )
#(0.9375 0.625 1.0 0.0625 0.375 0.0 R )
#(0.9063 0.8125 0.9063 0.0938 0.1875 0.0938 R )
#(0.9375 0.875 1.0 0.0625 0.125 0.0 R )
#(0.9375 0.625 1.0 0.0625 0.375 0.0 R )
#(0.9375 0.875 1.0 0.0625 0.125 0.0 R )
#(1.0 0.625 1.0 0.0 0.375 0.0 R )
#(1.0 0.625 1.0 0.0 0.375 0.0 R )
#(1.0 0.7917 1.0 0.0 0.2083 0.0 R )
#(1.0 0.7292 1.0 0.0 0.2708 0.0 R )
#(0.9375 0.9375 0.9375 0.0625 0.0625 0.0625 R )
#(1.0 0.7188 1.0 0.0 0.2813 0.0 R )
#(0.9063 0.9688 1.0 0.0938 0.0313 0.0 L )
#(0.5313 1.0 1.0 0.4688 0.0 0.0 L )
#(1.0 0.8125 1.0 0.0 0.1875 0.0 R )
#(0.9375 0.8438 1.0 0.0625 0.1563 0.0 R )
#(0.9375 0.8125 1.0 0.0625 0.1875 0.0 R )
#(1.0 0.625 1.0 0.0 0.375 0.0 R )
#(1.0 1.0 1.0 0.0 0.0 0.0 R )
#(0.9062 0.8125 0.9063 0.0938 0.1875 0.0938 R )
#(0.9375 0.8125 1.0 0.0625 0.1875 0.0 R )
#(0.9375 0.625 1.0 0.0625 0.375 0.0 R )
#(0.9375 0.7813 1.0 0.0625 0.2188 0.0 R )
#(1.0 0.6875 1.0 0.0 0.3125 0.0 R )
#(1.0 0.625 1.0 0.0 0.375 0.0 R )
#(1.0 0.7917 1.0 0.0 0.2083 0.0 R )
#(1.0 0.7292 1.0 0.0 0.2708 0.0 R )
#(1.0 1.0 1.0 0.0 0.0 0.0 R )
#(0.375 0.375 0.375 0.625 0.625 0.625 B )
