31
;
#(14 7 0 1 1 0 0 0 0 0 )
#(19 9 0 1 1 0 0 0 0 0 )
#(25 3 2 0 0 0 0 0 0 0 )
#(22 16 2 0 0 0 0 0 0 0 )
#(15 24 1 0 0 0 0 0 0 0 )
#(18 10 4 0 0 0 0 0 0 0 )
#(26 2 4 0 0 0 0 0 0 0 )
#(18 8 6 0 0 0 0 0 0 0 )
#(28 3 5 0 0 0 0 0 0 0 )
#(38 8 2 0 0 0 0 0 0 0 )
#(34 7 2 1 0 0 0 0 0 0 )
#(23 1 8 0 0 0 0 0 0 0 )
#(12 24 1 0 2 0 0 0 0 0 )
#(25 8 0 1 1 0 0 0 0 0 )
#(16 10 7 0 0 0 0 0 0 0 )
#(22 0 10 0 0 0 0 0 0 0 )
#(13 13 0 0 1 0 0 0 0 0 )
#(18 8 0 0 1 0 0 0 0 0 )
#(27 12 1 0 0 0 0 0 0 0 )
#(38 10 0 0 0 0 0 0 0 0 )
#(21 27 0 0 0 0 0 0 0 0 )
#(15 21 0 0 0 0 0 0 0 0 )
#(20 6 6 0 0 0 0 0 0 0 )
#(23 7 2 0 0 0 0 0 0 0 )
#(19 8 5 0 0 0 0 0 0 0 )
#(29 8 3 0 0 0 0 0 0 0 )
#(38 8 1 1 0 0 0 0 0 0 )
#(26 9 5 0 0 0 0 0 0 0 )
#(27 9 4 0 0 0 0 0 0 0 )
#(16 32 0 0 0 0 0 0 0 0 )
#(0 1 0 0 1 1 0 0 0 0 )
