26
;
#(74 79 58 67 5 9 21 )
#(67 77 55 67 10 12 22 )
#(57 81 38 64 24 26 43 )
#(67 81 36 64 14 28 45 )
#(55 84 29 67 29 38 55 )
#(64 82 29 67 18 38 53 )
#(69 89 31 69 20 38 58 )
#(62 89 31 69 27 38 58 )
#(59 84 36 67 25 31 48 )
#(63 81 26 66 18 40 55 )
#(68 81 57 67 13 10 24 )
#(55 86 36 65 31 29 50 )
#(53 77 29 69 24 40 48 )
#(57 81 29 69 24 40 52 )
#(57 85 35 59 28 24 50 )
#(56 85 47 71 29 24 38 )
#(76 90 63 71 14 8 27 )
#(57 91 36 72 34 36 55 )
#(64 91 48 67 27 19 43 )
#(70 91 57 67 21 10 34 )
#(57 88 38 64 31 26 50 )
#(67 81 38 67 14 29 43 )
#(60 79 31 67 19 36 48 )
#(61 82 43 74 21 31 39 )
#(76 93 29 74 17 45 64 )
#(69 81 65 65 12 -1 16 )
