26
;
#(0.5 0.75 1.0 0.5 0.0 0.0 L )
#(1.0 0.25 1.0 0.0 0.0 0.0 R )
#(1.0 1.0 1.0 0.0 0.0 0.0 B )
#(1.0 1.0 1.0 0.0 0.0 0.0 B )
#(1.0 0.8125 1.0 0.0 0.0313 0.0 R )
#(1.0 0.9375 1.0 0.0 0.0 0.0 R )
#(0.9375 0.875 1.0 0.0625 0.0 0.0 R )
#(0.9375 0.8125 1.0 0.0625 0.0 0.0 R )
#(1.0 0.625 1.0 0.0 0.125 0.0 R )
#(1.0 0.75 1.0 0.0 0.0 0.0 R )
#(1.0 1.0 1.0 0.0 0.0 0.0 B )
#(1.0 0.875 1.0 0.0 0.0 0.0 R )
#(1.0 0.6875 1.0 0.0 0.3125 0.0 R )
#(1.0 0.625 1.0 0.0 0.0 0.0 R )
#(1.0 0.875 1.0 0.0 0.0 0.0 R )
#(1.0 1.0 1.0 0.0 0.0 0.0 B )
#(1.0 1.0 1.0 0.0 0.0 0.0 L )
#(1.0 0.875 1.0 0.0 0.0 0.0 R )
#(0.8333 0.3333 0.8438 0.0417 0.2917 0.0 R )
#(1.0 0.0 1.0 0.0 0.0 0.0 R )
#(1.0 0.75 1.0 0.0 0.0 0.0 R )
#(1.0 1.0 1.0 0.0 0.0 0.0 B )
#(1.0 0.875 1.0 0.0 0.0 0.0 R )
#(1.0 1.0 1.0 0.0 0.0 0.0 B )
#(1.0 1.0 1.0 0.0 0.0 0.0 B )
#(1.0 1.0 1.0 0.0 0.0 0.0 B )
