26
;
#(20 8 1 1 0 0 0 0 0 0 )
#(30 7 0 0 0 0 0 0 0 0 )
#(20 10 2 0 0 0 0 0 0 0 )
#(16 16 0 0 0 0 0 0 0 0 )
#(20 5 7 3 0 0 0 0 0 0 )
#(18 5 2 8 0 0 0 0 0 0 )
#(14 9 3 2 2 0 0 0 0 0 )
#(20 3 6 2 0 0 0 0 0 0 )
#(18 9 2 3 0 0 0 0 0 0 )
#(16 9 2 4 1 0 0 0 0 0 )
#(21 7 0 4 0 0 0 0 0 0 )
#(23 6 1 2 3 0 0 0 0 0 )
#(5 2 0 7 0 0 0 0 0 0 )
#(9 7 1 4 2 2 0 0 0 0 )
#(5 2 5 8 0 0 0 0 0 0 )
#(4 0 7 7 0 0 0 0 0 0 )
#(10 2 4 4 0 0 0 0 0 0 )
#(23 12 3 2 3 0 1 0 0 0 )
#(29 5 3 0 0 0 0 0 0 0 )
#(22 13 0 0 0 0 0 0 0 0 )
#(26 5 2 0 0 0 0 0 0 0 )
#(16 16 0 0 0 0 0 0 0 0 )
#(6 14 5 1 0 0 0 0 0 0 )
#(3 0 7 6 0 0 0 0 0 0 )
#(10 0 4 5 0 0 0 0 0 0 )
#(0 0 0 1 0 0 0 0 0 0 )
