#(67 79 43 55 12 12 36 )
#(67 76 43 55 9 12 33 )
#(62 76 35 52 14 17 41 )
#(67 84 54 62 17 8 30 )
#(68 76 60 67 8 7 16 )
#(66 71 48 64 5 16 23 )
#(62 83 43 57 21 14 40 )
#(62 83 43 57 21 14 40 )
#(69 76 60 67 7 7 16 )
#(69 86 50 67 17 17 36 )
#(73 83 57 67 10 10 26 )
#(69 81 57 67 12 10 24 )
#(71 81 57 66 10 9 24 )
#(69 83 57 67 14 10 26 )
#(67 85 49 67 18 18 36 )
#(63 78 42 60 15 18 36 )
#(69 79 61 67 10 6 18 )
#(69 86 43 67 17 24 43 )
#(74 84 58 69 10 11 26 )
#(74 83 52 68 9 16 31 )
#(70 82 50 72 12 22 32 )
#(73 83 62 71 10 9 21 )
#(66 86 43 66 20 23 43 )
#(76 86 45 69 10 24 41 )
#(66 86 50 62 20 12 36 )
#(62 86 38 57 24 19 48 )
#(62 89 50 59 27 9 39 )
#(56 74 48 59 18 11 26 )
#(69 84 48 60 15 12 36 )
#(64 88 48 59 24 11 40 )
#(58 73 47 59 15 12 26 )
#(66 83 47 64 17 17 36 )
#(74 84 59 72 10 13 25 )
#(70 84 59 72 14 13 25 )
#(67 78 55 69 11 14 23 )
#(62 88 40 59 26 19 48 )
#(60 86 36 55 26 19 50 )
#(64 79 50 60 15 10 29 )
#(67 72 54 71 5 17 18 )
#(69 81 59 64 12 5 22 )
#(66 81 50 62 15 12 31 )
#(71 82 62 67 11 5 20 )
#(67 86 43 55 19 12 43 )
#(67 79 43 55 12 12 36 )
#(62 76 35 55 14 20 41 )
#(64 84 36 62 20 26 48 )
#(67 83 55 64 16 9 28 )
#(69 76 48 67 7 19 28 )
#(62 71 43 59 9 16 28 )
#(62 83 43 57 21 14 40 )
#(64 83 43 67 19 24 40 )
#(69 74 60 67 5 7 14 )
#(69 88 50 67 19 17 38 )
#(78 88 62 72 10 10 26 )
#(74 86 62 72 12 10 24 )
#(76 86 62 72 10 10 24 )
#(74 88 54 71 14 17 34 )
#(60 78 35 67 18 32 43 )
#(68 84 36 72 16 36 48 )
#(67 84 43 72 17 29 41 )
#(67 86 48 72 19 24 38 )
#(81 89 63 74 8 11 26 )
#(79 86 55 72 7 17 31 )
#(67 76 57 65 9 8 19 )
#(66 86 57 67 20 10 29 )
#(71 88 38 67 17 29 50 )
#(69 83 38 62 14 24 45 )
#(67 84 38 64 17 26 46 )
#(67 83 31 62 16 31 52 )
