#(4 0 6 1 1 0 0 0 0 0 )
#(4 0 6 2 0 0 0 0 0 0 )
#(20 0 4 0 0 0 0 0 0 0 )
#(16 1 7 0 0 0 0 0 0 0 )
#(10 3 3 0 0 0 0 0 0 0 )
#(5 3 4 0 0 0 0 0 0 0 )
#(20 2 0 2 0 0 0 0 0 0 )
#(20 2 0 2 0 0 0 0 0 0 )
#(15 7 2 0 0 0 0 0 0 0 )
#(7 4 2 3 0 0 0 0 0 0 )
#(6 4 0 2 0 0 0 0 0 0 )
#(10 6 0 1 0 0 0 0 0 0 )
#(6 4 0 2 0 0 0 0 0 0 )
#(8 8 0 1 0 0 0 0 0 0 )
#(4 10 0 2 0 0 0 0 0 0 )
#(6 8 0 2 0 0 0 0 0 0 )
#(16 0 0 4 0 0 0 0 0 0 )
#(18 2 0 2 0 0 0 0 0 0 )
#(6 0 3 0 1 0 0 0 0 0 )
#(3 3 5 0 0 0 0 0 0 0 )
#(7 0 3 1 0 0 0 0 0 0 )
#(2 2 4 0 0 0 0 0 0 0 )
#(16 0 0 4 0 0 0 0 0 0 )
#(14 0 10 0 0 0 0 0 0 0 )
#(0 9 0 1 0 0 0 0 0 0 )
#(3 1 2 1 1 1 0 0 0 0 )
#(12 0 2 2 1 0 0 0 0 0 )
#(13 0 2 1 2 0 0 0 0 0 )
#(13 0 2 2 0 0 0 0 0 0 )
#(19 0 1 1 1 0 0 0 0 0 )
#(19 1 3 0 1 0 0 0 0 0 )
#(16 0 7 1 0 0 0 0 0 0 )
#(17 0 5 1 0 0 0 0 0 0 )
#(17 1 0 3 0 0 0 0 0 0 )
#(5 8 0 0 1 0 0 0 0 0 )
#(0 5 0 0 3 0 0 0 0 0 )
#(4 2 0 0 1 2 0 0 0 0 )
#(6 0 3 3 0 0 0 0 0 0 )
#(8 0 3 1 0 0 0 0 0 0 )
#(6 4 2 0 0 0 0 0 0 0 )
#(9 1 1 0 1 0 0 0 0 0 )
#(9 3 2 0 1 0 0 0 0 0 )
#(8 0 2 0 0 0 0 0 0 0 )
#(4 0 6 1 1 0 0 0 0 0 )
#(8 0 5 1 1 0 0 0 0 0 )
#(19 1 4 0 0 0 0 0 0 0 )
#(17 0 7 0 0 0 0 0 0 0 )
#(6 4 3 0 0 0 0 0 0 0 )
#(9 2 3 1 0 0 0 0 0 0 )
#(20 2 0 2 0 0 0 0 0 0 )
#(19 4 0 1 0 0 0 0 0 0 )
#(14 8 2 0 0 0 0 0 0 0 )
#(7 1 2 3 0 0 0 0 0 0 )
#(5 5 0 3 0 0 0 0 0 0 )
#(11 5 0 0 0 0 0 0 0 0 )
#(5 5 0 3 0 0 0 0 0 0 )
#(6 9 0 1 0 0 0 0 0 0 )
#(4 10 0 2 0 0 0 0 0 0 )
#(10 6 0 2 0 0 0 0 0 0 )
#(16 0 0 4 0 0 0 0 0 0 )
#(15 2 0 1 1 0 0 0 0 0 )
#(6 1 4 0 0 0 0 0 0 0 )
#(4 2 4 1 0 0 0 0 0 0 )
#(6 1 4 0 0 0 0 0 0 0 )
#(5 1 3 1 0 0 0 0 0 0 )
#(15 0 1 2 3 0 0 0 0 0 )
#(9 1 1 0 9 0 0 0 0 0 )
#(0 9 0 0 0 1 0 0 0 0 )
#(0 0 0 0 1 0 0 2 0 0 )
