58
;
#(65 79 53 63 14 10 26 )
#(62 77 43 57 15 14 34 )
#(57 84 41 72 27 31 43 )
#(76 86 57 72 10 15 29 )
#(69 84 57 70 15 13 27 )
#(61 81 37 69 20 32 44 )
#(65 82 40 62 17 22 42 )
#(67 84 38 60 17 22 46 )
#(66 84 44 56 18 12 40 )
#(67 80 43 56 13 13 37 )
#(64 79 48 65 15 17 31 )
#(67 81 53 67 14 14 28 )
#(67 79 48 67 12 19 31 )
#(67 81 53 67 14 14 28 )
#(63 67 36 62 4 26 31 )
#(60 68 32 60 8 28 36 )
#(59 67 31 62 8 31 36 )
#(58 69 48 55 11 7 21 )
#(59 79 41 48 20 7 38 )
#(71 83 55 65 12 10 28 )
#(62 79 40 57 17 17 39 )
#(62 84 41 60 22 19 43 )
#(74 88 43 64 14 21 45 )
#(60 84 36 60 24 24 48 )
#(67 81 53 65 14 12 28 )
#(55 72 43 64 17 21 29 )
#(57 69 41 55 12 14 28 )
#(60 67 43 64 7 21 24 )
#(60 72 30 60 12 30 42 )
#(62 79 31 65 17 34 48 )
#(61 81 34 69 20 35 47 )
#(60 65 56 57 5 1 9 )
#(60 82 55 67 22 12 27 )
#(65 79 53 63 14 10 26 )
#(62 77 43 57 15 14 34 )
#(57 84 41 72 27 31 43 )
#(76 86 57 72 10 15 29 )
#(69 84 57 70 15 13 27 )
#(61 81 37 69 20 32 44 )
#(65 82 40 62 17 22 42 )
#(63 80 38 60 17 22 42 )
#(65 82 39 60 17 21 43 )
#(65 81 47 57 16 10 34 )
#(60 84 36 61 24 25 48 )
#(57 72 41 58 15 17 31 )
#(60 74 46 60 14 14 28 )
#(68 84 52 65 16 13 32 )
#(72 86 58 72 14 14 28 )
#(68 72 41 67 4 26 31 )
#(65 73 37 65 8 28 36 )
#(64 72 36 67 8 31 36 )
#(63 74 53 60 11 7 21 )
#(64 84 46 53 20 7 38 )
#(76 88 60 70 12 10 28 )
#(67 84 45 62 17 17 39 )
#(65 81 36 60 16 24 45 )
#(67 89 41 65 22 24 48 )
#(65 77 41 65 12 24 36 )
