58
;
#( 0 0 15 13 5 0 0 )
#( 0 3 5 9 3 0 0 )
#( 0 5 5 15 5 1 0 )
#( 0 0 3 24 19 3 0 )
#( 0 0 3 21 13 1 0 )
#( 0 2 18 8 11 0 0 )
#( 0 2 16 9 27 0 0 )
#( 0 2 18 9 25 1 0 )
#( 0 2 22 4 23 2 0 )
#( 0 6 16 3 19 0 0 )
#( 0 0 7 10 13 0 0 )
#( 0 0 6 10 22 0 0 )
#( 0 0 7 21 22 0 0 )
#( 0 0 6 19 16 0 0 )
#( 0 3 9 33 0 0 0 )
#( 2 5 9 35 0 0 0 )
#( 1 1 15 32 0 0 0 )
#( 0 0 18 31 0 0 0 )
#( 0 8 6 20 5 0 0 )
#( 0 0 5 18 14 0 0 )
#( 0 4 12 5 26 0 0 )
#( 0 3 30 18 13 1 0 )
#( 0 3 22 6 16 3 0 )
#( 0 1 7 7 10 1 0 )
#( 0 0 6 8 10 0 0 )
#( 0 1 8 16 1 0 0 )
#( 0 6 8 10 0 0 0 )
#( 0 2 8 31 0 0 0 )
#( 3 7 5 37 4 0 0 )
#( 1 5 7 31 16 0 0 )
#( 1 4 4 17 30 0 0 )
#( 0 0 14 28 0 0 0 )
#( 0 0 9 18 9 0 0 )
#( 0 0 15 13 5 0 0 )
#( 0 3 5 9 3 0 0 )
#( 0 5 5 15 5 1 0 )
#( 0 0 3 24 19 3 0 )
#( 0 0 3 21 13 1 0 )
#( 0 2 18 8 11 0 0 )
#( 0 2 16 9 27 0 0 )
#( 0 2 18 10 24 0 0 )
#( 0 2 18 14 19 0 0 )
#( 0 2 22 14 15 0 0 )
#( 0 1 15 11 15 2 0 )
#( 0 4 8 17 1 0 0 )
#( 0 1 11 19 7 0 0 )
#( 0 0 16 17 25 2 0 )
#( 0 0 1 19 17 7 0 )
#( 0 1 8 20 16 0 0 )
#( 0 5 7 24 15 0 0 )
#( 0 1 4 42 2 0 0 )
#( 0 0 8 35 6 0 0 )
#( 0 1 8 23 6 1 0 )
#( 0 0 0 19 10 8 0 )
#( 0 2 8 9 24 4 0 )
#( 0 20 21 11 13 0 0 )
#( 0 9 17 10 7 6 0 )
#( 0 1 2 3 2 0 0 )
