#(6 0 4 0 5 6 0 6 0 2 2 2)
#(5 0 3 0 5 0 0 2 0 3 0 2)
#(6 0 3 0 5 8 0 4 0 4 0 1)
#(11 0 11 0 12 2 0 8 0 1 0 4)
#(11 0 5 0 11 4 0 5 0 0 0 2)
#(14 0 0 0 10 1 0 2 3 8 0 1)
#(8 0 5 0 12 4 0 0 5 11 0 9)
#(5 0 12 4 0 0 5 12 0 9 8 0)
#(0 5 0 10 0 0 0 20 0 0 18 0)
#(4 0 16 2 0 0 3 6 0 7 6 0)
#(2 0 6 0 0 0 3 8 0 5 0 6)
#(8 1 8 0 5 0 3 4 0 4 1 4)
#(2 2 11 0 0 0 5 9 0 7 4 10)
#(7 1 9 0 4 0 3 7 0 6 1 3)
#(8 0 19 0 0 0 2 4 0 2 10 0)
#(5 0 8 12 0 3 0 6 0 11 6 0)
#(6 3 8 1 0 0 7 8 0 7 9 0)
#(9 3 6 0 4 1 5 7 2 6 3 3)
#(7 0 9 0 1 0 5 5 0 7 0 5)
#(8 0 6 0 6 0 5 6 0 4 0 2)
#(8 0 6 3 3 0 2 5 0 7 0 13)
#(5 0 16 0 1 0 2 23 0 5 0 13)
#(4 0 12 3 4 0 2 12 0 3 0 10)
#(0 0 7 0 0 0 1 11 0 1 0 6)
#(4 0 4 0 5 0 2 1 0 6 0 2)
#(1 0 7 0 0 0 1 8 0 2 0 7)
#(4 0 4 0 5 0 2 1 0 6 0 2)
#(8 0 17 0 0 0 2 5 0 2 5 2)
#(0 8 8 0 8 4 0 12 0 8 8 0)
#(4 0 16 0 8 8 0 0 8 8 0 8)
#(10 0 2 6 9 4 0 0 4 16 0 5)
#(6 0 0 6 8 0 0 4 4 6 0 8)
#(3 3 8 0 6 6 0 4 0 0 0 6)
#(6 0 4 0 5 6 0 6 0 2 2 2)
#(5 0 3 0 5 0 0 2 0 3 0 2)
#(6 0 3 0 5 8 0 4 0 4 0 1)
#(11 0 11 0 12 2 0 8 0 1 0 4)
#(11 0 5 0 11 4 0 5 0 0 0 2)
#(14 0 0 0 10 1 0 2 3 8 0 1)
#(8 0 5 0 12 4 0 0 5 11 0 9)
#(5 0 12 4 0 0 5 11 0 9 8 0)
#(12 4 0 0 5 12 0 5 8 0 7 0)
#(21 0 0 10 10 0 2 6 0 4 0 0)
#(6 0 7 6 0 4 0 16 2 0 0 3)
#(8 0 5 0 6 2 0 6 0 0 0 3)
#(4 0 4 1 4 8 1 8 0 5 0 3)
#(9 0 7 7 13 2 4 13 0 0 0 5)
#(7 0 6 1 4 8 1 10 0 4 0 3)
#(4 0 2 10 0 8 0 19 0 0 0 2)
#(6 0 11 6 0 5 0 8 12 0 3 0)
#(8 0 7 9 0 6 3 8 1 0 0 7)
#(7 2 6 3 3 9 3 6 0 4 1 5)
#(5 0 7 0 5 7 0 9 0 1 0 5)
#(6 0 4 0 2 8 0 6 0 6 0 5)
#(5 0 7 0 13 8 0 6 3 3 0 2)
#(23 0 5 0 13 5 0 16 0 1 0 2)
#(12 0 3 0 10 3 0 12 3 4 0 2)
#(6 0 0 0 1 0 0 1 0 0 0 0)
