#(0.9167 1.0 1.0 0.0833 0.0 0.0 L )
#(1.0 0.5833 1.0 0.0 0.4167 0.0 R )
#(0.9167 0.75 0.9167 0.0833 0.25 0.0833 R )
#(1.0 1.0 1.0 0.0 0.0 0.0 B )
#(0.9167 0.8333 0.9167 0.0833 0.1667 0.0833 R )
#(0.8333 0.8333 0.8333 0.1667 0.1667 0.1667 B )
#(1.0 0.8333 1.0 0.0 0.1667 0.0 R )
#(0.9167 0.8333 1.0 0.0833 0.1667 0.0 R )
#(0.9167 1.0 1.0 0.0833 0.0 0.0 L )
#(0.9167 0.9167 0.9167 0.0833 0.0833 0.0833 B )
#(0.875 0.5833 0.9167 0.125 0.4167 0.0833 R )
#(1.0 0.6667 1.0 0.0 0.3333 0.0 R )
#(1.0 1.0 1.0 0.0 0.0 0.0 B )
#(0.9167 1.0 1.0 0.0833 0.0 0.0 L )
#(0.6667 1.0 1.0 0.3333 0.0 0.0 L )
#(0.7083 1.0 1.0 0.2917 0.0 0.0 L )
#(0.7917 0.75 1.0 0.2083 0.25 0.0 R )
#(1.0 0.8333 1.0 0.0 0.1667 0.0 R )
#(1.0 0.8333 1.0 0.0 0.1667 0.0 R )
#(1.0 1.0 1.0 0.0 0.0 0.0 B )
#(0.7292 0.75 1.0 0.2708 0.25 0.0 L )
#(0.8542 1.0 1.0 0.1458 0.0 0.0 L )
#(1.0 1.0 1.0 0.0 0.0 0.0 B )
#(0.9167 0.75 0.9167 0.0833 0.25 0.0833 R )
#(1.0 0.6667 1.0 0.0 0.3333 0.0 R )
#(1.0 0.6667 1.0 0.0 0.3333 0.0 R )
#(1.0 0.5 1.0 0.0 0.5 0.0 R )
#(0.6667 1.0 1.0 0.3333 0.0 0.0 L )
#(0.6667 1.0 1.0 0.3333 0.0 0.0 L )
#(0.6667 1.0 1.0 0.3333 0.0 0.0 L )
#(0.8333 0.75 1.0 0.1667 0.25 0.0 R )
#(0.6667 0.6667 0.6667 0.3333 0.3333 0.3333 B )
#(0.6667 0.6667 0.6667 0.3333 0.3333 0.3333 B )
#(0.9167 1.0 1.0 0.0833 0.0 0.0 L )
#(1.0 0.5833 1.0 0.0 0.4167 0.0 R )
#(0.9167 0.75 0.9167 0.0833 0.25 0.0833 R )
#(1.0 1.0 1.0 0.0 0.0 0.0 B )
#(0.9167 0.8333 0.9167 0.0833 0.1667 0.0833 R )
#(0.8333 0.8333 0.8333 0.1667 0.1667 0.1667 B )
#(1.0 0.8333 1.0 0.0 0.1667 0.0 R )
#(1.0 0.8333 1.0 0.0 0.1667 0.0 R )
#(0.9167 0.8333 1.0 0.0833 0.1667 0.0 R )
#(0.9167 1.0 1.0 0.0833 0.0 0.0 L )
#(0.9167 0.9167 0.9167 0.0833 0.0833 0.0833 B )
#(0.875 0.5833 0.9167 0.125 0.4167 0.0833 R )
#(1.0 0.6667 1.0 0.0 0.3333 0.0 R )
#(1.0 1.0 1.0 0.0 0.0 0.0 B )
#(0.9167 1.0 1.0 0.0833 0.0 0.0 L )
#(0.6667 1.0 1.0 0.3333 0.0 0.0 L )
#(0.7083 1.0 1.0 0.2917 0.0 0.0 L )
#(0.7917 0.75 1.0 0.2083 0.25 0.0 R )
#(1.0 0.8333 1.0 0.0 0.1667 0.0 R )
#(1.0 0.8333 1.0 0.0 0.1667 0.0 R )
#(1.0 1.0 1.0 0.0 0.0 0.0 B )
#(0.7292 0.625 1.0 0.2708 0.375 0.0 R )
#(0.8542 0.875 1.0 0.1458 0.125 0.0 L )
#(1.0 1.0 1.0 0.0 0.0 0.0 B )
#(0.6667 0.6667 0.6667 0.3333 0.3333 0.3333 B )
