#(15 9 0 0 0 0 0 0 0 0 )
#(10 2 2 0 0 0 0 0 0 0 )
#(5 4 6 0 0 0 0 0 0 0 )
#(2 0 9 5 0 0 0 0 0 0 )
#(3 0 9 2 0 0 0 0 0 0 )
#(5 9 4 1 0 0 0 0 0 0 )
#(17 10 1 2 0 1 0 0 0 0 )
#(22 8 1 2 0 1 0 0 0 0 )
#(19 17 0 0 0 0 0 0 0 0 )
#(10 13 1 0 1 0 0 0 0 0 )
#(7 2 3 0 2 0 0 0 0 0 )
#(14 4 4 1 0 0 0 0 0 0 )
#(23 6 5 0 0 0 0 0 0 0 )
#(10 11 3 0 0 0 0 0 0 0 )
#(8 12 3 1 0 0 0 0 0 0 )
#(7 12 0 5 0 0 0 0 0 0 )
#(5 14 4 1 0 0 0 0 0 0 )
#(0 5 9 3 0 0 0 0 0 0 )
#(6 1 5 4 0 0 0 0 0 0 )
#(3 1 4 5 0 0 0 0 0 0 )
#(14 10 3 1 0 0 0 0 0 0 )
#(39 11 0 1 0 0 0 0 0 0 )
#(9 9 4 0 1 1 0 0 0 0 )
#(1 5 2 1 1 0 0 0 0 0 )
#(6 1 0 4 0 0 0 0 0 0 )
#(8 4 2 1 0 0 0 0 0 0 )
#(6 1 0 4 0 0 0 0 0 0 )
#(11 9 4 0 0 0 0 0 0 0 )
#(8 6 6 2 2 0 0 0 0 0 )
#(8 3 9 1 3 0 0 0 0 0 )
#(4 11 7 1 1 0 0 0 0 0 )
#(0 0 14 0 0 0 0 0 0 0 )
#(0 10 0 4 0 0 0 0 0 0 )
#(15 9 0 0 0 0 0 0 0 0 )
#(10 2 2 0 0 0 0 0 0 0 )
#(5 4 6 0 0 0 0 0 0 0 )
#(2 0 9 5 0 0 0 0 0 0 )
#(3 0 9 2 0 0 0 0 0 0 )
#(5 9 4 1 0 0 0 0 0 0 )
#(17 10 1 2 0 1 0 0 0 0 )
#(17 10 1 2 0 1 0 0 0 0 )
#(22 9 0 2 1 0 0 0 0 0 )
#(19 17 0 0 0 0 0 0 0 0 )
#(10 13 1 0 1 0 0 0 0 0 )
#(7 2 3 0 2 0 0 0 0 0 )
#(14 4 4 1 0 0 0 0 0 0 )
#(18 6 10 0 0 0 0 0 0 0 )
#(10 10 3 0 1 0 0 0 0 0 )
#(8 12 3 1 0 0 0 0 0 0 )
#(7 12 0 5 0 0 0 0 0 0 )
#(5 14 4 1 0 0 0 0 0 0 )
#(0 5 9 3 0 0 0 0 0 0 )
#(6 1 5 4 0 0 0 0 0 0 )
#(3 1 4 5 0 0 0 0 0 0 )
#(14 10 3 1 0 0 0 0 0 0 )
#(39 11 0 1 0 0 0 0 0 0 )
#(9 9 4 0 2 0 0 0 0 0 )
#(0 0 1 0 1 0 0 0 0 0 )
