23
;
#(60 84 36 64 24 28 48 )
#(67 84 36 65 17 29 48 )
#(67 84 37 65 17 28 47 )
#(64 84 41 65 20 24 43 )
#(60 76 36 64 16 28 40 )
#(60 83 43 65 23 22 40 )
#(65 84 38 64 19 26 46 )
#(55 83 36 65 28 29 47 )
#(67 81 41 65 14 24 40 )
#(64 81 36 60 17 24 45 )
#(67 84 36 65 17 29 48 )
#(67 84 37 65 17 28 47 )
#(64 84 41 65 20 24 43 )
#(60 76 42 64 16 22 34 )
#(64 84 36 65 20 29 48 )
#(64 84 40 65 20 25 44 )
#(72 84 36 65 12 29 48 )
#(69 82 36 65 13 29 46 )
#(69 86 36 65 17 29 50 )
#(72 86 36 65 14 29 50 )
#(72 88 36 65 16 29 52 )
#(70 86 37 65 16 28 49 )
#(69 89 36 65 20 29 53 )
