23
;
#(19 0 5 2 10 4 3 13 1 3 1 3)
#(16 0 6 2 10 7 5 16 2 6 0 4)
#(11 2 10 0 4 5 2 15 3 6 2 6)
#(13 0 7 2 12 7 4 15 3 6 0 6)
#(19 0 1 1 8 2 4 11 2 6 1 1)
#(11 2 6 1 7 5 2 20 0 7 2 9)
#(13 0 4 6 12 7 2 8 1 3 1 5)
#(4 4 7 1 4 7 0 18 0 3 3 11)
#(16 2 0 0 6 10 0 10 3 12 2 1)
#(19 0 6 0 5 6 4 14 0 6 1 4)
#(16 0 6 2 10 7 5 16 2 6 0 4)
#(11 2 10 0 4 5 2 15 3 6 2 6)
#(13 0 8 2 12 7 4 15 3 6 0 7)
#(16 0 1 1 7 2 4 10 2 6 0 1)
#(7 2 4 3 8 6 2 15 1 2 3 5)
#(6 2 15 1 9 2 4 13 0 1 2 10)
#(13 2 5 2 11 4 0 12 0 4 8 7)
#(7 2 6 1 8 9 0 21 2 11 0 4)
#(16 0 4 0 16 3 0 22 0 4 1 5)
#(17 0 5 2 14 4 0 17 0 11 0 2)
#(10 2 4 4 18 1 1 18 0 6 2 10)
#(8 4 10 2 11 9 0 13 4 16 0 0)
#(15 0 3 0 11 5 0 25 0 2 0 8)
