23
;
#(3 9 6 0 5 0 0 0 0 0 )
#(3 2 6 2 7 1 0 0 0 0 )
#(2 1 4 1 8 1 0 0 0 0 )
#(3 2 6 1 8 1 0 0 0 0 )
#(2 1 1 1 9 0 0 0 0 0 )
#(10 3 4 6 4 0 0 0 0 0 )
#(2 8 5 6 1 0 0 0 0 0 )
#(8 5 4 8 0 0 0 0 0 0 )
#(8 1 10 3 2 0 0 0 0 0 )
#(0 8 4 8 1 0 0 0 0 0 )
#(4 5 8 0 6 1 0 0 0 0 )
#(2 1 4 1 8 1 0 0 0 0 )
#(2 2 7 1 8 1 0 0 0 0 )
#(2 1 1 2 7 0 0 0 0 0 )
#(4 8 1 5 3 0 0 0 0 0 )
#(5 5 5 5 3 0 0 0 0 0 )
#(4 7 1 9 1 1 0 0 0 0 )
#(3 3 5 3 7 0 0 0 0 0 )
#(2 4 7 0 8 0 0 0 0 0 )
#(4 6 6 2 6 0 0 0 0 0 )
#(3 3 4 1 9 1 0 0 0 0 )
#(4 4 3 5 6 1 0 0 0 0 )
#(1 2 8 0 8 0 0 0 0 0 )
