#(34 0 19 18 0 19 0 41 1 0 0 4)
#(11 0 11 16 1 8 1 11 6 0 3 2)
#(27 11 11 27 0 11 2 35 10 0 9 4)
#(13 1 5 7 3 16 3 8 13 2 14 0)
#(0 2 6 19 0 10 22 0 2 2 26 2)
#(8 0 10 14 0 18 4 9 4 0 32 0)
#(12 0 9 18 2 12 0 11 14 2 13 1)
#(8 1 8 14 2 12 0 13 10 1 12 3)
#(20 0 12 11 0 12 0 8 12 4 17 0)
#(12 0 10 12 0 8 0 9 10 2 15 0)
#(12 0 11 12 0 11 0 15 13 3 18 0)
#(11 0 12 29 0 18 0 19 10 4 17 2)
#(1 0 2 35 0 10 0 21 10 1 36 0)
#(0 10 0 16 19 0 0 34 0 0 34 0)
#(5 21 42 6 0 0 8 8 0 4 8 1)
#(7 6 13 3 2 4 19 42 3 2 2 8)
#(42 3 2 2 8 7 6 13 3 2 4 19)
#(20 2 15 14 1 18 0 11 10 1 5 9)
#(13 0 9 10 1 2 4 26 2 5 3 15)
#(23 1 6 16 2 1 7 25 5 2 1 6)
#(32 0 20 16 0 20 0 34 1 0 0 4)
#(19 0 10 17 1 7 2 6 7 0 3 2)
#(13 2 8 5 1 11 0 15 22 0 19 1)
#(14 1 7 4 3 8 2 17 4 2 4 0)
#(14 0 12 20 0 4 2 28 2 0 2 6)
#(19 0 16 11 0 2 0 32 4 1 2 11)
#(18 2 17 9 2 11 3 20 11 0 2 6)
#(12 5 14 13 2 14 1 9 10 0 1 7)
#(15 0 12 10 1 14 5 18 16 0 3 5)
#(10 3 8 8 0 12 2 14 14 0 3 6)
#(11 0 9 11 0 11 4 17 15 2 4 6)
#(12 0 9 13 0 9 5 15 6 5 1 8)
#(29 0 20 19 0 9 5 20 11 0 6 6)
#(8 0 0 3 0 0 0 3 0 0 0 0)
