#( 0 2 20 20 20 18 0 )
#( 0 2 11 21 21 6 0 )
#( 0 1 16 9 31 10 0 )
#( 0 1 18 6 36 8 0 )
#( 0 1 18 9 29 10 0 )
#( 0 9 14 21 26 4 0 )
#( 1 2 9 12 35 0 0 )
#( 0 0 16 31 14 0 0 )
#( 0 0 16 17 32 0 0 )
#( 0 2 13 42 9 0 0 )
#( 1 4 15 12 25 0 0 )
#( 0 2 18 21 26 1 0 )
#( 0 2 14 15 28 0 0 )
#( 0 3 13 25 22 5 0 )
#( 0 2 10 23 23 7 0 )
#( 0 2 15 10 30 10 0 )
#( 0 2 17 7 31 8 0 )
#( 0 0 17 8 36 10 0 )
#( 0 8 18 20 25 4 0 )
#( 0 4 16 18 19 2 0 )
#( 0 4 19 18 22 0 0 )
#( 0 4 13 27 25 7 0 )
#( 0 7 15 33 18 0 0 )
#( 0 7 16 27 11 0 0 )
#( 0 8 20 22 15 0 0 )
#( 0 8 20 27 12 0 0 )
#( 0 6 21 27 10 0 0 )
#( 0 3 4 8 0 0 0 )
