#(0 0 0 20 0 0 0 0 0 0 )
#(3 3 0 13 0 0 0 0 0 0 )
#(10 5 10 3 1 0 0 0 0 0 )
#(6 3 13 2 2 0 0 0 0 0 )
#(6 6 12 2 1 0 0 0 0 0 )
#(3 5 9 1 6 0 0 0 0 0 )
#(0 11 7 0 2 1 0 0 0 0 )
#(2 15 7 2 0 0 0 0 0 0 )
#(2 12 10 1 1 0 0 0 0 0 )
#(4 9 6 4 2 0 0 0 0 0 )
#(9 5 4 5 0 1 0 0 0 0 )
#(12 5 2 7 0 2 0 0 0 0 )
#(15 5 4 4 0 1 0 0 0 0 )
#(5 4 4 3 5 1 0 0 0 0 )
#(0 1 0 13 1 1 0 0 0 0 )
#(9 7 9 3 1 0 0 0 0 0 )
#(10 3 9 3 2 0 0 0 0 0 )
#(6 5 14 2 1 0 0 0 0 0 )
#(0 5 12 1 5 0 0 0 0 0 )
#(6 4 2 4 1 3 0 0 0 0 )
#(7 7 2 6 0 2 0 0 0 0 )
#(2 12 8 4 2 0 0 0 0 0 )
#(1 5 9 5 3 0 0 0 0 0 )
#(4 6 7 2 2 1 0 0 0 0 )
#(14 3 2 7 1 1 0 0 0 0 )
#(9 7 6 4 2 0 0 0 0 0 )
#(16 7 2 7 0 0 0 0 0 0 )
#(2 0 0 2 1 0 0 0 0 0 )
