20
;
#(60 70 41 62 10 21 29 )
#(65 86 41 63 21 22 45 )
#(69 82 38 65 13 27 44 )
#(65 86 39 63 21 24 47 )
#(62 82 38 63 20 25 44 )
#(62 86 41 65 24 24 45 )
#(58 84 41 63 26 22 43 )
#(62 86 41 63 24 22 45 )
#(58 77 39 63 19 24 38 )
#(67 86 39 67 19 28 47 )
#(70 84 38 68 14 30 46 )
#(70 87 39 68 17 29 48 )
#(70 87 39 68 17 29 48 )
#(63 75 39 63 12 24 36 )
#(63 79 41 63 16 22 38 )
#(65 86 41 63 21 22 45 )
#(69 82 38 67 13 29 44 )
#(65 86 39 63 21 24 47 )
#(62 82 38 63 20 25 44 )
#(62 82 34 58 20 24 48 )
