#(10 0 3 0 3 2 0 12 0 8 0 7)
#(8 2 4 1 10 5 0 19 0 5 0 9)
#(5 0 3 1 10 4 1 8 2 7 0 13)
#(4 2 9 1 4 12 0 16 0 9 1 9)
#(16 2 3 2 8 8 3 9 1 10 0 2)
#(18 0 2 1 12 12 0 11 1 13 0 3)
#(9 0 5 1 8 11 0 15 0 3 0 8)
#(20 0 2 1 15 12 0 9 2 16 0 3)
#(14 0 2 3 9 7 2 9 2 8 1 1)
#(10 1 1 1 6 4 0 5 2 5 1 0)
#(4 0 7 3 6 12 0 15 1 5 1 12)
#(15 0 6 3 13 2 1 10 2 7 1 6)
#(11 0 6 2 10 8 0 13 1 5 2 8)
#(13 0 1 2 7 5 1 13 2 7 0 1)
#(8 2 13 2 4 0 4 8 0 2 0 3)
#(8 2 4 1 10 5 0 19 0 5 0 9)
#(5 0 3 1 10 4 1 8 2 8 0 13)
#(4 2 9 1 4 12 0 15 1 9 1 9)
#(16 2 3 2 8 8 3 9 1 10 0 2)
#(7 0 0 0 2 0 0 3 0 0 0 0)
