#(0.8125 1.0 1.0 0.1875 0.0 0.0 L )
#(1.0 1.0 1.0 0.0 0.0 0.0 B )
#(0.9375 0.9375 0.9375 0.0625 0.0625 0.0625 B )
#(1.0 1.0 1.0 0.0 0.0 0.0 B )
#(1.0 0.875 1.0 0.0 0.125 0.0 R )
#(1.0 1.0 1.0 0.0 0.0 0.0 B )
#(1.0 1.0 1.0 0.0 0.0 0.0 B )
#(1.0 1.0 1.0 0.0 0.0 0.0 B )
#(1.0 1.0 1.0 0.0 0.0 0.0 B )
#(0.75 0.6875 0.75 0.0 0.0625 0.0 R )
#(1.0 1.0 1.0 0.0 0.0 0.0 B )
#(1.0 1.0 1.0 0.0 0.0 0.0 B )
#(1.0 1.0 1.0 0.0 0.0 0.0 B )
#(0.9375 0.75 0.9375 0.0625 0.25 0.0625 R )
#(0.8125 1.0 1.0 0.1875 0.0 0.0 L )
#(1.0 1.0 1.0 0.0 0.0 0.0 B )
#(0.9375 0.9375 0.9375 0.0625 0.0625 0.0625 B )
#(1.0 1.0 1.0 0.0 0.0 0.0 B )
#(1.0 0.875 1.0 0.0 0.125 0.0 R )
#(0.75 0.75 0.75 0.25 0.25 0.25 B )
