23
;
#(62 76 38 64 14 26 38 )
#(62 83 43 64 21 21 40 )
#(62 76 38 64 14 26 38 )
#(62 83 40 64 21 24 43 )
#(59 79 37 62 20 25 42 )
#(59 81 38 59 22 21 43 )
#(66 74 38 60 8 22 36 )
#(66 81 38 62 15 24 43 )
#(64 76 36 62 12 26 40 )
#(64 84 43 62 20 19 41 )
#(64 84 48 64 20 16 36 )
#(64 86 43 60 22 17 43 )
#(64 84 42 59 20 17 42 )
#(54 72 27 65 18 38 45 )
#(58 78 34 60 20 26 44 )
#(52 78 25 63 26 38 53 )
#(56 76 32 58 20 26 44 )
#(63 76 31 58 13 27 45 )
#(62 84 31 60 22 29 53 )
#(64 84 48 64 20 16 36 )
#(64 86 43 60 22 17 43 )
#(64 84 42 59 20 17 42 )
#(59 84 35 60 25 25 49 )
