23
;
#( 0 1 14 21 7 0 0 )
#( 0 5 25 30 16 0 0 )
#( 0 4 20 29 7 0 0 )
#( 0 5 25 25 20 0 0 )
#( 0 9 22 24 6 0 0 )
#( 0 17 21 11 22 0 0 )
#( 0 12 27 25 6 0 0 )
#( 0 16 20 12 23 0 0 )
#( 0 5 26 26 12 0 0 )
#( 0 1 15 12 17 1 0 )
#( 0 0 17 14 17 1 0 )
#( 0 6 16 12 16 2 0 )
#( 0 8 16 9 14 1 0 )
#( 7 8 14 13 3 0 0 )
#( 1 7 12 17 33 0 0 )
#( 8 9 13 16 20 0 0 )
#( 4 8 12 22 24 0 0 )
#( 12 14 5 40 26 0 0 )
#( 8 8 10 23 19 1 0 )
#( 0 0 17 14 17 1 0 )
#( 0 6 16 12 16 2 0 )
#( 0 8 16 9 14 1 0 )
#( 1 3 15 12 8 1 0 )
