#(4 2 8 0 6 4 2 8 2 4 0 3)
#(22 0 3 0 19 8 0 16 0 8 0 0)
#(10 0 7 0 8 9 0 11 1 5 0 9)
#(14 2 7 0 14 11 0 12 0 14 0 1)
#(14 0 2 4 8 3 5 17 2 4 0 2)
#(13 2 6 0 5 6 0 13 0 11 2 13)
#(15 0 12 0 12 7 0 12 0 2 0 10)
#(9 2 6 0 5 6 0 17 0 11 4 11)
#(16 0 1 11 2 9 10 8 4 7 0 1)
#(18 0 0 0 3 9 0 7 0 9 0 0)
#(15 0 1 3 12 0 2 12 0 4 0 0)
#(10 0 7 0 7 4 0 11 5 1 0 7)
#(8 0 2 2 8 1 5 6 1 12 0 3)
#(8 0 0 8 7 4 5 3 1 1 4 4)
#(8 7 0 7 1 8 7 0 0 8 12 12)
#(8 9 4 11 4 1 7 0 4 12 6 0)
#(0 7 1 8 7 0 0 8 12 0 8 19)
#(12 7 0 8 13 0 6 26 15 0 9 1)
#(15 0 8 0 9 8 0 15 12 0 0 2)
#(15 0 1 3 12 0 2 12 0 4 0 0)
#(10 0 7 0 7 4 0 11 5 1 0 7)
#(8 0 2 2 8 1 5 6 1 12 0 3)
#(16 0 0 0 7 0 2 7 2 2 0 4)
