23
;
#(0.9167 0.9167 0.9167 0.0833 0.0833 0.0833 B )
#(1.0 0.9167 1.0 0.0 0.0833 0.0 R )
#(1.0 0.9167 1.0 0.0 0.0833 0.0 R )
#(0.9583 0.9167 1.0 0.0417 0.0833 0.0 R )
#(1.0 1.0 1.0 0.0 0.0 0.0 B )
#(1.0 0.8333 1.0 0.0 0.1667 0.0 R )
#(1.0 0.8333 1.0 0.0 0.1667 0.0 R )
#(1.0 0.8333 1.0 0.0 0.1667 0.0 R )
#(0.8333 0.6667 0.8333 0.1667 0.3333 0.1667 R )
#(0.9167 0.75 0.9167 0.0833 0.25 0.0833 R )
#(1.0 1.0 1.0 0.0 0.0 0.0 B )
#(1.0 1.0 1.0 0.0 0.0 0.0 B )
#(1.0 1.0 1.0 0.0 0.0 0.0 B )
#(0.5833 0.9583 0.9583 0.4167 0.0417 0.0417 L )
#(0.8333 0.8333 0.8333 0.1667 0.1667 0.1667 B )
#(0.5833 0.9583 0.9583 0.4167 0.0417 0.0417 L )
#(0.8333 0.8333 0.8333 0.1667 0.1667 0.1667 B )
#(1.0 0.8333 1.0 0.0 0.1667 0.0 R )
#(0.9167 0.9167 0.9167 0.0833 0.0833 0.0833 B )
#(1.0 1.0 1.0 0.0 0.0 0.0 B )
#(1.0 1.0 1.0 0.0 0.0 0.0 B )
#(1.0 1.0 1.0 0.0 0.0 0.0 B )
#(0.8333 0.8333 0.8333 0.1667 0.1667 0.1667 B )
