#(0 19 0 0 1 0 0 0 0 0 )
#(0 2 4 2 8 2 0 0 0 0 )
#(2 2 7 3 3 1 0 0 0 0 )
#(0 3 4 0 9 2 0 0 0 0 )
#(3 0 7 3 5 0 0 0 0 0 )
#(4 6 0 5 7 0 0 0 0 0 )
#(4 4 2 8 4 0 0 0 0 0 )
#(4 6 0 5 7 0 0 0 0 0 )
#(4 0 8 2 3 3 0 0 0 0 )
#(12 0 0 2 4 1 0 0 0 0 )
#(18 0 0 0 5 1 0 0 0 0 )
#(17 0 0 0 7 0 0 0 0 0 )
#(18 0 0 1 4 1 0 0 0 0 )
#(5 0 0 10 0 0 0 0 0 0 )
#(0 0 0 10 6 0 0 0 0 0 )
#(0 0 0 9 6 0 0 0 0 0 )
#(0 0 0 10 6 0 0 0 0 0 )
#(3 0 0 1 18 0 0 0 0 0 )
#(8 0 0 0 11 1 0 0 0 0 )
#(18 0 0 0 5 1 0 0 0 0 )
#(17 0 0 0 7 0 0 0 0 0 )
#(18 0 0 1 4 1 0 0 0 0 )
#(10 0 0 6 0 1 0 0 0 0 )
