22
;
#(59 79 31 64 20 33 48 )
#(52 81 44 64 29 20 37 )
#(60 79 43 64 19 21 36 )
#(52 81 40 64 29 24 41 )
#(66 88 38 67 22 29 50 )
#(67 86 43 65 19 22 43 )
#(60 88 43 65 28 22 45 )
#(67 86 43 65 19 22 43 )
#(65 84 31 65 19 34 53 )
#(52 81 36 65 29 29 45 )
#(60 77 43 64 17 21 34 )
#(52 81 47 64 29 17 34 )
#(60 81 40 67 21 27 41 )
#(64 88 38 66 24 28 50 )
#(57 79 36 65 22 29 43 )
#(60 77 43 65 17 22 34 )
#(55 70 38 55 15 17 32 )
#(57 86 36 64 29 28 50 )
#(75 88 36 65 13 29 52 )
#(76 89 36 65 13 29 53 )
#(73 86 36 65 13 29 50 )
#(69 89 36 65 20 29 53 )
