#(8 0 6 1 4 1 6 20 1 7 0 4)
#(14 1 6 3 13 6 2 3 6 12 2 3)
#(7 2 5 1 16 6 1 19 0 3 3 15)
#(13 2 6 3 15 6 2 4 4 12 2 3)
#(13 4 9 1 11 13 4 14 2 15 2 7)
#(12 1 8 2 9 10 1 19 1 2 0 10)
#(14 0 10 0 13 18 0 22 1 5 2 10)
#(17 1 8 2 12 10 1 19 3 3 0 9)
#(15 0 6 3 9 10 3 8 0 12 0 7)
#(18 0 2 3 15 2 3 12 2 4 0 2)
#(12 3 8 0 12 10 0 9 7 8 3 8)
#(9 0 3 5 17 2 3 13 1 5 0 12)
#(12 4 7 1 13 11 2 7 3 20 4 2)
#(20 0 10 1 4 22 1 5 3 14 5 7)
#(20 3 7 1 16 6 1 9 6 11 1 7)
#(16 1 11 2 13 7 3 25 1 5 0 7)
#(3 5 8 1 14 9 1 5 4 13 1 6)
#(11 2 3 0 5 8 1 20 1 6 0 8)
#(13 2 6 0 14 12 0 16 6 12 2 13)
#(17 0 4 4 14 12 1 17 4 9 1 15)
#(16 0 6 0 16 14 0 12 10 11 4 4)
#(19 2 7 0 13 7 2 16 0 1 0 4)
