#(0 17 2 3 0 1 0 0 0 0 )
#(4 17 5 2 2 0 0 0 0 0 )
#(9 4 5 5 4 1 0 0 0 0 )
#(4 17 5 1 3 0 0 0 0 0 )
#(8 2 5 3 7 0 3 0 0 0 )
#(9 8 6 4 2 1 0 0 0 0 )
#(2 2 11 5 0 6 0 0 0 0 )
#(8 4 8 7 1 2 0 0 0 0 )
#(13 2 2 10 2 0 0 0 0 0 )
#(10 13 0 3 3 0 0 0 0 0 )
#(5 9 8 2 5 0 0 0 0 0 )
#(8 12 2 4 2 1 0 0 0 0 )
#(5 8 8 1 6 0 1 0 0 0 )
#(6 6 2 6 6 0 2 0 0 0 )
#(12 2 5 3 9 0 0 0 0 0 )
#(6 7 5 5 6 1 0 0 0 0 )
#(13 0 1 6 6 0 0 0 0 0 )
#(13 0 5 3 5 0 0 0 0 0 )
#(8 2 12 2 8 0 0 0 0 0 )
#(7 1 12 2 9 0 0 0 0 0 )
#(8 3 10 2 7 1 0 0 0 0 )
#(9 2 3 2 7 1 0 0 0 0 )
