27
;
#(56 81 32 57 25 25 49 )
#(57 86 38 62 29 24 48 )
#(64 77 38 65 13 27 39 )
#(56 81 38 62 25 24 43 )
#(64 82 33 67 18 34 49 )
#(67 86 36 64 19 28 50 )
#(65 84 36 65 19 29 48 )
#(64 81 33 65 17 32 48 )
#(65 84 42 65 19 23 42 )
#(69 84 47 64 15 17 37 )
#(69 81 36 65 12 29 45 )
#(69 86 36 65 17 29 50 )
#(69 81 36 65 12 29 45 )
#(69 86 36 72 17 36 50 )
#(65 81 36 63 16 27 45 )
#(67 86 41 65 19 24 45 )
#(65 82 41 63 17 22 41 )
#(67 89 41 64 22 23 48 )
#(65 94 34 62 29 28 60 )
#(69 93 36 57 24 21 57 )
#(59 89 36 53 30 17 53 )
#(64 72 29 70 8 41 43 )
#(45 81 41 75 36 34 40 )
#(62 86 41 65 24 24 45 )
#(60 84 41 63 24 22 43 )
#(62 89 41 63 27 22 48 )
#(70 84 34 64 14 30 50 )
