#( 8 17 17 17 11 0 0 )
#( 0 12 19 20 12 5 0 )
#( 0 8 22 22 14 0 0 )
#( 0 12 19 21 7 0 0 )
#( 1 10 15 27 22 0 0 )
#( 0 11 13 18 14 2 0 )
#( 0 11 16 16 23 4 0 )
#( 2 9 15 24 18 0 0 )
#( 0 6 18 20 26 1 0 )
#( 0 2 10 11 22 4 0 )
#( 0 8 16 23 16 0 0 )
#( 0 8 16 17 39 9 0 )
#( 0 8 16 25 15 0 0 )
#( 0 5 9 38 33 2 0 )
#( 0 9 19 10 11 0 0 )
#( 0 5 17 18 16 5 0 )
#( 0 5 19 12 14 0 0 )
#( 0 2 20 14 14 5 0 )
#( 1 12 13 8 17 12 0 )
#( 0 11 11 1 23 14 0 )
#( 0 18 7 21 9 7 0 )
#( 13 1 0 28 12 0 0 )
#( 0 4 13 6 26 0 0 )
#( 0 4 18 18 15 3 0 )
#( 0 6 18 13 16 2 0 )
#( 0 2 21 15 14 3 0 )
#( 2 6 7 5 10 2 0 )
