27
;
#(8 0 9 8 0 0 4 20 12 0 0 9)
#(18 0 7 10 3 6 0 13 5 0 1 5)
#(22 1 10 6 0 5 3 9 5 3 0 2)
#(8 0 5 4 3 6 2 22 5 0 1 3)
#(16 0 9 7 0 4 4 22 5 1 0 7)
#(12 0 10 7 0 6 0 7 9 0 7 0)
#(1 0 8 10 0 6 2 11 9 0 23 0)
#(3 0 9 12 0 9 0 17 0 2 9 7)
#(10 7 3 7 2 12 0 14 0 7 9 0)
#(7 0 10 3 0 7 0 3 0 4 15 0)
#(4 0 8 11 0 3 0 11 8 0 16 2)
#(5 0 12 14 0 8 0 15 10 0 24 1)
#(5 0 8 11 0 3 0 13 8 0 15 1)
#(19 0 7 12 4 7 1 16 6 1 8 6)
#(7 8 2 12 0 1 0 7 5 0 5 2)
#(5 5 11 0 10 9 0 9 0 7 0 5)
#(10 0 3 0 10 8 0 13 0 0 0 6)
#(14 0 7 1 11 4 3 10 0 4 0 1)
#(17 0 3 0 15 0 0 8 5 9 0 6)
#(4 0 9 1 9 0 7 8 2 9 0 11)
#(1 3 12 3 3 4 8 15 1 8 0 4)
#(8 4 13 0 0 0 4 6 3 3 3 10)
#(4 0 4 0 11 9 5 11 0 0 0 5)
#(6 5 6 0 13 9 0 10 0 7 0 2)
#(10 0 7 0 9 7 0 13 0 0 0 9)
#(14 0 1 1 14 6 1 12 0 4 0 2)
#(11 0 6 0 4 2 2 6 0 0 0 1)
