27
;
#(0 0 0 16 0 1 0 0 0 0 )
#(2 0 9 4 1 3 0 0 0 0 )
#(7 0 9 4 2 1 0 0 0 0 )
#(1 3 9 2 1 2 0 0 0 0 )
#(4 1 5 4 4 3 0 0 0 0 )
#(0 6 1 4 3 2 0 0 0 0 )
#(0 2 3 8 5 0 0 0 0 0 )
#(0 0 2 8 6 0 0 0 0 0 )
#(0 0 1 9 4 2 0 0 0 0 )
#(3 7 0 0 4 2 0 0 0 0 )
#(4 2 3 9 2 0 0 0 0 0 )
#(12 0 3 6 0 5 2 0 0 0 )
#(3 2 2 9 3 0 0 0 0 0 )
#(13 3 2 4 6 0 0 2 0 0 )
#(3 8 6 3 0 0 0 0 0 0 )
#(0 3 6 8 1 0 0 0 0 0 )
#(2 5 8 1 2 0 0 0 0 0 )
#(0 4 10 3 1 0 0 0 0 0 )
#(3 7 1 1 3 4 0 0 0 0 )
#(0 4 0 0 2 7 0 0 0 0 )
#(6 0 0 8 0 4 0 0 0 0 )
#(6 0 0 12 0 0 0 0 0 0 )
#(0 5 3 6 0 1 0 0 0 0 )
#(0 4 8 4 2 0 0 0 0 0 )
#(0 6 7 3 2 0 0 0 0 0 )
#(0 6 11 0 2 0 0 0 0 0 )
#(0 3 2 2 0 2 0 0 0 0 )
