24
;
#(55 72 39 60 17 21 33 )
#(63 82 37 61 19 24 45 )
#(63 77 39 63 14 24 38 )
#(68 84 36 61 16 25 48 )
#(60 82 37 61 22 24 45 )
#(60 80 32 61 20 29 48 )
#(70 82 39 61 12 22 43 )
#(65 80 39 63 15 24 41 )
#(58 84 46 62 26 16 38 )
#(60 77 39 60 17 21 38 )
#(63 82 37 63 19 26 45 )
#(63 77 39 63 14 24 38 )
#(68 84 36 61 16 25 48 )
#(56 80 32 63 24 31 48 )
#(65 84 37 66 19 29 47 )
#(68 85 41 66 17 25 44 )
#(68 82 39 67 14 28 43 )
#(68 85 41 66 17 25 44 )
#(65 83 32 61 18 29 51 )
#(68 85 39 66 17 27 46 )
#(68 83 44 66 15 22 39 )
#(68 85 39 66 17 27 46 )
#(65 83 32 66 18 34 51 )
#(65 85 32 58 20 26 53 )
