24
;
#( 0 6 20 18 2 0 0 )
#( 0 8 16 19 29 0 0 )
#( 0 7 15 21 22 0 0 )
#( 0 7 16 13 35 4 0 )
#( 0 11 19 20 31 0 0 )
#( 1 9 20 35 7 0 0 )
#( 0 9 23 11 25 0 0 )
#( 0 6 23 30 20 0 0 )
#( 0 1 11 22 13 1 0 )
#( 0 10 14 40 13 0 0 )
#( 0 8 16 18 30 0 0 )
#( 0 7 16 22 21 0 0 )
#( 0 7 19 10 48 4 0 )
#( 1 6 9 25 18 0 0 )
#( 0 7 14 20 27 1 0 )
#( 0 4 16 21 23 1 0 )
#( 0 4 14 28 22 0 0 )
#( 0 6 16 19 22 1 0 )
#( 2 12 9 21 18 0 0 )
#( 0 8 18 30 33 5 0 )
#( 0 3 16 23 31 0 0 )
#( 0 9 18 25 33 5 0 )
#( 1 8 14 24 18 0 0 )
#( 1 6 3 7 8 1 0 )
