24
;
#(9 0 6 0 10 4 0 10 0 3 0 4)
#(17 0 4 4 14 4 0 16 3 9 0 1)
#(9 2 7 2 12 3 2 19 0 3 1 5)
#(14 0 3 3 19 6 0 10 5 8 0 7)
#(15 2 7 0 11 13 0 19 3 7 0 4)
#(11 1 11 3 8 4 0 15 1 4 2 12)
#(11 0 8 3 13 7 0 17 0 3 0 6)
#(8 16 7 0 10 6 0 12 0 18 0 2)
#(7 0 6 8 5 3 8 3 0 8 0 0)
#(16 0 4 3 14 4 0 28 1 3 0 4)
#(16 2 4 3 14 4 0 16 3 8 1 1)
#(11 0 7 3 12 3 2 19 0 4 0 5)
#(17 0 7 0 17 14 0 7 8 11 0 7)
#(11 2 3 0 3 15 0 14 0 8 0 3)
#(12 0 7 2 9 11 0 15 2 5 0 6)
#(12 0 7 4 12 6 0 13 1 6 0 4)
#(12 1 13 2 9 5 2 9 2 7 2 4)
#(9 0 7 2 11 7 0 14 2 7 1 4)
#(15 0 7 0 9 4 4 10 1 8 2 2)
#(11 2 6 0 15 11 2 20 0 18 0 9)
#(11 0 2 2 9 8 0 23 0 6 2 10)
#(10 0 6 0 15 11 2 21 0 15 1 9)
#(11 0 7 2 9 8 2 11 2 10 2 1)
#(8 0 3 0 3 2 2 4 0 3 0 1)
