24
;
#(4 18 2 0 0 0 0 0 0 0 )
#(4 8 8 2 4 0 0 0 0 0 )
#(5 6 7 3 3 0 0 0 0 0 )
#(5 6 7 3 5 0 0 0 0 0 )
#(2 10 4 8 3 0 0 0 0 0 )
#(12 3 5 7 1 1 0 0 0 0 )
#(15 1 13 3 0 0 0 0 0 0 )
#(11 6 6 7 2 0 0 0 0 0 )
#(12 13 2 1 0 0 0 0 0 0 )
#(4 5 6 2 5 2 0 0 0 0 )
#(4 8 8 2 4 0 0 0 0 0 )
#(5 6 6 4 3 0 0 0 0 0 )
#(4 11 6 6 4 0 0 0 0 0 )
#(0 15 2 3 1 1 0 0 0 0 )
#(9 3 9 3 3 0 0 0 0 0 )
#(16 2 11 3 0 0 0 0 0 0 )
#(12 2 8 7 0 0 0 0 0 0 )
#(16 5 6 5 0 0 0 0 0 0 )
#(4 11 4 6 0 0 0 0 0 0 )
#(0 1 6 3 10 2 0 0 0 0 )
#(0 6 7 5 4 0 0 0 0 0 )
#(4 1 6 5 8 1 0 0 0 0 )
#(8 10 3 7 0 0 0 0 0 0 )
#(1 4 0 3 1 0 0 0 0 0 )
