#(69 79 51 67 10 16 28 )
#(65 79 51 67 14 16 28 )
#(69 79 51 65 10 14 28 )
#(65 82 46 65 17 19 36 )
#(65 77 41 60 12 19 36 )
#(64 84 48 65 20 17 36 )
#(72 81 57 60 9 3 24 )
#(70 86 57 70 16 13 29 )
#(60 84 34 79 24 45 50 )
#(76 87 53 63 11 10 34 )
#(69 79 51 67 10 16 28 )
#(65 79 51 67 14 16 28 )
#(69 79 51 65 10 14 28 )
#(65 82 46 65 17 19 36 )
#(65 77 41 60 12 19 36 )
#(62 79 50 62 17 12 29 )
#(67 87 55 63 20 8 32 )
#(73 86 50 63 13 13 36 )
#(55 77 39 58 22 19 38 )
#(58 79 39 63 21 24 40 )
#(67 79 46 63 12 17 33 )
#(70 82 50 70 12 20 32 )
#(67 82 50 71 15 21 32 )
#(69 78 59 69 9 10 19 )
#(69 80 51 65 11 14 29 )
#(70 85 53 64 15 11 32 )
#(69 77 53 65 8 12 24 )
#(64 77 53 67 13 14 24 )
#(69 79 51 67 10 16 28 )
#(65 79 51 65 14 14 28 )
#(69 79 51 65 10 14 28 )
#(65 82 46 63 17 17 36 )
#(59 80 36 60 21 24 44 )
#(60 79 33 67 19 34 46 )
#(72 82 46 67 10 21 36 )
#(65 84 50 62 19 12 34 )
#(65 89 51 63 24 12 38 )
#(65 86 50 65 21 15 36 )
#(65 89 38 63 24 25 51 )
#(53 89 29 62 36 33 60 )
#(65 86 53 63 21 10 33 )
#(72 86 46 69 14 23 40 )
#(65 86 38 58 21 20 48 )
#(69 79 53 63 10 10 26 )
#(70 85 53 61 15 8 32 )
#(75 87 53 63 12 10 34 )
#(66 80 53 60 14 7 27 )
#(67 87 41 60 20 19 46 )
#(67 84 39 63 17 24 45 )
#(62 89 29 63 27 34 60 )
#(69 79 51 67 10 16 28 )
#(69 82 36 62 13 26 46 )
#(67 82 50 60 15 10 32 )
#(65 89 53 68 24 15 36 )
#(69 80 58 68 11 10 22 )
#(69 79 53 67 10 14 26 )
#(70 82 34 62 12 28 48 )
