#( 0 0 8 14 2 0 0 )
#( 0 0 8 10 9 0 0 )
#( 0 0 3 14 7 0 0 )
#( 0 0 7 21 3 0 0 )
#( 0 0 8 14 2 0 0 )
#( 0 0 8 10 9 0 0 )
#( 0 0 3 14 9 0 0 )
#( 0 0 6 12 6 2 0 )
#( 0 0 6 6 16 0 0 )
#( 0 1 9 8 7 0 0 )
#( 0 0 8 11 0 0 0 )
#( 0 0 8 13 0 0 0 )
#( 0 0 12 6 16 0 0 )
#( 0 6 12 4 1 0 0 )
#( 0 0 8 13 0 0 0 )
#( 0 0 8 19 0 0 0 )
#( 0 0 12 6 16 0 0 )
#( 0 6 7 15 1 0 0 )
#( 0 0 5 12 2 0 0 )
#( 0 0 8 10 9 0 0 )
#( 0 0 4 16 4 0 0 )
#( 0 0 9 17 4 0 0 )
#( 0 0 5 16 4 0 0 )
#( 0 0 8 10 9 0 0 )
#( 0 0 4 16 4 0 0 )
#( 0 0 5 15 9 0 0 )
#( 0 2 6 16 9 0 0 )
#( 0 4 4 4 2 0 0 )
