18
;
#(10 0 5 0 8 5 1 12 0 5 0 3)
#(7 0 16 0 5 0 6 8 1 7 0 7)
#(0 5 6 0 5 6 0 12 1 4 2 3)
#(8 0 7 0 8 6 0 11 1 4 3 5)
#(12 0 7 0 9 8 1 9 2 7 4 4)
#(20 0 3 4 4 3 0 7 1 1 0 3)
#(24 0 2 11 0 3 0 10 10 0 1 12)
#(1 0 2 7 0 4 0 6 8 0 7 0)
#(7 0 3 9 0 5 1 8 4 1 3 2)
#(15 0 5 3 5 7 1 11 5 0 4 1)
#(37 0 3 9 0 5 0 9 2 0 0 4)
#(12 0 5 1 8 5 1 13 0 5 0 3)
#(7 0 16 0 5 0 6 8 1 7 0 7)
#(4 4 8 0 8 9 0 15 2 6 2 3)
#(10 0 6 0 8 3 0 10 1 4 7 4)
#(11 0 7 0 9 7 1 12 1 6 0 6)
#(25 0 4 0 12 3 4 18 0 4 0 1)
#(2 0 0 0 1 0 0 0 0 0 0 0)
