#(0.875 0.7083 0.875 0.0 0.1667 0.0 R )
#(1.0 0.875 1.0 0.0 0.125 0.0 R )
#(0.7083 0.625 0.75 0.0417 0.125 0.0 R )
#(1.0 0.8333 1.0 0.0 0.1667 0.0 R )
#(1.0 0.8333 1.0 0.0 0.1667 0.0 R )
#(0.7083 0.5833 0.75 0.0417 0.1667 0.0 R )
#(0.9167 0.875 1.0 0.0833 0.125 0.0 R )
#(0.7083 0.5417 0.75 0.0417 0.2083 0.0 R )
#(1.0 0.7917 1.0 0.0 0.2083 0.0 R )
#(0.75 0.8333 0.875 0.125 0.0417 0.0 L )
#(0.875 0.75 0.875 0.0 0.125 0.0 R )
#(0.9583 0.7917 0.9583 0.0417 0.2083 0.0417 R )
#(1.0 0.875 1.0 0.0 0.125 0.0 R )
#(0.9583 0.875 1.0 0.0417 0.125 0.0 R )
#(1.0 0.8333 1.0 0.0 0.1667 0.0 R )
#(1.0 0.7917 1.0 0.0 0.2083 0.0 R )
#(0.9167 0.875 1.0 0.0833 0.125 0.0 R )
#(0.3333 0.3333 0.3333 0.1667 0.1667 0.1667 B )
