#(0.8125 0.6563 0.8125 0.0 0.1563 0.0 R )
#(0.9688 0.7813 1.0 0.0313 0.2188 0.0 R )
#(0.9375 0.6875 1.0 0.0625 0.3125 0.0 R )
#(0.9375 0.9063 1.0 0.0625 0.0938 0.0 R )
#(0.9063 1.0 1.0 0.0938 0.0 0.0 L )
#(0.8438 0.75 0.9375 0.1563 0.25 0.0625 R )
#(1.0 0.7813 1.0 0.0 0.2188 0.0 R )
#(0.9375 0.7188 1.0 0.0625 0.2813 0.0 R )
#(1.0 0.6563 1.0 0.0 0.3438 0.0 R )
#(0.8125 1.0 1.0 0.1875 0.0 0.0 L )
#(1.0 0.9375 1.0 0.0 0.0625 0.0 R )
#(0.875 0.875 1.0 0.125 0.125 0.0 B )
#(0.9375 0.8438 1.0 0.0625 0.1563 0.0 R )
#(1.0 0.875 1.0 0.0 0.125 0.0 R )
#(0.9688 0.875 1.0 0.0313 0.125 0.0 R )
#(0.875 0.9375 0.9375 0.0625 0.0 0.0 L )
#(0.75 0.6563 0.8125 0.0625 0.1563 0.0 R )
#(0.875 0.875 1.0 0.125 0.125 0.0 B )
#(0.9219 1.0 1.0 0.0781 0.0 0.0 L )
#(0.9844 1.0 1.0 0.0156 0.0 0.0 L )
#(1.0 0.75 1.0 0.0 0.25 0.0 R )
#(0.875 0.4375 1.0 0.125 0.5625 0.0 R )
#(0.9375 0.75 1.0 0.0625 0.25 0.0 R )
#(1.0 0.5 1.0 0.0 0.5 0.0 R )
#(0.9688 0.9063 1.0 0.0313 0.0938 0.0 R )
#(1.0 0.625 1.0 0.0 0.375 0.0 R )
#(0.9375 0.8125 1.0 0.0625 0.1875 0.0 R )
#(0.9688 0.6875 1.0 0.0313 0.3125 0.0 R )
#(0.9375 1.0 1.0 0.0625 0.0 0.0 L )
#(0.8125 0.875 0.9375 0.1875 0.125 0.0625 L )
#(1.0 0.75 1.0 0.0 0.25 0.0 R )
#(0.9375 0.75 1.0 0.0625 0.25 0.0 R )
#(1.0 0.75 1.0 0.0 0.25 0.0 R )
#(0.8125 0.9688 1.0 0.1875 0.0313 0.0 L )
#(1.0 1.0 1.0 0.0 0.0 0.0 B )
#(0.9375 0.8125 1.0 0.0625 0.1875 0.0 R )
#(0.75 1.0 1.0 0.25 0.0 0.0 L )
#(0.75 0.875 1.0 0.25 0.125 0.0 L )
#(1.0 0.7188 1.0 0.0 0.2813 0.0 R )
#(1.0 0.8125 1.0 0.0 0.1875 0.0 R )
#(0.9688 1.0 1.0 0.0313 0.0 0.0 L )
#(0.8333 0.9167 0.9167 0.0833 0.0 0.0 L )
