80
;
#(71 80 59 65 9 6 21 )
#(75 84 60 72 9 12 24 )
#(59 79 47 72 20 25 32 )
#(59 73 43 60 14 17 30 )
#(60 79 48 65 19 17 31 )
#(67 86 39 65 19 26 47 )
#(66 89 47 63 23 16 42 )
#(59 79 43 65 20 22 36 )
#(67 80 41 65 13 24 39 )
#(72 89 39 63 17 24 50 )
#(59 75 43 65 16 22 32 )
#(60 70 34 58 10 24 36 )
#(70 80 51 58 10 7 29 )
#(69 80 51 58 11 7 29 )
#(69 78 46 63 9 17 32 )
#(57 82 34 62 25 28 48 )
#(43 70 32 46 27 14 38 )
#(64 87 31 60 23 29 56 )
#(74 79 50 68 5 18 29 )
#(77 87 43 65 10 22 44 )
#(62 82 50 67 20 17 32 )
#(65 75 43 58 10 15 32 )
#(55 70 46 55 15 9 24 )
#(31 55 51 74 24 23 4 )
#(31 72 39 75 41 36 33 )
#(65 89 47 59 24 12 42 )
#(71 80 59 67 9 8 21 )
#(67 84 63 72 17 9 21 )
#(59 73 46 53 14 7 27 )
#(59 77 43 60 18 17 34 )
#(67 79 55 65 12 10 24 )
#(71 89 39 65 18 26 50 )
#(66 75 59 65 9 6 16 )
#(59 79 43 65 20 22 36 )
#(67 80 39 65 13 26 41 )
#(67 89 43 62 22 19 46 )
#(73 82 40 60 9 20 42 )
#(72 84 52 60 12 8 32 )
#(62 85 42 60 23 18 43 )
#(74 74 54 62 -1 8 20 )
#(74 87 54 62 13 8 33 )
#(67 80 48 65 13 17 32 )
#(67 77 48 55 10 7 29 )
#(71 80 48 55 9 7 32 )
#(66 75 43 55 9 12 32 )
#(54 79 31 60 25 29 48 )
#(30 79 31 55 49 24 48 )
#(30 89 32 56 59 24 57 )
#(64 84 40 63 20 23 44 )
#(67 76 46 65 9 19 30 )
#(72 84 39 63 12 24 45 )
#(59 72 46 62 13 16 26 )
#(64 75 42 53 11 11 33 )
#(71 86 54 65 15 11 32 )
#(56 89 55 65 33 10 34 )
#(71 80 59 65 9 6 21 )
#(75 84 60 72 9 12 24 )
#(59 79 50 72 20 22 29 )
#(64 68 46 55 4 9 22 )
#(67 70 52 60 3 8 18 )
#(71 77 53 57 6 4 24 )
#(53 74 43 66 21 23 31 )
#(51 79 36 65 28 29 43 )
#(67 86 39 65 19 26 47 )
#(66 89 47 63 23 16 42 )
#(59 79 43 65 20 22 36 )
#(67 80 41 65 13 24 39 )
#(72 89 39 63 17 24 50 )
#(67 82 40 61 15 21 42 )
#(72 73 52 60 1 8 21 )
#(60 85 52 60 25 8 33 )
#(63 84 54 65 21 11 30 )
#(51 67 55 72 16 17 12 )
#(51 60 79 84 9 5 -19 )
#(53 63 72 77 10 5 -9 )
#(55 87 63 72 32 9 24 )
#(29 32 62 72 3 10 -30 )
#(31 84 60 72 53 12 24 )
#(36 79 60 67 43 7 19 )
#(31 84 36 67 53 31 48 )
