#( 0 0 1 6 9 0 0 )
#( 0 0 0 11 12 1 0 )
#( 0 1 6 11 3 0 0 )
#( 0 2 9 13 3 0 0 )
#( 0 0 13 22 15 0 0 )
#( 0 2 8 11 15 1 0 )
#( 0 1 1 3 2 2 0 )
#( 0 1 9 22 7 0 0 )
#( 0 1 12 23 15 0 0 )
#( 0 2 4 2 9 3 0 )
#( 0 1 4 17 1 0 0 )
#( 1 1 16 4 0 0 0 )
#( 0 0 24 4 5 0 0 )
#( 0 0 24 2 14 0 0 )
#( 0 1 14 9 11 0 0 )
#( 1 2 11 9 4 0 0 )
#( 3 13 5 1 0 0 0 )
#( 1 2 1 5 7 3 0 )
#( 0 0 14 3 14 0 0 )
#( 0 1 13 1 13 8 0 )
#( 0 0 14 13 10 0 0 )
#( 0 2 13 13 8 0 0 )
#( 0 3 17 10 0 0 0 )
#( 9 12 5 4 2 0 0 )
#( 3 9 9 6 2 0 0 )
#( 0 1 8 5 7 2 0 )
#( 0 0 1 8 11 0 0 )
#( 0 0 0 12 12 1 0 )
#( 0 2 7 10 1 0 0 )
#( 0 1 10 12 6 0 0 )
#( 0 0 14 28 16 0 0 )
#( 0 3 6 4 11 3 0 )
#( 0 0 1 10 1 0 0 )
#( 0 1 11 22 12 0 0 )
#( 0 2 11 17 13 0 0 )
#( 0 3 5 5 9 3 0 )
#( 0 1 6 1 3 0 0 )
#( 0 0 10 2 5 1 0 )
#( 0 2 8 5 7 3 0 )
#( 0 0 6 3 1 0 0 )
#( 0 0 8 4 4 3 0 )
#( 0 0 10 8 3 0 0 )
#( 0 0 24 6 3 0 0 )
#( 0 0 24 2 14 0 0 )
#( 0 5 16 6 8 0 0 )
#( 1 4 13 8 4 0 0 )
#( 3 8 5 4 1 0 0 )
#( 9 5 4 3 2 1 0 )
#( 0 6 9 6 11 1 0 )
#( 0 4 15 5 16 0 0 )
#( 0 3 6 2 17 4 0 )
#( 0 4 16 20 1 0 0 )
#( 0 7 12 16 2 0 0 )
#( 0 0 4 7 10 1 0 )
#( 0 0 5 13 5 4 0 )
#( 0 0 1 6 14 0 0 )
#( 0 0 0 11 12 1 0 )
#( 0 0 9 7 3 0 0 )
#( 0 3 5 6 0 0 0 )
#( 0 0 3 9 0 0 0 )
#( 0 0 6 2 5 0 0 )
#( 0 1 5 5 4 0 0 )
#( 0 1 13 22 15 0 0 )
#( 0 2 8 11 15 1 0 )
#( 0 1 1 3 2 2 0 )
#( 0 1 9 22 7 0 0 )
#( 0 1 12 23 15 0 0 )
#( 0 2 4 2 9 3 0 )
#( 0 3 6 5 6 0 0 )
#( 0 0 10 2 5 0 0 )
#( 0 0 11 4 0 3 0 )
#( 0 0 5 11 5 1 0 )
#( 0 0 18 13 1 0 0 )
#( 0 0 18 6 5 1 0 )
#( 0 0 18 6 4 0 0 )
#( 0 0 4 13 9 2 0 )
#( 4 0 0 12 12 0 0 )
#( 1 1 0 23 9 1 0 )
#( 0 8 1 26 4 0 0 )
#( 4 5 4 10 6 1 0 )
