80
;
#(0.8333 0.75 0.8333 0.0 0.0833 0.0 R )
#(1.0 1.0 1.0 0.0 0.0 0.0 B )
#(1.0 0.9167 1.0 0.0 0.0833 0.0 R )
#(1.0 0.9167 1.0 0.0 0.0833 0.0 R )
#(0.9167 0.8333 0.9167 0.0833 0.1667 0.0833 R )
#(0.5833 0.6667 1.0 0.4167 0.3333 0.0 L )
#(0.5833 0.3333 0.5833 0.4167 0.6667 0.4167 R )
#(0.9167 0.8333 0.9167 0.0833 0.1667 0.0833 R )
#(0.8333 0.9167 1.0 0.1667 0.0833 0.0 L )
#(0.3333 0.3333 0.5833 0.6667 0.6667 0.4167 B )
#(1.0 0.75 1.0 0.0 0.25 0.0 R )
#(0.5 0.8333 0.8333 0.5 0.1667 0.1667 L )
#(0.9167 1.0 1.0 0.0833 0.0 0.0 L )
#(0.9167 1.0 1.0 0.0833 0.0 0.0 L )
#(0.9583 0.75 1.0 0.0417 0.25 0.0 R )
#(0.875 0.5 1.0 0.125 0.5 0.0 R )
#(0.6667 0.4167 1.0 0.3333 0.5833 0.0 R )
#(0.75 1.0 1.0 0.25 0.0 0.0 L )
#(0.9167 0.8333 1.0 0.0833 0.1667 0.0 R )
#(0.875 0.6667 1.0 0.125 0.3333 0.0 R )
#(0.8333 0.6667 1.0 0.1667 0.3333 0.0 R )
#(0.875 0.6667 1.0 0.125 0.3333 0.0 R )
#(0.9167 0.5 1.0 0.0833 0.5 0.0 R )
#(1.0 0.6667 1.0 0.0 0.3333 0.0 R )
#(1.0 0.5833 1.0 0.0 0.4167 0.0 R )
#(0.6667 0.5833 0.6667 0.3333 0.4167 0.3333 R )
#(1.0 1.0 1.0 0.0 0.0 0.0 B )
#(1.0 0.9167 1.0 0.0 0.0833 0.0 R )
#(1.0 1.0 1.0 0.0 0.0 0.0 B )
#(0.9167 0.75 0.9167 0.0833 0.25 0.0833 R )
#(1.0 1.0 1.0 0.0 0.0 0.0 B )
#(0.4167 0.5 0.8333 0.5833 0.5 0.1667 L )
#(0.75 0.5 0.75 0.25 0.5 0.25 R )
#(0.9167 0.8333 0.9167 0.0833 0.1667 0.0833 R )
#(0.6667 0.8333 1.0 0.3333 0.1667 0.0 L )
#(0.4167 0.4167 0.5833 0.5833 0.5833 0.4167 B )
#(0.0833 0.5833 0.5833 0.9167 0.4167 0.4167 L )
#(0.5 1.0 1.0 0.5 0.0 0.0 L )
#(0.5833 0.8333 0.8333 0.4167 0.1667 0.1667 L )
#(0.0833 0.75 0.75 0.9167 0.25 0.25 L )
#(0.6667 1.0 1.0 0.3333 0.0 0.0 L )
#(0.375 0.8333 0.8333 0.625 0.1667 0.1667 L )
#(0.9167 1.0 1.0 0.0833 0.0 0.0 L )
#(0.9167 1.0 1.0 0.0833 0.0 0.0 L )
#(0.875 0.9167 1.0 0.125 0.0833 0.0 L )
#(0.9167 0.5 1.0 0.0833 0.5 0.0 R )
#(0.875 0.25 1.0 0.125 0.75 0.0 R )
#(1.0 0.1667 1.0 0.0 0.8333 0.0 R )
#(1.0 1.0 1.0 0.0 0.0 0.0 B )
#(0.875 1.0 1.0 0.125 0.0 0.0 L )
#(0.875 0.5 1.0 0.125 0.5 0.0 R )
#(0.8333 0.8333 1.0 0.1667 0.1667 0.0 B )
#(0.875 1.0 1.0 0.125 0.0 0.0 L )
#(1.0 1.0 1.0 0.0 0.0 0.0 B )
#(0.9583 0.4167 1.0 0.0417 0.5833 0.0 R )
#(1.0 0.75 1.0 0.0 0.25 0.0 R )
#(1.0 1.0 1.0 0.0 0.0 0.0 B )
#(0.8333 0.75 0.8333 0.1667 0.25 0.1667 R )
#(0.6667 0.5833 0.6667 0.3333 0.4167 0.3333 R )
#(0.6667 0.5833 0.6667 0.3333 0.4167 0.3333 R )
#(0.6667 0.5833 0.6667 0.3333 0.4167 0.3333 R )
#(0.5 0.4167 0.5 0.5 0.5833 0.5 R )
#(0.9167 0.8333 0.9167 0.0833 0.1667 0.0833 R )
#(0.5833 0.6667 1.0 0.4167 0.3333 0.0 L )
#(0.5833 0.3333 0.5833 0.4167 0.6667 0.4167 R )
#(0.9167 0.8333 0.9167 0.0833 0.1667 0.0833 R )
#(0.8333 0.9167 1.0 0.1667 0.0833 0.0 L )
#(0.3333 0.3333 0.5833 0.6667 0.6667 0.4167 B )
#(0.25 0.5833 0.5833 0.75 0.4167 0.4167 L )
#(0.4583 1.0 1.0 0.5417 0.0 0.0 L )
#(0.5833 1.0 1.0 0.4167 0.0 0.0 L )
#(0.7917 0.8333 1.0 0.2083 0.1667 0.0 L )
#(1.0 0.6667 1.0 0.0 0.3333 0.0 R )
#(1.0 1.0 1.0 0.0 0.0 0.0 B )
#(1.0 1.0 1.0 0.0 0.0 0.0 B )
#(1.0 1.0 1.0 0.0 0.0 0.0 B )
#(1.0 1.0 1.0 0.0 0.0 0.0 B )
#(0.75 1.0 1.0 0.25 0.0 0.0 L )
#(0.75 1.0 1.0 0.25 0.0 0.0 L )
#(0.5 0.5 0.5 0.5 0.5 0.5 B )
