80
;
#(7 0 3 0 0 0 0 0 0 0 )
#(5 2 5 0 0 0 0 0 0 0 )
#(7 1 4 0 0 0 0 0 0 0 )
#(3 4 4 1 0 0 0 0 0 0 )
#(14 2 4 5 0 0 0 0 0 0 )
#(4 7 5 1 0 0 0 0 0 0 )
#(1 0 1 0 1 0 0 0 0 0 )
#(8 2 5 3 0 0 0 0 0 0 )
#(11 6 4 4 0 0 0 0 0 0 )
#(0 3 3 0 1 0 0 0 0 0 )
#(2 1 5 1 0 0 0 0 0 0 )
#(10 3 0 0 0 1 0 0 0 0 )
#(15 9 0 0 0 0 0 0 0 0 )
#(8 16 0 0 0 0 0 0 0 0 )
#(17 6 2 0 0 0 0 0 0 0 )
#(18 0 3 0 0 0 0 0 0 0 )
#(22 0 0 0 0 0 0 0 0 0 )
#(1 4 2 1 0 0 0 0 0 0 )
#(5 10 2 0 0 0 0 0 0 0 )
#(12 12 0 0 0 0 0 0 0 0 )
#(13 10 0 1 0 0 0 0 0 0 )
#(12 12 0 0 0 0 0 0 0 0 )
#(18 6 0 0 0 0 0 0 0 0 )
#(16 8 0 0 0 0 0 0 0 0 )
#(19 1 0 2 0 0 0 0 0 0 )
#(11 0 0 3 0 0 0 0 0 0 )
#(8 0 4 0 0 0 0 0 0 0 )
#(4 3 5 0 0 0 0 0 0 0 )
#(8 0 4 0 0 0 0 0 0 0 )
#(5 4 4 1 0 0 0 0 0 0 )
#(14 4 4 6 0 0 0 0 0 0 )
#(0 5 4 0 1 0 0 0 0 0 )
#(2 0 2 1 0 0 0 0 0 0 )
#(11 4 5 3 0 0 0 0 0 0 )
#(7 6 4 3 0 0 0 0 0 0 )
#(0 2 2 0 3 0 0 0 0 0 )
#(6 0 0 0 1 0 0 0 0 0 )
#(10 4 0 0 0 0 0 0 0 0 )
#(4 3 0 0 3 0 0 0 0 0 )
#(8 1 0 0 0 0 0 0 0 0 )
#(9 5 0 0 0 0 0 0 0 0 )
#(9 1 0 0 2 0 0 0 0 0 )
#(15 9 0 0 0 0 0 0 0 0 )
#(8 16 0 0 0 0 0 0 0 0 )
#(16 8 1 0 0 0 0 0 0 0 )
#(18 0 4 0 0 0 0 0 0 0 )
#(21 0 0 0 0 0 0 0 0 0 )
#(18 3 0 0 0 0 0 0 0 0 )
#(1 6 0 5 0 0 0 0 0 0 )
#(5 14 1 1 0 0 0 0 0 0 )
#(16 8 0 0 0 0 0 0 0 0 )
#(9 14 0 1 0 0 0 0 0 0 )
#(5 16 0 0 0 0 0 0 0 0 )
#(8 1 0 3 0 0 0 0 0 0 )
#(19 0 0 2 0 0 0 0 0 0 )
#(12 0 3 0 0 0 0 0 0 0 )
#(5 2 5 0 0 0 0 0 0 0 )
#(3 1 2 2 0 0 0 0 0 0 )
#(3 0 1 2 0 0 0 0 0 0 )
#(3 0 3 0 0 0 0 0 0 0 )
#(4 0 3 0 0 0 0 0 0 0 )
#(3 0 1 1 1 0 0 0 0 0 )
#(14 2 3 6 0 0 0 0 0 0 )
#(4 7 5 1 0 0 0 0 0 0 )
#(1 0 1 0 1 0 0 0 0 0 )
#(8 2 5 3 0 0 0 0 0 0 )
#(11 6 4 4 0 0 0 0 0 0 )
#(0 3 3 0 1 0 0 0 0 0 )
#(3 1 0 0 3 0 0 0 0 0 )
#(9 4 0 0 0 0 0 0 0 0 )
#(10 4 0 0 0 0 0 0 0 0 )
#(13 2 0 0 1 0 0 0 0 0 )
#(16 8 0 0 0 0 0 0 0 0 )
#(18 6 0 0 0 0 0 0 0 0 )
#(20 4 0 0 0 0 0 0 0 0 )
#(20 4 0 0 0 0 0 0 0 0 )
#(20 4 0 0 0 0 0 0 0 0 )
#(13 11 0 0 0 0 0 0 0 0 )
#(9 15 0 0 0 0 0 0 0 0 )
#(1 5 1 0 0 0 0 2 0 0 )
