#(0.75 0.4167 0.75 0.0833 0.4167 0.0833 R )
#(0.9167 0.75 0.9167 0.0833 0.25 0.0833 R )
#(0.8333 0.4167 1.0 0.1667 0.5833 0.0 R )
#(0.6667 0.6667 0.75 0.0833 0.0833 0.0 B )
#(0.8333 1.0 1.0 0.1667 0.0 0.0 L )
#(0.5833 0.8333 0.8333 0.4167 0.1667 0.1667 L )
#(1.0 0.5833 1.0 0.0 0.4167 0.0 R )
#(0.75 0.5833 1.0 0.25 0.4167 0.0 R )
#(0.6042 0.6667 0.75 0.1458 0.0833 0.0 L )
#(0.9375 0.9167 1.0 0.0625 0.0833 0.0 R )
#(1.0 0.8333 1.0 0.0 0.1667 0.0 R )
#(1.0 0.8333 1.0 0.0 0.1667 0.0 R )
#(0.5833 0.5833 0.6667 0.1667 0.1667 0.0833 B )
#(0.6667 1.0 1.0 0.3333 0.0 0.0 L )
#(0.8333 0.75 0.8333 0.1667 0.25 0.1667 R )
#(0.875 1.0 1.0 0.125 0.0 0.0 L )
#(1.0 0.75 1.0 0.0 0.25 0.0 R )
#(1.0 0.9167 1.0 0.0 0.0833 0.0 R )
#(0.75 0.6667 0.8333 0.1667 0.25 0.0833 R )
