209
;
#(53 74 36 60 21 24 38 )
#(53 69 41 64 16 23 28 )
#(52 68 40 64 16 24 28 )
#(55 72 57 67 17 10 15 )
#(50 61 52 55 11 3 9 )
#(50 78 36 61 28 25 42 )
#(62 79 52 61 17 9 27 )
#(55 78 36 60 23 24 42 )
#(53 74 34 62 21 28 40 )
#(51 61 32 70 10 38 29 )
#(55 65 32 68 10 36 33 )
#(53 74 31 60 21 29 43 )
#(53 69 41 64 16 23 28 )
#(52 80 40 72 28 32 40 )
#(68 89 62 80 21 18 27 )
#(56 77 50 68 21 18 27 )
#(52 83 41 74 31 33 42 )
#(52 88 36 79 36 43 52 )
#(36 52 24 45 16 21 28 )
#(71 83 0 0 12 -1 83 )
#(68 77 57 68 9 11 20 )
#(61 88 33 57 27 24 55 )
#(57 76 42 64 19 22 34 )
#(56 83 28 47 27 19 55 )
#(63 85 51 77 22 26 34 )
#(63 85 51 66 22 15 34 )
#(61 88 33 57 27 24 55 )
#(68 80 63 69 12 6 17 )
#(56 75 44 63 19 19 31 )
#(53 80 37 68 27 31 43 )
#(61 89 27 70 28 43 62 )
#(66 90 27 75 24 48 63 )
#(66 87 32 70 21 38 55 )
#(56 92 37 77 36 40 55 )
#(58 79 37 68 21 31 42 )
#(66 85 39 70 19 31 46 )
#(66 97 56 76 31 20 41 )
#(54 88 42 78 34 36 46 )
#(58 82 39 70 24 31 43 )
#(72 92 65 84 20 19 27 )
#(69 87 48 80 18 32 39 )
#(53 82 37 70 29 33 45 )
#(56 80 39 65 24 26 41 )
#(56 77 37 80 21 43 40 )
#(68 92 37 85 24 48 55 )
#(57 89 29 65 32 36 60 )
#(58 91 29 65 33 36 62 )
#(60 91 29 67 31 38 62 )
#(52 96 29 65 44 36 67 )
#(55 93 29 53 38 24 64 )
#(60 92 44 76 32 32 48 )
#(65 89 22 65 24 43 67 )
#(50 62 22 46 12 24 40 )
#(62 73 42 62 11 20 31 )
#(61 74 42 64 13 22 32 )
#(62 78 45 69 16 24 33 )
#(61 80 45 64 19 19 35 )
#(56 73 37 62 17 25 36 )
#(59 76 40 62 17 22 36 )
#(59 73 38 61 14 23 35 )
#(61 85 42 66 24 24 43 )
#(61 71 40 64 10 24 31 )
#(56 88 37 76 32 39 51 )
#(59 88 44 76 29 32 44 )
#(57 76 35 64 19 29 41 )
#(58 87 39 71 29 32 48 )
#(70 85 54 69 15 15 31 )
#(64 83 42 66 19 24 41 )
#(59 76 38 61 17 23 38 )
#(59 80 40 66 21 26 40 )
#(59 76 35 61 17 26 41 )
#(61 91 32 75 30 43 59 )
#(70 87 61 75 17 14 26 )
#(58 77 43 67 19 24 34 )
#(50 71 32 59 21 27 39 )
#(62 83 44 71 21 27 39 )
#(74 87 56 71 13 15 31 )
#(74 85 56 73 11 17 29 )
#(74 85 56 73 11 17 29 )
#(73 85 54 73 12 19 31 )
#(61 85 42 68 24 26 43 )
#(61 78 45 69 17 24 33 )
#(59 80 42 64 21 22 38 )
#(55 71 37 53 16 16 34 )
#(54 61 38 66 7 28 23 )
#(59 73 38 59 14 21 35 )
#(62 78 59 68 16 9 19 )
#(71 88 54 76 17 22 34 )
#(63 93 45 85 30 40 48 )
#(65 102 30 85 37 55 72 )
#(61 90 30 63 29 33 60 )
#(66 102 30 57 36 27 72 )
#(69 86 50 66 17 16 36 )
#(62 83 43 72 21 29 40 )
#(62 81 43 69 19 26 38 )
#(52 83 31 74 31 43 52 )
#(52 81 31 67 29 36 50 )
#(64 88 50 74 24 24 38 )
#(47 79 31 60 32 29 48 )
#(59 83 31 68 24 37 52 )
#(55 86 31 72 31 41 55 )
#(55 69 31 53 14 22 38 )
#(55 74 31 65 19 34 43 )
#(71 93 55 69 22 14 38 )
#(57 84 47 67 27 20 37 )
#(57 75 46 67 18 21 29 )
#(65 77 51 68 12 17 26 )
#(62 78 39 59 16 20 39 )
#(62 83 43 72 21 29 40 )
#(50 83 29 74 33 45 54 )
#(50 81 29 72 31 43 52 )
#(67 81 55 72 14 17 26 )
#(62 90 31 71 28 40 59 )
#(74 88 29 71 14 42 59 )
#(41 81 36 69 40 33 45 )
#(48 76 45 67 28 22 31 )
#(59 91 31 69 32 38 60 )
#(59 83 31 68 24 37 52 )
#(55 86 31 72 31 41 55 )
#(55 79 31 62 24 31 48 )
#(47 82 34 70 35 36 48 )
#(51 58 39 55 7 16 19 )
#(51 70 39 56 19 17 31 )
#(50 60 38 55 10 17 22 )
#(43 70 31 56 27 25 39 )
#(58 74 39 64 16 25 35 )
#(60 94 34 70 34 36 60 )
#(55 72 46 70 17 24 26 )
#(46 94 22 70 48 48 72 )
#(50 82 34 70 32 36 48 )
#(51 58 39 55 7 16 19 )
#(51 65 39 55 14 16 26 )
#(55 65 37 51 10 14 28 )
#(47 65 32 49 18 17 33 )
#(55 65 37 51 10 14 28 )
#(56 75 39 65 19 26 36 )
#(57 75 42 66 18 24 33 )
#(58 80 49 68 22 19 31 )
#(57 75 42 66 18 24 33 )
#(57 83 42 71 26 29 41 )
#(54 80 37 63 26 26 43 )
#(53 70 37 49 17 12 33 )
#(53 70 37 55 17 18 33 )
#(50 60 38 55 10 17 22 )
#(43 70 31 56 27 25 39 )
#(58 74 39 64 16 25 35 )
#(60 94 34 70 34 36 60 )
#(53 72 46 70 19 24 26 )
#(48 94 22 70 46 48 72 )
#(50 82 34 70 32 36 48 )
#(51 58 39 55 7 16 19 )
#(41 58 27 55 17 28 31 )
#(53 55 36 43 2 7 19 )
#(41 43 29 38 2 9 14 )
#(64 82 31 55 18 24 51 )
#(41 70 37 55 29 18 33 )
#(41 67 29 55 26 26 38 )
#(60 72 34 55 12 21 38 )
#(60 74 34 55 14 21 40 )
#(44 60 32 48 16 16 28 )
#(53 70 32 46 17 14 38 )
#(49 58 32 47 9 15 26 )
#(49 73 33 53 24 20 40 )
#(52 83 33 61 31 28 50 )
#(52 67 49 61 15 12 18 )
#(49 62 39 49 13 10 23 )
#(51 70 34 46 19 12 36 )
#(51 79 34 46 28 12 45 )
#(60 77 34 55 17 21 43 )
#(60 72 31 55 12 24 41 )
#(48 67 29 41 19 12 38 )
#(48 75 22 29 27 7 53 )
#(0 0 22 22 -1 -1 -22 )
#(54 73 42 51 19 9 31 )
#(61 75 39 60 14 21 36 )
#(47 78 30 61 31 31 48 )
#(56 83 30 66 27 36 53 )
#(53 82 34 66 29 32 48 )
#(51 87 37 73 36 36 50 )
#(51 85 35 66 34 31 50 )
#(54 85 35 63 31 28 50 )
#(56 90 47 73 34 26 43 )
#(61 90 54 90 29 36 36 )
#(74 79 58 67 5 9 21 )
#(67 77 55 67 10 12 22 )
#(57 81 38 64 24 26 43 )
#(67 81 36 64 14 28 45 )
#(55 84 29 67 29 38 55 )
#(64 82 29 67 18 38 53 )
#(69 89 31 69 20 38 58 )
#(62 89 31 69 27 38 58 )
#(59 84 36 67 25 31 48 )
#(63 81 26 66 18 40 55 )
#(68 81 57 67 13 10 24 )
#(55 86 36 65 31 29 50 )
#(53 77 29 69 24 40 48 )
#(57 81 29 69 24 40 52 )
#(57 85 35 59 28 24 50 )
#(56 85 47 71 29 24 38 )
#(76 90 63 71 14 8 27 )
#(57 91 36 72 34 36 55 )
#(64 91 48 67 27 19 43 )
#(70 91 57 67 21 10 34 )
#(57 88 38 64 31 26 50 )
#(67 81 38 67 14 29 43 )
#(60 79 31 67 19 36 48 )
#(61 82 43 74 21 31 39 )
#(76 93 29 74 17 45 64 )
#(69 81 65 65 12 -1 16 )
