15
;
#(1.0 0.75 1.0 0.0 0.25 0.0 R )
#(0.9167 0.9167 0.9167 0.0833 0.0833 0.0833 B )
#(0.75 1.0 1.0 0.25 0.0 0.0 L )
#(0.6667 1.0 1.0 0.3333 0.0 0.0 L )
#(0.8333 1.0 1.0 0.1667 0.0 0.0 L )
#(0.75 0.75 0.75 0.25 0.25 0.25 B )
#(0.75 0.5 0.75 0.25 0.5 0.25 R )
#(0.75 0.7917 0.9167 0.25 0.2083 0.0833 L )
#(1.0 0.75 1.0 0.0 0.25 0.0 R )
#(1.0 0.75 1.0 0.0 0.25 0.0 R )
#(0.7917 0.9167 0.9167 0.2083 0.0833 0.0833 L )
#(0.7083 1.0 1.0 0.2917 0.0 0.0 L )
#(0.6667 1.0 1.0 0.3333 0.0 0.0 L )
#(1.0 0.9167 1.0 0.0 0.0833 0.0 R )
#(0.75 0.75 0.75 0.25 0.25 0.25 B )
