#( 7 14 16 29 9 0 0 )
#( 13 13 14 38 5 0 0 )
#( 0 2 52 51 4 0 0 )
#( 0 0 29 37 10 0 0 )
#( 0 17 34 52 6 0 0 )
#( 0 3 40 23 16 10 0 )
#( 0 9 36 18 24 4 0 )
#( 0 8 50 33 23 20 0 )
#( 0 8 36 45 43 1 0 )
#( 0 1 12 46 52 7 0 )
#( 6 13 28 35 40 9 0 )
#( 5 3 66 5 7 3 0 )
#( 4 6 90 7 13 6 0 )
#( 0 0 23 77 60 5 0 )
#( 6 15 31 45 28 7 0 )
#( 7 15 21 23 7 2 0 )
#( 3 23 10 7 19 15 0 )
#( 0 8 16 17 21 8 0 )
#( 0 6 20 15 31 9 0 )
#( 0 5 28 33 18 2 0 )
#( 0 8 25 22 16 7 0 )
#( 2 32 28 29 26 9 0 )
#( 2 31 39 11 36 52 0 )
#( 0 6 54 51 60 6 0 )
#( 0 6 67 27 44 29 0 )
#( 8 12 50 39 27 30 8 )
#( 8 32 41 46 12 0 0 )
#( 8 47 25 36 24 0 0 )
#( 0 8 30 38 27 14 0 )
#( 6 8 33 43 21 26 0 )
#( 3 13 26 58 70 19 0 )
#( 1 9 15 61 41 17 0 )
#( 1 8 37 28 9 7 0 )
#( 1 9 42 43 10 9 0 )
#( 0 0 20 65 56 13 0 )
#( 4 13 16 46 50 13 0 )
#( 3 8 35 35 9 0 0 )
#( 1 14 21 14 19 10 0 )
#( 5 16 11 3 17 15 0 )
#( 2 11 35 49 10 8 0 )
#( 0 2 38 56 25 22 0 )
#( 7 12 33 49 6 12 0 )
#( 5 22 20 35 13 0 0 )
#( 15 27 13 43 18 8 0 )
#( 11 38 21 6 37 11 0 )
#( 8 10 15 35 8 0 0 )
#( 4 9 4 4 4 2 0 )
