#(8 4 3 0 10 4 0 14 0 3 0 4)
#(5 2 8 2 8 7 2 7 2 11 0 6)
#(11 2 7 3 10 9 3 15 0 7 1 7)
#(16 2 7 2 11 9 2 15 0 7 3 6)
#(13 3 7 1 9 8 0 20 0 3 1 9)
#(15 1 11 1 15 11 1 20 0 3 3 10)
#(15 3 9 1 17 10 0 24 0 4 1 9)
#(21 0 1 2 7 9 2 12 0 12 2 0)
#(17 4 4 0 15 1 1 14 0 5 1 1)
#(7 2 9 0 11 8 0 13 2 5 0 10)
#(8 2 5 5 6 7 5 9 0 15 0 2)
#(16 2 8 2 11 9 2 15 0 6 3 7)
#(17 2 6 0 15 5 0 13 0 2 4 4)
#(8 1 16 0 8 0 13 11 0 10 4 7)
#(7 1 10 9 6 0 9 13 0 12 4 13)
#(7 0 2 10 15 0 4 8 0 9 2 14)
#(8 3 15 0 5 1 5 16 2 6 0 11)
#(13 2 2 0 8 9 0 12 4 11 2 5)
#(11 0 2 0 22 10 0 3 5 14 2 4)
#(13 2 2 0 8 9 0 12 3 10 2 5)
#(14 2 4 0 8 6 0 13 3 8 2 6)
#(7 0 0 0 2 0 0 2 0 0 0 0)
