#(62 78 46 62 16 16 32 )
#(59 78 38 59 19 21 40 )
#(59 81 33 59 22 26 48 )
#(59 78 38 59 19 21 40 )
#(59 83 38 56 24 18 45 )
#(62 86 38 60 24 22 48 )
#(62 81 38 65 19 27 43 )
#(66 86 38 60 20 22 48 )
#(71 88 38 62 17 24 50 )
#(59 79 38 59 20 21 41 )
#(59 81 33 59 22 26 48 )
#(59 78 38 59 19 21 40 )
#(59 79 38 55 20 17 41 )
#(59 88 31 65 29 34 57 )
#(67 86 38 65 19 27 48 )
#(67 84 28 65 17 37 56 )
#(65 84 28 64 19 36 56 )
#(64 84 36 65 20 29 48 )
#(67 84 31 65 17 34 53 )
#(67 84 35 64 17 29 49 )
#(67 81 31 65 14 34 50 )
#(64 84 36 60 20 24 48 )
