#(74 86 59 71 12 12 27 )
#(78 88 62 72 10 10 26 )
#(62 79 55 67 17 12 24 )
#(66 76 50 60 10 10 26 )
#(67 81 55 67 14 12 26 )
#(71 86 57 67 15 10 29 )
#(74 84 62 69 10 7 22 )
#(74 86 59 71 12 12 27 )
#(78 88 62 72 10 10 26 )
#(62 79 43 67 17 24 36 )
#(66 76 38 60 10 22 38 )
#(67 76 43 55 9 12 33 )
#(66 76 43 62 10 19 33 )
#(67 86 55 69 19 14 31 )
#(69 79 50 67 10 17 29 )
#(71 83 62 67 12 5 21 )
#(66 81 52 61 15 9 29 )
#(66 78 57 62 12 5 21 )
#(66 76 40 57 10 17 36 )
#(61 79 45 61 18 16 34 )
#(59 81 43 67 22 24 38 )
#(50 64 38 50 14 12 26 )
#(61 76 47 57 15 10 29 )
#(62 76 38 61 14 23 38 )
#(59 71 44 57 12 13 27 )
#(57 74 43 55 17 12 31 )
#(62 74 43 55 12 12 31 )
#(66 84 50 69 18 19 34 )
#(84 88 62 69 4 7 26 )
