#( 1 1 10 7 4 3 0 )
#( 0 4 16 18 5 0 0 )
#( 0 3 17 13 9 1 0 )
#( 0 2 18 16 6 1 0 )
#( 0 4 12 17 10 0 0 )
#( 0 4 16 18 5 0 0 )
#( 0 2 10 18 10 3 0 )
#( 0 0 16 15 8 0 0 )
#( 0 3 11 12 8 0 0 )
#( 0 2 9 10 22 1 0 )
#( 0 3 15 18 23 4 0 )
#( 0 1 15 10 20 8 0 )
#( 0 4 12 18 17 0 0 )
#( 0 3 9 8 16 4 0 )
#( 0 3 15 18 23 4 0 )
#( 0 1 17 8 15 11 0 )
#( 0 1 15 10 13 9 0 )
#( 0 4 6 2 14 0 0 )
#( 0 4 24 16 4 0 0 )
#( 0 2 22 15 17 0 0 )
#( 0 3 13 27 1 0 0 )
#( 0 6 12 15 10 1 0 )
#( 0 4 24 16 4 0 0 )
#( 0 2 22 13 16 0 0 )
#( 0 2 22 11 18 0 0 )
#( 1 5 8 18 7 0 0 )
#( 0 3 7 15 1 0 0 )
#( 1 4 11 17 1 0 0 )
#( 1 4 4 20 3 0 0 )
#( 0 5 12 18 3 0 0 )
#( 0 5 5 15 6 0 0 )
#( 1 4 11 17 1 0 0 )
#( 1 4 13 18 10 0 0 )
#( 0 3 18 15 6 0 0 )
#( 0 8 9 16 5 0 0 )
#( 0 6 9 9 12 3 0 )
#( 0 3 6 7 5 2 0 )
