34
;
#(1.0 1.0 1.0 0.0 0.0 0.0 B )
#(0.8438 0.5625 1.0 0.1563 0.4375 0.0 R )
#(1.0 1.0 1.0 0.0 0.0 0.0 B )
#(0.9063 1.0 1.0 0.0938 0.0 0.0 L )
#(1.0 0.9375 1.0 0.0 0.0625 0.0 R )
#(0.9688 0.7813 1.0 0.0313 0.2188 0.0 R )
#(1.0 0.6875 1.0 0.0 0.3125 0.0 R )
#(1.0 0.8125 1.0 0.0 0.1875 0.0 R )
#(1.0 0.75 1.0 0.0 0.25 0.0 R )
#(0.875 0.9219 1.0 0.125 0.0781 0.0 L )
#(0.875 0.875 1.0 0.125 0.125 0.0 B )
#(1.0 1.0 1.0 0.0 0.0 0.0 B )
#(0.9375 0.9375 0.9375 0.0625 0.0625 0.0625 B )
#(1.0 0.8125 1.0 0.0 0.1875 0.0 R )
#(1.0 1.0 1.0 0.0 0.0 0.0 B )
#(1.0 1.0 1.0 0.0 0.0 0.0 B )
#(1.0 1.0 1.0 0.0 0.0 0.0 B )
#(0.8594 1.0 1.0 0.1406 0.0 0.0 L )
#(1.0 0.8594 1.0 0.0 0.1406 0.0 R )
#(1.0 0.7656 1.0 0.0 0.2344 0.0 R )
#(0.9688 0.9375 1.0 0.0313 0.0625 0.0 R )
#(0.875 0.625 1.0 0.125 0.375 0.0 R )
#(1.0 1.0 1.0 0.0 0.0 0.0 B )
#(0.8438 1.0 1.0 0.1563 0.0 0.0 L )
#(1.0 1.0 1.0 0.0 0.0 0.0 B )
#(0.9688 0.7813 1.0 0.0313 0.2188 0.0 R )
#(1.0 0.625 1.0 0.0 0.375 0.0 R )
#(1.0 1.0 1.0 0.0 0.0 0.0 B )
#(1.0 0.75 1.0 0.0 0.25 0.0 R )
#(1.0 0.8125 1.0 0.0 0.1875 0.0 R )
#(0.75 0.9844 1.0 0.25 0.0156 0.0 L )
#(0.9844 0.8594 1.0 0.0156 0.1406 0.0 R )
#(1.0 1.0 1.0 0.0 0.0 0.0 B )
#(0.75 0.75 0.75 0.25 0.25 0.25 B )
