34
;
#(8 0 6 19 5 2 0 0 0 0 )
#(8 12 3 3 1 2 0 0 0 0 )
#(13 0 5 16 11 0 0 0 0 0 )
#(20 13 1 9 0 0 0 0 0 0 )
#(45 12 6 1 0 0 0 0 0 0 )
#(35 1 12 5 0 1 0 0 0 0 )
#(49 5 5 5 0 0 0 0 0 0 )
#(51 6 7 0 0 0 0 0 0 0 )
#(33 30 0 1 0 0 0 0 0 0 )
#(45 4 6 2 0 0 0 0 0 0 )
#(48 10 9 0 0 0 0 0 0 0 )
#(40 1 12 11 0 0 0 0 0 0 )
#(7 0 6 15 5 1 0 0 0 0 )
#(15 0 3 21 1 0 0 0 0 0 )
#(42 12 4 5 1 0 0 0 0 0 )
#(35 18 4 7 0 0 0 0 0 0 )
#(35 18 4 7 0 0 0 0 0 0 )
#(44 9 12 2 0 0 0 0 0 0 )
#(48 15 4 0 0 0 0 0 0 0 )
#(40 6 7 3 2 0 0 0 0 0 )
#(9 4 3 16 5 2 0 0 0 0 )
#(15 13 3 3 0 2 0 0 0 0 )
#(31 33 0 0 0 0 0 0 0 0 )
#(21 12 7 0 0 0 0 0 0 0 )
#(44 16 2 2 0 0 0 0 0 0 )
#(36 1 10 6 0 1 0 0 0 0 )
#(48 0 11 5 0 0 0 0 0 0 )
#(48 9 6 1 0 0 0 0 0 0 )
#(34 27 0 3 0 0 0 0 0 0 )
#(47 6 3 2 1 0 0 0 0 0 )
#(50 11 6 0 0 0 0 0 0 0 )
#(47 4 4 0 2 1 0 0 0 0 )
#(40 1 9 14 0 0 0 0 0 0 )
#(0 0 0 1 2 0 0 0 0 0 )
