51
;
#(44 80 36 49 36 13 44 )
#(49 85 33 47 36 14 52 )
#(68 84 32 69 16 37 52 )
#(44 88 32 61 44 29 56 )
#(51 88 31 51 37 20 57 )
#(67 75 43 51 8 8 32 )
#(67 87 43 51 20 8 44 )
#(67 85 35 51 18 16 50 )
#(69 88 37 73 19 36 51 )
#(57 87 37 71 30 34 50 )
#(55 88 39 63 33 24 49 )
#(63 76 44 64 13 20 32 )
#(67 88 32 61 21 29 56 )
#(68 88 44 69 20 25 44 )
#(59 87 44 58 28 14 43 )
#(59 87 44 58 28 14 43 )
#(44 85 35 49 41 14 50 )
#(49 85 29 61 36 32 56 )
#(65 73 53 61 8 8 20 )
#(66 74 43 62 8 19 31 )
#(66 78 38 51 12 13 40 )
#(63 78 30 44 15 14 48 )
#(60 81 32 61 21 29 49 )
#(60 80 32 44 20 12 48 )
#(60 75 32 44 15 12 43 )
#(44 80 30 49 36 19 50 )
#(44 85 35 48 41 13 50 )
#(49 85 32 69 36 37 53 )
#(56 80 32 69 24 37 48 )
#(60 68 48 56 8 8 20 )
#(60 80 48 56 20 8 32 )
#(60 78 40 56 18 16 38 )
#(62 83 42 66 21 24 41 )
#(57 81 30 64 24 34 51 )
#(48 76 32 56 28 24 44 )
#(56 76 37 57 20 20 39 )
#(60 88 37 69 28 32 51 )
#(61 80 37 68 19 31 43 )
#(52 80 37 51 28 14 43 )
#(49 80 33 51 31 18 47 )
#(45 85 31 52 40 21 54 )
#(45 85 30 64 40 34 55 )
#(60 80 48 56 20 8 32 )
#(60 85 47 56 25 9 38 )
#(61 85 30 61 24 31 55 )
#(56 88 30 62 32 32 58 )
#(60 81 32 66 21 34 49 )
#(54 68 31 51 14 20 37 )
#(52 80 37 51 28 14 43 )
#(56 88 37 76 32 39 51 )
#(61 73 37 49 12 12 36 )
