#( 8 29 21 29 17 0 0 )
#( 16 17 12 20 31 6 0 )
#( 1 1 10 42 49 0 0 )
#( 1 18 25 24 16 3 0 )
#( 3 14 22 23 28 5 0 )
#( 0 28 36 21 4 0 0 )
#( 0 28 36 21 27 7 0 )
#( 3 51 10 7 12 1 0 )
#( 0 6 2 32 40 11 0 )
#( 0 6 25 49 15 3 0 )
#( 0 2 44 41 10 1 0 )
#( 0 2 31 58 20 0 0 )
#( 2 18 36 33 58 14 0 )
#( 0 2 24 36 37 9 0 )
#( 0 16 49 11 14 3 0 )
#( 0 16 56 26 6 4 0 )
#( 4 29 26 30 15 2 0 )
#( 13 14 13 21 39 7 0 )
#( 0 0 27 51 11 0 0 )
#( 0 2 18 34 34 0 0 )
#( 0 23 3 28 36 0 0 )
#( 23 14 0 21 37 0 0 )
#( 32 33 13 15 5 0 0 )
#( 32 32 1 35 23 0 0 )
#( 32 32 3 30 10 0 0 )
#( 2 19 13 20 10 0 0 )
#( 16 21 17 27 21 2 0 )
#( 9 9 11 29 41 4 0 )
#( 1 1 20 34 33 0 0 )
#( 0 8 61 19 0 0 0 )
#( 0 8 61 28 22 0 0 )
#( 0 28 37 10 9 0 0 )
#( 0 4 22 30 35 0 0 )
#( 4 24 29 31 11 0 0 )
#( 1 13 61 27 1 0 0 )
#( 0 8 61 51 7 0 0 )
#( 0 3 37 55 47 10 0 )
#( 0 11 31 31 25 0 0 )
#( 0 32 40 15 8 0 0 )
#( 8 33 45 29 3 0 0 )
#( 22 30 24 29 31 4 0 )
#( 14 25 34 38 17 1 0 )
#( 0 4 34 50 3 0 0 )
#( 0 12 56 24 22 2 0 )
#( 3 15 20 22 19 2 0 )
#( 4 9 14 20 23 4 0 )
#( 1 10 33 30 16 0 0 )
#( 2 18 24 5 0 0 0 )
#( 0 32 33 15 11 0 0 )
#( 0 12 24 37 31 6 0 )
#( 0 3 1 3 1 0 0 )
