51
;
#(20 0 11 11 0 0 0 42 0 0 0 20)
#(31 0 0 3 11 5 5 19 19 0 9 0)
#(10 0 12 8 0 8 2 44 4 2 0 13)
#(22 0 0 13 0 0 4 39 4 0 0 5)
#(27 0 18 13 0 0 17 0 1 19 0 0)
#(4 0 36 0 0 0 13 11 0 10 15 0)
#(4 0 46 0 0 0 18 18 0 16 17 0)
#(11 2 11 10 0 8 3 11 6 5 15 2)
#(21 1 6 17 0 4 2 7 20 1 12 0)
#(20 2 1 19 0 7 0 10 25 1 13 0)
#(9 5 30 4 2 0 8 14 4 4 18 0)
#(13 0 36 3 0 0 9 19 0 10 21 0)
#(18 0 46 20 0 0 18 20 0 10 29 0)
#(16 0 22 7 0 0 7 20 4 10 22 0)
#(6 0 23 0 0 0 8 36 0 16 4 0)
#(2 0 28 0 0 16 2 42 0 8 6 4)
#(38 0 1 6 18 0 0 39 0 0 4 0)
#(37 0 0 0 14 12 0 15 19 0 10 0)
#(36 0 0 0 13 11 0 10 15 0 4 0)
#(18 19 0 0 4 17 6 5 8 0 9 2)
#(5 28 1 0 4 17 9 4 10 0 8 4)
#(12 0 19 13 0 15 3 22 5 1 0 5)
#(5 0 5 4 0 5 0 73 3 0 2 1)
#(10 0 7 9 0 11 0 72 7 0 5 2)
#(14 0 7 7 0 8 0 64 0 0 0 7)
#(20 0 2 11 0 2 0 25 2 0 1 1)
#(13 0 11 0 11 0 0 40 0 0 9 20)
#(23 0 6 7 0 9 6 24 20 1 0 7)
#(9 0 6 4 0 4 5 43 6 1 0 11)
#(11 0 10 14 0 4 0 36 0 0 0 13)
#(18 0 16 17 0 4 0 46 0 0 0 18)
#(15 6 5 15 2 11 2 11 7 1 6 3)
#(7 20 1 12 0 21 2 5 16 0 5 2)
#(10 24 1 13 0 19 4 1 21 2 4 0)
#(20 0 6 21 0 7 3 38 0 0 0 8)
#(22 0 11 27 0 14 0 41 3 0 0 9)
#(23 0 21 24 0 20 0 36 4 0 0 24)
#(24 2 11 16 0 12 0 23 5 0 0 5)
#(31 0 20 3 0 7 0 25 0 0 0 9)
#(52 0 4 5 4 9 0 20 11 0 12 1)
#(37 0 2 30 0 14 11 20 14 12 0 0)
#(13 0 19 11 0 18 10 9 16 14 6 13)
#(12 0 9 16 0 8 0 38 0 0 0 8)
#(22 0 10 14 4 12 0 34 0 0 4 16)
#(23 5 0 0 4 23 0 6 20 0 0 0)
#(16 6 0 14 0 7 10 7 8 6 0 0)
#(13 3 9 11 3 10 3 16 9 3 3 7)
#(16 0 10 1 0 3 2 13 0 0 0 4)
#(36 0 16 4 0 4 0 25 0 0 0 6)
#(39 0 0 35 0 0 0 36 0 0 0 0)
#(4 0 0 2 0 0 0 2 0 0 0 0)
