51
;
#(0.9688 1.0 1.0 0.0313 0.0 0.0 L )
#(0.9531 1.0 1.0 0.0469 0.0 0.0 L )
#(1.0 1.0 1.0 0.0 0.0 0.0 B )
#(0.9844 1.0 1.0 0.0156 0.0 0.0 L )
#(0.9688 1.0 1.0 0.0313 0.0 0.0 L )
#(1.0 1.0 1.0 0.0 0.0 0.0 B )
#(1.0 1.0 1.0 0.0 0.0 0.0 B )
#(1.0 0.8906 1.0 0.0 0.0078 0.0 R )
#(1.0 0.7031 1.0 0.0 0.1875 0.0 R )
#(1.0 0.5 1.0 0.0 0.5 0.0 R )
#(1.0 1.0 1.0 0.0 0.0 0.0 B )
#(0.9063 1.0 1.0 0.0938 0.0 0.0 L )
#(1.0 1.0 1.0 0.0 0.0 0.0 B )
#(0.7813 1.0 1.0 0.2188 0.0 0.0 L )
#(0.875 1.0 1.0 0.125 0.0 0.0 L )
#(1.0 1.0 1.0 0.0 0.0 0.0 B )
#(0.9844 1.0 1.0 0.0156 0.0 0.0 L )
#(0.9688 1.0 1.0 0.0313 0.0 0.0 L )
#(1.0 1.0 1.0 0.0 0.0 0.0 B )
#(1.0 1.0 1.0 0.0 0.0 0.0 B )
#(1.0 1.0 1.0 0.0 0.0 0.0 B )
#(1.0 1.0 1.0 0.0 0.0 0.0 B )
#(1.0 1.0 1.0 0.0 0.0 0.0 B )
#(1.0 1.0 1.0 0.0 0.0 0.0 B )
#(1.0 1.0 1.0 0.0 0.0 0.0 B )
#(0.9844 1.0 1.0 0.0156 0.0 0.0 L )
#(0.9688 1.0 1.0 0.0313 0.0 0.0 L )
#(0.9688 1.0 1.0 0.0313 0.0 0.0 L )
#(1.0 1.0 1.0 0.0 0.0 0.0 B )
#(0.9375 1.0 1.0 0.0625 0.0 0.0 L )
#(1.0 1.0 1.0 0.0 0.0 0.0 B )
#(1.0 0.875 1.0 0.0 0.0 0.0 R )
#(1.0 0.6875 1.0 0.0 0.1875 0.0 R )
#(0.875 0.5625 0.875 0.0 0.3125 0.0 R )
#(1.0 1.0 1.0 0.0 0.0 0.0 B )
#(0.9063 1.0 1.0 0.0938 0.0 0.0 L )
#(0.9688 1.0 1.0 0.0313 0.0 0.0 L )
#(0.6875 1.0 1.0 0.3125 0.0 0.0 L )
#(1.0 1.0 1.0 0.0 0.0 0.0 B )
#(1.0 1.0 1.0 0.0 0.0 0.0 B )
#(0.9453 0.7344 0.9609 0.0547 0.0156 0.0391 R )
#(0.8359 0.25 0.8516 0.1641 0.0 0.1484 R )
#(1.0 1.0 1.0 0.0 0.0 0.0 B )
#(1.0 1.0 1.0 0.0 0.0 0.0 B )
#(0.75 0.75 0.75 0.0 0.0 0.0 B )
#(0.7708 0.5313 0.7813 0.0104 0.0 0.0 R )
#(1.125 0.7188 1.125 0.0 0.8125 0.0 R )
#(0.3125 1.0 1.0 0.6875 0.0 0.0 L )
#(1.0 1.0 1.0 0.0 0.0 0.0 B )
#(0.6875 0.6875 0.6875 0.0625 0.0625 0.0625 B )
#(0.25 0.25 0.25 0.75 0.75 0.75 B )
