51
;
#(30 26 0 0 2 2 0 0 0 0 )
#(29 23 0 4 1 1 0 0 0 0 )
#(31 26 5 0 1 0 0 0 0 0 )
#(23 13 10 2 0 0 0 0 0 0 )
#(32 28 1 1 0 0 0 0 0 0 )
#(42 21 0 0 1 0 0 0 0 0 )
#(36 1 27 0 0 0 0 0 0 0 )
#(52 4 5 1 1 0 0 0 0 0 )
#(34 8 0 5 1 0 0 2 0 0 )
#(48 0 0 7 0 1 0 2 0 0 )
#(28 0 10 10 0 0 0 0 0 0 )
#(3 0 8 21 0 0 0 0 0 0 )
#(0 0 0 1 29 2 0 0 0 0 )
#(7 0 0 24 1 0 0 0 0 0 )
#(50 6 1 7 0 0 0 0 0 0 )
#(28 32 0 4 0 0 0 0 0 0 )
#(31 27 0 0 3 1 0 0 0 0 )
#(32 19 0 0 5 2 0 0 0 0 )
#(42 21 0 0 1 0 0 0 0 0 )
#(40 24 0 0 0 0 0 0 0 0 )
#(38 26 0 0 0 0 0 0 0 0 )
#(37 24 2 1 0 0 0 0 0 0 )
#(44 13 0 7 0 0 0 0 0 0 )
#(44 1 0 18 1 0 0 0 0 0 )
#(41 9 9 4 1 0 0 0 0 0 )
#(15 13 0 0 1 3 0 0 0 0 )
#(30 26 0 0 2 2 0 0 0 0 )
#(29 22 3 4 1 0 0 0 0 0 )
#(24 14 11 1 0 0 0 0 0 0 )
#(43 20 0 0 1 0 0 0 0 0 )
#(36 1 27 0 0 0 0 0 0 0 )
#(40 8 6 0 2 0 0 0 0 0 )
#(35 7 0 4 2 0 0 2 0 0 )
#(47 0 2 6 0 0 2 1 0 0 )
#(14 0 15 11 0 0 0 0 0 0 )
#(3 0 0 21 8 0 0 0 0 0 )
#(1 0 0 6 23 2 0 0 0 0 )
#(19 2 1 18 0 0 0 0 0 0 )
#(51 4 0 9 0 0 0 0 0 0 )
#(22 35 4 2 0 1 0 0 0 0 )
#(34 18 5 0 3 3 2 1 0 0 )
#(48 8 0 2 9 2 0 0 0 0 )
#(42 18 3 1 0 0 0 0 0 0 )
#(38 0 26 0 0 0 0 0 0 0 )
#(41 1 7 0 2 0 1 0 0 0 )
#(51 4 0 2 0 0 1 0 0 0 )
#(51 16 1 1 0 0 0 0 0 0 )
#(25 6 0 3 0 0 0 0 0 0 )
#(53 3 0 8 0 0 0 0 0 0 )
#(0 30 0 9 0 1 0 1 0 0 )
#(0 0 0 0 0 0 0 1 0 0 )
