28
;
#(69 86 41 65 17 24 45 )
#(57 79 46 63 22 17 33 )
#(67 86 58 65 19 7 28 )
#(65 84 34 67 19 33 50 )
#(76 84 41 72 8 31 43 )
#(71 86 45 72 15 27 41 )
#(69 84 43 70 15 27 41 )
#(64 84 41 70 20 29 43 )
#(58 86 41 70 28 29 45 )
#(57 82 41 60 25 19 41 )
#(64 77 57 69 13 12 20 )
#(64 86 46 63 22 17 40 )
#(62 84 48 68 22 20 36 )
#(66 82 46 63 16 17 36 )
#(67 79 55 70 12 15 24 )
#(67 82 51 63 15 12 31 )
#(67 82 41 72 15 31 41 )
#(69 86 46 72 17 26 40 )
#(57 79 41 63 22 22 38 )
#(67 82 58 63 15 5 24 )
#(69 86 34 67 17 33 52 )
#(65 77 41 70 12 29 36 )
#(66 79 51 65 13 14 28 )
#(64 87 36 75 23 39 51 )
#(63 89 46 75 26 29 43 )
#(63 89 46 65 26 19 43 )
#(58 81 34 62 23 28 47 )
#(72 82 46 58 10 12 36 )
