#(0.8125 0.625 0.8125 0.1875 0.375 0.1875 R )
#(0.9063 0.875 0.9375 0.0938 0.125 0.0625 R )
#(0.9531 0.9375 1.0 0.0469 0.0625 0.0 R )
#(0.9063 0.6875 1.0 0.0938 0.3125 0.0 R )
#(0.875 0.6563 0.9688 0.125 0.3438 0.0313 R )
#(0.9219 0.5938 1.0 0.0781 0.4063 0.0 R )
#(0.8906 0.875 1.0 0.1094 0.125 0.0 R )
#(0.875 1.0 1.0 0.125 0.0 0.0 L )
#(0.875 0.8125 1.0 0.125 0.1875 0.0 R )
#(0.7188 0.9375 0.9375 0.2813 0.0625 0.0625 L )
#(0.8438 1.0 1.0 0.1563 0.0 0.0 L )
#(0.8125 0.875 0.9375 0.1875 0.125 0.0625 L )
#(0.7083 0.75 1.0 0.2917 0.25 0.0 L )
#(0.8333 0.625 0.875 0.1667 0.375 0.125 R )
#(1.0 1.0 1.0 0.0 0.0 0.0 B )
#(0.8125 0.875 1.0 0.1875 0.125 0.0 L )
#(0.9375 0.5625 0.9375 0.0625 0.4375 0.0625 R )
#(0.9063 0.5625 0.9063 0.0938 0.4375 0.0938 R )
#(0.8125 0.75 0.8125 0.1875 0.25 0.1875 R )
#(0.9375 1.0 1.0 0.0625 0.0 0.0 L )
#(0.9531 0.6875 1.0 0.0469 0.3125 0.0 R )
#(0.8125 0.5938 0.9688 0.1875 0.4063 0.0313 R )
#(0.9219 0.7188 1.0 0.0781 0.2813 0.0 R )
#(0.9219 0.75 1.0 0.0781 0.25 0.0 R )
#(0.875 1.0 1.0 0.125 0.0 0.0 L )
#(0.875 0.9063 1.0 0.125 0.0938 0.0 L )
#(0.5625 0.9375 1.0 0.4375 0.0625 0.0 L )
#(0.75 0.75 0.75 0.25 0.25 0.25 B )
