#(21 0 3 1 3 0 0 0 0 0 )
#(24 5 8 1 0 0 0 0 0 0 )
#(25 6 21 0 0 0 0 0 0 0 )
#(49 6 5 0 0 0 0 0 0 0 )
#(19 13 0 0 0 0 0 0 0 0 )
#(50 5 2 0 0 0 0 0 0 0 )
#(47 17 1 0 0 0 0 0 0 0 )
#(39 24 0 1 0 0 0 0 0 0 )
#(24 19 1 2 0 0 0 0 0 0 )
#(25 4 10 2 1 0 0 0 0 0 )
#(40 23 0 0 1 0 0 0 0 0 )
#(35 3 3 1 0 0 0 0 0 0 )
#(46 2 0 0 0 0 0 0 0 0 )
#(30 10 4 1 1 0 0 0 0 0 )
#(40 23 0 1 0 0 0 0 0 0 )
#(38 8 1 0 1 0 0 0 0 0 )
#(43 0 3 0 3 1 0 0 0 0 )
#(31 0 4 0 2 0 0 0 0 0 )
#(24 1 4 2 1 0 0 0 0 0 )
#(14 8 24 0 0 0 0 0 0 0 )
#(46 6 6 0 0 0 0 0 0 0 )
#(30 9 0 0 0 0 0 0 0 0 )
#(38 11 1 0 0 0 0 0 0 0 )
#(53 10 2 0 0 0 0 0 0 0 )
#(39 24 0 1 0 0 0 0 0 0 )
#(27 21 1 2 0 0 0 0 0 0 )
#(31 8 10 2 0 0 0 0 0 0 )
#(0 1 0 0 1 0 0 0 0 0 )
