#(0.9375 1.0 1.0 0.0625 0.0 0.0 L )
#(0.7813 0.6875 1.0 0.2188 0.3125 0.0 R )
#(0.875 0.75 0.9375 0.125 0.25 0.0625 R )
#(0.8906 0.6563 1.0 0.1094 0.3438 0.0 R )
#(0.9531 0.8438 1.0 0.0469 0.1563 0.0 R )
#(0.7813 0.875 1.0 0.2188 0.125 0.0 L )
#(0.7813 0.8125 0.9375 0.2188 0.1875 0.0625 L )
#(0.9063 1.0 1.0 0.0938 0.0 0.0 L )
#(1.0 0.8125 1.0 0.0 0.1875 0.0 R )
#(0.875 0.9375 1.0 0.125 0.0625 0.0 L )
#(0.9375 0.875 1.0 0.0625 0.125 0.0 R )
#(0.7188 0.8438 0.8438 0.2813 0.1563 0.1563 L )
#(0.8906 0.6563 1.0 0.1094 0.3438 0.0 R )
#(0.9531 0.8438 1.0 0.0469 0.1563 0.0 R )
#(0.7813 0.6875 1.0 0.2188 0.3125 0.0 R )
#(0.8125 0.6875 0.9375 0.1875 0.3125 0.0625 R )
