21
;
#(53 72 45 61 19 16 27 )
#(62 79 39 63 17 24 40 )
#(63 82 51 60 19 9 31 )
#(62 77 46 65 15 19 31 )
#(67 80 46 65 13 19 34 )
#(65 86 50 67 21 17 36 )
#(69 86 50 67 17 17 36 )
#(62 84 41 65 22 24 43 )
#(65 82 41 70 17 29 41 )
#(62 75 41 45 13 4 34 )
#(63 80 46 63 17 17 34 )
#(62 80 46 60 18 14 34 )
#(62 84 46 65 22 19 38 )
#(53 80 39 63 27 24 41 )
#(63 82 46 63 19 17 36 )
#(62 84 51 68 22 17 33 )
#(70 82 39 70 12 31 43 )
#(62 77 44 63 15 19 33 )
#(58 86 43 70 28 27 43 )
#(68 89 46 72 21 26 43 )
#(62 77 39 56 15 17 38 )
