21
;
#(7 1 8 0 10 7 1 10 0 5 1 3)
#(12 0 4 0 17 7 0 12 1 7 1 5)
#(20 0 18 0 16 12 1 12 0 3 0 6)
#(9 0 11 0 1 0 4 10 0 8 0 10)
#(15 1 13 1 5 3 2 11 1 6 0 12)
#(11 1 22 0 7 0 5 16 0 13 0 14)
#(11 1 19 0 6 0 7 15 1 12 1 15)
#(6 2 10 1 6 6 3 9 0 7 1 9)
#(1 1 12 1 4 4 0 5 0 3 5 0)
#(11 0 4 1 4 2 1 0 4 11 0 3)
#(6 1 2 0 6 10 0 14 0 22 6 0)
#(8 7 9 8 1 29 0 4 1 11 3 4)
#(6 0 9 0 10 12 0 15 0 5 0 7)
#(10 2 7 2 11 8 5 13 4 11 2 6)
#(16 0 9 0 21 8 0 19 1 3 0 4)
#(15 1 15 1 11 12 2 12 1 3 0 6)
#(20 0 11 0 15 9 0 9 1 2 4 4)
#(20 0 8 0 10 11 1 20 3 7 1 8)
#(16 0 14 1 15 12 1 18 0 7 0 6)
#(12 1 9 0 15 10 0 14 0 5 3 6)
#(11 0 8 0 6 6 0 1 0 0 0 3)
