21
;
#(0.9896 0.75 1.0 0.0104 0.25 0.0 R )
#(0.9583 0.875 1.0 0.0417 0.125 0.0 R )
#(1.0 0.9583 1.0 0.0 0.0417 0.0 R )
#(0.9167 0.7917 1.0 0.0833 0.2083 0.0 R )
#(0.875 0.9167 1.0 0.125 0.0833 0.0 L )
#(0.9583 0.9583 1.0 0.0417 0.0417 0.0 B )
#(0.9688 0.9167 1.0 0.0313 0.0833 0.0 R )
#(0.9167 1.0 1.0 0.0833 0.0 0.0 L )
#(0.8333 0.9167 1.0 0.1667 0.0833 0.0 L )
#(0.9167 1.0 1.0 0.0833 0.0 0.0 L )
#(0.9583 1.0 1.0 0.0417 0.0 0.0 L )
#(1.0 1.0 1.0 0.0 0.0 0.0 B )
#(0.9583 0.7083 0.9583 0.0417 0.2917 0.0417 R )
#(1.0 0.8333 1.0 0.0 0.1667 0.0 R )
#(0.9583 0.9583 1.0 0.0417 0.0417 0.0 B )
#(0.9167 0.9583 1.0 0.0833 0.0417 0.0 L )
#(0.875 0.7917 1.0 0.125 0.2083 0.0 R )
#(0.9583 0.9583 1.0 0.0417 0.0417 0.0 B )
#(1.0 0.9583 1.0 0.0 0.0417 0.0 R )
#(0.8958 0.9167 1.0 0.1042 0.0833 0.0 L )
#(0.9444 0.8333 0.9444 0.0556 0.1667 0.0556 R )
