#(21 4 8 0 0 0 0 0 0 0 )
#(31 2 9 1 0 0 0 0 0 0 )
#(18 18 6 4 0 0 0 0 0 0 )
#(21 5 6 1 0 0 0 0 0 0 )
#(22 6 8 3 0 0 0 0 0 0 )
#(23 6 10 6 0 0 0 0 0 0 )
#(25 6 9 6 0 0 0 0 0 0 )
#(15 12 7 0 0 0 0 0 0 0 )
#(18 3 4 0 0 0 0 0 0 0 )
#(15 8 2 1 0 0 0 0 0 0 )
#(25 7 8 1 0 0 0 0 0 0 )
#(24 3 9 7 0 0 0 0 0 0 )
#(20 7 2 6 0 0 0 0 0 0 )
#(53 3 6 1 0 0 0 0 0 0 )
#(28 13 9 0 0 0 0 0 0 0 )
#(33 11 8 0 0 0 0 0 0 0 )
#(19 6 3 7 0 0 1 0 0 0 )
#(27 5 12 4 0 0 0 0 0 0 )
#(20 6 10 7 0 0 0 0 0 0 )
#(28 11 3 4 0 0 0 0 0 0 )
#(0 4 6 1 1 0 0 0 0 0 )
