#( 0 5 15 24 0 0 0 )
#( 0 6 12 16 8 0 0 )
#( 1 6 15 12 12 11 0 )
#( 0 5 13 14 11 0 0 )
#( 0 5 8 11 15 9 0 )
#( 0 6 12 17 8 0 0 )
#( 1 4 17 11 10 11 0 )
#( 0 6 18 21 6 0 0 )
#( 0 4 15 17 5 0 0 )
#( 1 4 12 10 6 6 0 )
#( 4 5 15 9 14 14 0 )
#( 4 9 17 8 13 11 0 )
#( 1 4 17 12 14 14 0 )
#( 0 2 14 19 17 7 0 )
#( 0 6 12 14 7 6 0 )
#( 1 6 15 14 13 5 0 )
#( 0 5 12 14 13 3 0 )
#( 0 5 9 12 13 6 0 )
#( 0 6 12 14 7 6 0 )
#( 1 4 18 15 9 5 0 )
#( 0 6 18 20 6 0 0 )
#( 0 4 14 16 8 0 0 )
#( 1 4 15 19 14 3 0 )
#( 1 4 15 16 12 0 0 )
#( 2 6 14 15 23 5 0 )
#( 1 8 7 14 8 0 0 )
#( 0 5 10 15 9 0 0 )
#( 1 7 12 11 11 11 0 )
#( 0 5 15 16 10 0 0 )
#( 0 5 11 11 15 8 0 )
#( 0 5 10 16 10 1 0 )
#( 1 5 14 11 10 11 0 )
#( 0 4 20 20 4 0 0 )
#( 0 6 12 21 13 0 0 )
#( 0 1 2 4 13 11 1 )
#( 2 2 3 9 3 0 0 )
