#(10 0 2 4 9 2 0 7 2 7 0 1)
#(14 0 0 2 10 0 0 12 0 4 0 0)
#(8 0 2 2 6 11 0 14 2 8 0 4)
#(11 2 2 1 11 0 0 11 0 2 2 1)
#(9 0 12 2 4 1 4 7 0 3 0 6)
#(14 0 0 2 11 0 0 12 0 4 0 0)
#(7 0 2 3 9 8 0 14 2 4 0 5)
#(12 0 4 0 8 11 0 6 8 1 1 0)
#(9 0 5 0 8 3 0 10 0 1 0 5)
#(9 0 4 0 9 4 0 1 0 10 0 2)
#(7 0 2 0 21 8 0 0 6 9 0 8)
#(6 2 6 2 8 6 2 0 3 14 0 13)
#(4 0 6 0 24 12 0 0 2 12 0 2)
#(10 0 7 0 16 3 0 6 2 8 0 7)
#(10 0 0 2 6 5 0 10 2 8 0 2)
#(12 0 2 2 10 6 0 16 0 4 0 2)
#(12 2 6 3 11 0 2 6 0 2 2 1)
#(8 0 8 0 5 1 2 12 0 3 0 6)
#(10 0 0 2 6 5 0 10 2 8 0 2)
#(11 0 4 3 9 7 0 11 4 0 0 3)
#(12 0 2 0 12 7 0 11 4 1 1 0)
#(11 0 4 0 4 9 0 5 0 5 0 4)
#(4 0 7 0 5 12 0 10 0 8 0 10)
#(15 0 2 2 9 2 2 10 0 2 0 4)
#(9 0 4 1 9 9 2 10 2 13 0 6)
#(13 0 2 0 5 5 0 10 0 0 0 3)
#(3 0 12 0 3 0 0 11 0 0 1 9)
#(8 0 2 3 3 11 0 10 2 10 0 4)
#(14 0 0 1 14 0 0 15 0 2 0 0)
#(9 2 14 2 5 0 4 5 0 2 2 5)
#(11 0 0 1 10 1 0 14 0 3 0 2)
#(7 0 2 4 6 8 0 12 2 6 0 5)
#(13 0 4 0 8 8 0 7 8 0 0 0)
#(12 0 3 0 13 5 0 14 0 1 1 3)
#(11 0 0 0 9 1 0 10 0 0 0 1)
#(9 0 0 0 3 3 0 3 1 0 0 0)
