16
;
#(0.75 0.75 0.75 0.25 0.25 0.25 B )
#(0.75 0.75 0.75 0.25 0.25 0.25 B )
#(1.0 0.75 1.0 0.0 0.25 0.0 R )
#(0.9167 0.6667 0.9167 0.0 0.25 0.0 R )
#(2.5 2.5 2.5 0.0 0.0 0.0 B )
#(1.0 1.0 1.0 0.0 0.0 0.0 B )
#(0.9167 0.8333 0.9167 0.0833 0.1667 0.0833 R )
#(0.9167 0.8333 0.9167 0.0833 0.1667 0.0833 R )
#(0.8333 0.75 0.8333 0.1667 0.25 0.1667 R )
#(1.0 0.875 1.0 0.125 0.25 0.125 R )
#(1.0 1.0 1.0 0.0 0.0 0.0 B )
#(0.75 0.6667 0.75 0.0 0.0833 0.0 R )
#(1.0 1.0 1.0 0.0 0.0 0.0 B )
#(1.0 1.0 1.0 0.0 0.0 0.0 B )
#(1.0 1.0 1.0 0.0 0.0 0.0 B )
#(0.7778 0.4444 0.7778 0.1111 0.1111 0.1111 R )
