41
;
#(70 82 57 70 12 13 25 )
#(70 82 45 70 12 25 37 )
#(62 82 41 60 20 19 41 )
#(66 79 38 63 13 25 41 )
#(69 86 53 65 17 12 33 )
#(67 84 53 70 17 17 31 )
#(64 86 46 70 22 24 40 )
#(67 82 52 65 15 13 30 )
#(73 86 57 74 13 17 29 )
#(74 89 58 74 15 16 31 )
#(69 82 59 72 13 13 23 )
#(70 82 47 70 12 23 35 )
#(70 82 45 63 12 18 37 )
#(66 82 48 67 16 19 34 )
#(73 86 58 70 13 12 28 )
#(66 86 38 67 20 29 48 )
#(66 79 48 67 13 19 31 )
#(62 79 40 67 17 27 39 )
#(70 82 47 70 12 23 35 )
#(69 82 45 63 13 18 37 )
#(62 82 38 60 20 22 44 )
#(66 79 38 63 13 25 41 )
#(64 82 52 68 18 16 30 )
#(70 84 56 68 14 12 28 )
#(70 84 51 77 14 26 33 )
#(70 80 58 71 10 13 22 )
#(69 82 58 70 13 12 24 )
#(65 84 41 70 19 29 43 )
#(67 82 43 67 15 24 39 )
#(71 79 55 72 8 17 24 )
#(67 82 60 67 15 7 22 )
#(69 87 46 70 18 24 41 )
#(66 79 50 67 13 17 29 )
#(67 86 59 70 19 11 27 )
#(67 82 58 70 15 12 24 )
#(67 79 57 70 12 13 22 )
#(70 82 45 70 12 25 37 )
#(62 82 46 62 20 16 36 )
#(65 82 38 63 17 25 44 )
#(66 82 38 63 16 25 44 )
#(64 82 52 63 18 11 30 )
