41
;
#( 0 0 4 14 21 0 0 )
#( 0 3 14 9 27 0 0 )
#( 0 5 7 14 35 0 0 )
#( 0 9 11 23 14 0 0 )
#( 0 0 13 29 12 2 0 )
#( 0 0 9 27 19 2 0 )
#( 0 1 12 20 15 3 0 )
#( 0 0 29 25 24 0 0 )
#( 0 0 2 4 35 5 0 )
#( 0 0 1 15 26 11 0 )
#( 0 0 1 31 35 0 0 )
#( 0 1 4 16 25 0 0 )
#( 0 3 14 8 25 0 0 )
#( 0 0 10 14 12 0 0 )
#( 0 0 3 27 12 3 0 )
#( 0 7 9 13 17 5 0 )
#( 0 0 11 21 15 0 0 )
#( 0 2 7 12 7 0 0 )
#( 0 1 4 16 25 0 0 )
#( 0 3 14 10 29 0 0 )
#( 0 8 9 15 27 0 0 )
#( 0 5 12 26 18 0 0 )
#( 0 0 5 30 8 0 0 )
#( 0 0 2 38 11 1 0 )
#( 0 0 15 5 25 1 0 )
#( 0 0 1 24 22 0 0 )
#( 0 0 1 30 38 0 0 )
#( 0 4 8 20 18 2 0 )
#( 0 2 7 20 15 0 0 )
#( 0 0 6 24 7 0 0 )
#( 0 0 0 23 21 0 0 )
#( 0 1 19 31 21 6 0 )
#( 0 0 2 24 20 0 0 )
#( 0 0 1 30 19 8 0 )
#( 0 0 15 27 9 0 0 )
#( 0 0 4 18 18 0 0 )
#( 0 2 6 15 27 0 0 )
#( 0 2 11 15 26 0 0 )
#( 0 9 11 14 29 0 0 )
#( 0 4 12 24 17 0 0 )
#( 0 0 7 10 10 0 0 )
