#(7 1 4 0 5 6 0 8 0 5 0 3)
#(11 2 8 0 9 8 1 7 0 3 0 4)
#(13 0 10 0 7 10 1 9 0 5 0 6)
#(10 0 2 0 13 14 0 6 4 6 0 2)
#(18 0 2 1 13 4 1 12 0 0 0 5)
#(3 1 12 0 0 0 2 14 0 7 1 17)
#(11 0 5 1 4 0 3 6 1 10 0 10)
#(8 0 21 0 0 0 6 13 0 14 0 16)
#(7 0 4 2 8 2 2 6 1 4 0 10)
#(5 0 4 3 7 1 6 13 2 6 0 6)
#(7 1 3 1 7 6 5 20 0 11 0 6)
#(8 2 5 0 6 6 1 10 0 4 0 4)
#(14 0 9 1 9 8 0 4 0 2 0 3)
#(5 1 7 0 4 4 0 0 5 5 0 5)
#(5 1 2 4 10 6 0 1 1 14 0 1)
#(5 4 8 4 10 2 1 1 8 7 0 1)
#(5 1 9 0 5 5 0 2 4 10 0 6)
#(0 2 3 1 3 3 3 5 1 4 1 2)
#(8 2 5 0 6 6 1 10 0 4 0 4)
#(15 0 10 0 9 10 0 5 0 3 0 4)
#(11 0 6 0 11 10 1 8 2 5 0 5)
#(11 0 4 0 11 16 0 8 2 5 0 4)
#(7 0 2 0 6 5 3 7 0 6 6 1)
#(8 0 7 0 9 8 1 6 0 5 8 0)
#(8 0 6 0 6 7 1 4 0 6 7 1)
#(4 4 2 0 7 4 2 11 2 3 8 0)
#(7 2 8 2 8 15 2 6 6 5 3 5)
#(7 1 11 0 2 5 3 8 1 6 0 8)
#(7 1 7 0 3 2 4 10 0 6 0 4)
#(7 1 3 0 3 1 1 12 0 5 0 4)
#(5 0 8 0 6 6 1 11 0 3 0 4)
#(13 0 12 0 16 8 0 21 0 0 0 8)
#(5 1 4 0 10 7 0 4 2 8 2 3)
#(12 2 5 3 9 4 0 4 3 6 0 10)
#(19 0 7 0 7 4 0 2 0 5 4 3)
#(4 4 4 2 6 3 2 7 0 4 0 4)
#(8 2 6 0 7 9 1 9 0 3 0 5)
#(18 0 8 0 10 7 1 4 0 4 0 2)
#(10 0 6 0 10 13 0 10 2 6 0 6)
#(12 0 4 0 10 14 0 7 2 3 0 5)
#(8 0 1 0 2 2 4 5 0 0 0 5)
