41
;
#(0.875 0.6875 0.875 0.0 0.1875 0.0 R )
#(1.0 0.8125 1.0 0.0 0.1875 0.0 R )
#(1.0 0.5 1.0 0.0 0.5 0.0 R )
#(1.0 0.875 1.0 0.0 0.125 0.0 R )
#(0.875 0.8125 0.9375 0.125 0.1875 0.0625 R )
#(0.7708 1.0 1.0 0.2292 0.0 0.0 L )
#(0.7292 0.875 1.0 0.2708 0.125 0.0 L )
#(0.9375 1.0 1.0 0.0625 0.0 0.0 L )
#(0.9583 0.5 1.0 0.0417 0.5 0.0 R )
#(1.0 0.9063 1.0 0.0 0.0938 0.0 R )
#(1.75 1.0625 1.75 0.0 0.6875 0.0 R )
#(1.0 0.8125 1.0 0.0 0.1875 0.0 R )
#(1.0 0.6875 1.0 0.0 0.3125 0.0 R )
#(0.7188 0.7188 1.0 0.2813 0.2813 0.0 B )
#(0.9375 0.9375 0.9375 0.0625 0.0625 0.0625 B )
#(0.8438 0.7188 0.9375 0.1563 0.2813 0.0625 R )
#(0.7813 0.6875 0.8438 0.2188 0.3125 0.1563 R )
#(0.5625 0.5 0.5625 0.4375 0.5 0.4375 R )
#(1.0 0.8125 1.0 0.0 0.1875 0.0 R )
#(1.0 0.6875 1.0 0.0 0.3125 0.0 R )
#(1.0 0.6875 1.0 0.0 0.3125 0.0 R )
#(1.0 0.875 1.0 0.0 0.125 0.0 R )
#(0.75 0.6875 0.8125 0.25 0.3125 0.1875 R )
#(0.75 1.0 1.0 0.25 0.0 0.0 L )
#(0.75 1.0 1.0 0.25 0.0 0.0 L )
#(0.8125 0.625 0.875 0.1875 0.375 0.125 R )
#(0.9375 0.875 0.9375 0.0625 0.125 0.0625 R )
#(0.875 0.625 1.0 0.125 0.375 0.0 R )
#(0.9375 0.625 1.0 0.0625 0.375 0.0 R )
#(0.6875 1.0 1.0 0.3125 0.0 0.0 L )
#(0.8125 1.0 1.0 0.1875 0.0 0.0 L )
#(0.9375 1.0 1.0 0.0625 0.0 0.0 L )
#(0.9583 0.5 1.0 0.0417 0.5 0.0 R )
#(1.0 0.9063 1.0 0.0 0.0938 0.0 R )
#(1.0 1.0 1.0 0.0 0.0 0.0 B )
#(0.875 0.5625 1.0 0.125 0.4375 0.0 R )
#(1.0 0.8125 1.0 0.0 0.1875 0.0 R )
#(1.0 0.5 1.0 0.0 0.5 0.0 R )
#(1.0 0.875 1.0 0.0 0.125 0.0 R )
#(1.0 0.8125 1.0 0.0 0.1875 0.0 R )
#(0.75 0.4167 0.75 0.0833 0.4167 0.0833 R )
