41
;
#(13 1 8 0 0 0 0 0 0 0 )
#(16 1 10 0 1 0 0 0 0 0 )
#(38 3 4 0 1 0 0 0 0 0 )
#(14 3 7 4 0 0 0 0 0 0 )
#(23 4 7 1 0 0 0 0 0 0 )
#(43 2 2 1 0 0 0 0 0 0 )
#(40 1 3 0 0 0 0 0 0 0 )
#(40 12 2 2 0 0 0 0 0 0 )
#(34 6 0 0 0 0 0 0 0 0 )
#(13 14 1 1 1 0 0 0 0 0 )
#(39 2 4 3 0 0 0 0 0 0 )
#(15 2 9 0 0 0 0 0 0 0 )
#(16 0 8 0 2 0 0 0 0 0 )
#(28 4 0 0 0 0 0 0 0 0 )
#(13 12 0 2 0 0 0 0 0 0 )
#(6 17 1 2 0 0 0 0 0 0 )
#(6 13 1 1 0 0 0 1 0 0 )
#(1 0 3 0 2 0 0 1 0 0 )
#(15 2 9 0 0 0 0 0 0 0 )
#(20 1 8 0 2 0 0 0 0 0 )
#(29 4 6 1 0 0 0 0 0 0 )
#(18 2 9 3 0 0 0 0 0 0 )
#(6 10 3 2 0 0 0 0 0 0 )
#(16 13 2 1 0 0 0 0 0 0 )
#(20 11 0 1 0 0 0 0 0 0 )
#(5 21 0 0 0 0 0 0 0 0 )
#(21 18 4 0 0 0 0 0 0 0 )
#(31 6 3 0 0 0 0 0 0 0 )
#(25 6 1 1 0 0 0 0 0 0 )
#(22 6 1 0 0 0 0 0 0 0 )
#(24 5 2 1 0 0 0 0 0 0 )
#(40 12 2 2 0 0 0 0 0 0 )
#(34 6 0 0 0 0 0 0 0 0 )
#(6 22 1 0 1 0 0 0 0 0 )
#(24 1 3 4 0 0 0 0 0 0 )
#(20 4 4 0 0 0 0 0 0 0 )
#(16 2 10 0 0 0 0 0 0 0 )
#(29 0 5 0 2 0 0 0 0 0 )
#(24 5 7 2 0 0 0 0 0 0 )
#(13 3 10 2 0 0 0 0 0 0 )
#(2 4 3 2 0 0 0 0 0 0 )
