255
;
#( 0 1 14 17 5 0 0 )
#( 0 0 1 14 23 8 0 )
#( 0 0 2 14 12 9 0 )
#( 0 0 30 10 20 0 0 )
#( 0 0 38 16 12 0 0 )
#( 0 0 1 28 21 0 0 )
#( 0 0 1 16 25 0 0 )
#( 0 0 2 27 23 0 0 )
#( 0 1 3 14 31 0 0 )
#( 0 0 27 16 17 0 0 )
#( 0 3 21 25 9 0 0 )
#( 0 4 10 20 15 0 0 )
#( 0 2 44 19 8 0 0 )
#( 0 0 7 24 18 1 0 )
#( 0 0 1 30 26 0 0 )
#( 0 0 2 30 20 0 0 )
#( 0 1 14 15 11 3 0 )
#( 0 0 10 11 16 2 0 )
#( 0 0 17 15 21 1 0 )
#( 0 8 24 14 12 0 0 )
#( 0 0 49 9 17 0 0 )
#( 0 0 28 24 5 0 0 )
#( 0 0 10 33 7 0 0 )
#( 0 0 1 27 15 0 0 )
#( 0 0 0 10 33 7 0 )
#( 0 0 4 18 27 5 0 )
#( 0 4 20 14 15 8 0 )
#( 0 0 13 17 23 6 0 )
#( 0 6 14 17 16 4 0 )
#( 0 24 24 17 13 2 0 )
#( 1 3 1 3 5 0 0 )
#( 0 0 7 13 5 0 0 )
#( 0 4 6 12 10 0 0 )
#( 0 1 8 14 5 0 0 )
#( 0 5 6 13 9 0 0 )
#( 1 3 6 11 2 0 0 )
#( 0 0 6 18 8 0 0 )
#( 0 0 6 17 6 0 0 )
#( 0 0 3 16 12 1 0 )
#( 0 0 4 16 6 1 0 )
#( 0 0 9 9 13 0 0 )
#( 0 1 7 14 6 0 0 )
#( 0 4 7 14 8 0 0 )
#( 0 0 11 30 7 0 0 )
#( 0 8 14 14 9 0 0 )
#( 0 3 21 4 20 0 0 )
#( 0 2 10 10 27 0 0 )
#( 0 0 23 4 28 2 0 )
#( 0 2 18 0 12 0 0 )
#( 1 3 12 13 0 0 0 )
#( 2 2 2 4 0 0 0 )
#( 0 3 6 10 8 0 0 )
#( 0 3 6 9 6 0 0 )
#( 0 3 8 6 11 0 0 )
#( 0 1 1 5 17 1 0 )
#( 0 3 6 10 8 0 0 )
#( 0 4 12 17 6 0 0 )
#( 0 0 19 18 13 0 0 )
#( 0 0 12 22 20 0 0 )
#( 0 0 10 19 41 2 0 )
#( 0 0 0 3 17 0 0 )
#( 0 3 6 10 8 0 0 )
#( 0 3 8 11 6 0 0 )
#( 0 3 5 6 12 1 0 )
#( 0 2 4 9 11 0 0 )
#( 0 3 6 9 9 0 0 )
#( 0 24 0 8 10 0 0 )
#( 0 42 0 15 5 0 0 )
#( 1 24 0 7 10 0 0 )
#( 0 24 0 15 5 0 0 )
#( 1 0 7 17 8 4 0 )
#( 0 0 3 7 13 15 4 )
#( 0 3 6 10 8 0 0 )
#( 0 3 8 11 6 0 0 )
#( 0 3 5 6 12 1 0 )
#( 0 2 4 9 11 0 0 )
#( 0 3 6 9 9 0 0 )
#( 1 1 0 2 0 0 0 )
#( 8 29 21 29 17 0 0 )
#( 16 17 12 20 31 6 0 )
#( 1 1 10 42 49 0 0 )
#( 1 18 25 24 16 3 0 )
#( 3 14 22 23 28 5 0 )
#( 0 28 36 21 4 0 0 )
#( 0 28 36 21 27 7 0 )
#( 3 51 10 7 12 1 0 )
#( 0 6 2 32 40 11 0 )
#( 0 6 25 49 15 3 0 )
#( 0 2 44 41 10 1 0 )
#( 0 2 31 58 20 0 0 )
#( 2 18 36 33 58 14 0 )
#( 0 2 24 36 37 9 0 )
#( 0 16 49 11 14 3 0 )
#( 0 16 56 26 6 4 0 )
#( 4 29 26 30 15 2 0 )
#( 13 14 13 21 39 7 0 )
#( 0 0 27 51 11 0 0 )
#( 0 2 18 34 34 0 0 )
#( 0 23 3 28 36 0 0 )
#( 23 14 0 21 37 0 0 )
#( 32 33 13 15 5 0 0 )
#( 32 32 1 35 23 0 0 )
#( 32 32 3 30 10 0 0 )
#( 2 19 13 20 10 0 0 )
#( 16 21 17 27 21 2 0 )
#( 9 9 11 29 41 4 0 )
#( 1 1 20 34 33 0 0 )
#( 0 8 61 19 0 0 0 )
#( 0 8 61 28 22 0 0 )
#( 0 28 37 10 9 0 0 )
#( 0 4 22 30 35 0 0 )
#( 4 24 29 31 11 0 0 )
#( 1 13 61 27 1 0 0 )
#( 0 8 61 51 7 0 0 )
#( 0 3 37 55 47 10 0 )
#( 0 11 31 31 25 0 0 )
#( 0 32 40 15 8 0 0 )
#( 8 33 45 29 3 0 0 )
#( 22 30 24 29 31 4 0 )
#( 14 25 34 38 17 1 0 )
#( 0 4 34 50 3 0 0 )
#( 0 12 56 24 22 2 0 )
#( 3 15 20 22 19 2 0 )
#( 4 9 14 20 23 4 0 )
#( 1 10 33 30 16 0 0 )
#( 2 18 24 5 0 0 0 )
#( 0 32 33 15 11 0 0 )
#( 0 12 24 37 31 6 0 )
#( 0 3 1 3 1 0 0 )
#( 3 10 21 0 0 0 0 )
#( 3 11 16 7 0 0 0 )
#( 0 28 38 7 0 0 0 )
#( 0 17 22 15 0 0 0 )
#( 6 7 22 0 0 0 0 )
#( 2 12 17 7 0 0 0 )
#( 2 7 26 4 0 0 0 )
#( 1 5 25 16 6 0 0 )
#( 0 14 12 9 1 0 0 )
#( 0 2 8 30 4 0 0 )
#( 0 6 11 23 11 0 0 )
#( 0 0 28 26 6 0 0 )
#( 0 0 27 29 7 0 0 )
#( 0 0 7 52 23 0 0 )
#( 0 0 0 45 36 9 0 )
#( 0 0 5 30 59 5 0 )
#( 0 0 2 9 44 29 0 )
#( 0 0 2 24 48 1 0 )
#( 0 0 0 12 55 12 0 )
#( 0 0 2 11 64 9 0 )
#( 0 0 1 14 45 44 0 )
#( 1 4 21 16 1 0 0 )
#( 1 10 15 12 3 0 0 )
#( 0 22 21 11 4 0 0 )
#( 0 8 15 25 18 0 0 )
#( 0 0 3 3 1 0 0 )
#( 0 0 5 16 6 0 0 )
#( 0 0 5 10 13 0 0 )
#( 0 0 12 17 7 0 0 )
#( 0 0 6 13 13 0 0 )
#( 0 0 7 8 8 0 0 )
#( 0 1 14 15 4 0 0 )
#( 0 1 13 15 6 0 0 )
#( 0 0 8 18 8 0 0 )
#( 1 1 6 17 7 0 0 )
#( 0 6 5 6 1 0 0 )
#( 0 8 5 10 5 0 0 )
#( 1 5 3 8 7 0 0 )
#( 0 1 11 8 4 0 0 )
#( 0 6 10 10 4 0 0 )
#( 0 4 12 8 0 0 0 )
#( 1 4 7 6 0 0 0 )
#( 5 6 19 30 0 0 0 )
#( 4 8 23 37 0 0 0 )
#( 2 6 32 28 0 0 0 )
#( 4 10 28 31 1 0 0 )
#( 6 9 19 39 1 0 0 )
#( 3 7 26 30 5 0 0 )
#( 5 12 9 45 9 0 0 )
#( 4 4 25 24 6 0 0 )
#( 4 4 2 23 22 1 0 )
#( 5 11 48 4 0 0 0 )
#( 4 8 25 32 0 0 0 )
#( 2 7 25 39 1 0 0 )
#( 3 11 8 46 8 0 0 )
#( 1 9 12 47 5 0 0 )
#( 6 13 22 39 0 0 0 )
#( 2 14 11 26 13 0 0 )
#( 1 15 22 13 1 0 0 )
#( 0 2 3 1 0 0 0 )
#( 7 14 16 29 9 0 0 )
#( 13 13 14 38 5 0 0 )
#( 0 2 52 51 4 0 0 )
#( 0 0 29 37 10 0 0 )
#( 0 17 34 52 6 0 0 )
#( 0 3 40 23 16 10 0 )
#( 0 9 36 18 24 4 0 )
#( 0 8 50 33 23 20 0 )
#( 0 8 36 45 43 1 0 )
#( 0 1 12 46 52 7 0 )
#( 6 13 28 35 40 9 0 )
#( 5 3 66 5 7 3 0 )
#( 4 6 90 7 13 6 0 )
#( 0 0 23 77 60 5 0 )
#( 6 15 31 45 28 7 0 )
#( 7 15 21 23 7 2 0 )
#( 3 23 10 7 19 15 0 )
#( 0 8 16 17 21 8 0 )
#( 0 6 20 15 31 9 0 )
#( 0 5 28 33 18 2 0 )
#( 0 8 25 22 16 7 0 )
#( 2 32 28 29 26 9 0 )
#( 2 31 39 11 36 52 0 )
#( 0 6 54 51 60 6 0 )
#( 0 6 67 27 44 29 0 )
#( 8 12 50 39 27 30 8 )
#( 8 32 41 46 12 0 0 )
#( 8 47 25 36 24 0 0 )
#( 0 8 30 38 27 14 0 )
#( 6 8 33 43 21 26 0 )
#( 3 13 26 58 70 19 0 )
#( 1 9 15 61 41 17 0 )
#( 1 8 37 28 9 7 0 )
#( 1 9 42 43 10 9 0 )
#( 0 0 20 65 56 13 0 )
#( 4 13 16 46 50 13 0 )
#( 3 8 35 35 9 0 0 )
#( 1 14 21 14 19 10 0 )
#( 5 16 11 3 17 15 0 )
#( 2 11 35 49 10 8 0 )
#( 0 2 38 56 25 22 0 )
#( 7 12 33 49 6 12 0 )
#( 5 22 20 35 13 0 0 )
#( 15 27 13 43 18 8 0 )
#( 11 38 21 6 37 11 0 )
#( 8 10 15 35 8 0 0 )
#( 4 9 4 4 4 2 0 )
#( 0 0 11 17 10 0 0 )
#( 0 1 10 22 12 0 0 )
#( 0 0 18 6 20 0 0 )
#( 0 0 10 12 16 0 0 )
#( 0 0 11 17 10 0 0 )
#( 0 1 10 22 12 0 0 )
#( 0 0 30 2 7 3 0 )
#( 0 2 25 5 8 1 0 )
#( 0 3 9 16 2 0 0 )
#( 0 0 17 25 4 0 0 )
#( 0 0 9 12 12 0 0 )
#( 0 0 13 9 14 0 0 )
#( 0 0 12 17 3 0 0 )
#( 0 0 6 16 7 0 0 )
#( 0 0 18 29 4 0 0 )
#( 0 0 10 15 10 0 0 )
#( 0 0 10 22 3 0 0 )
#( 0 0 20 14 7 0 0 )
#( 0 1 10 7 4 0 0 )
