255
;
#(11 0 4 0 8 3 0 6 0 1 1 3)
#(11 0 5 0 7 4 1 13 0 1 1 3)
#(5 0 5 0 5 6 2 7 1 4 0 2)
#(8 0 10 0 8 4 2 12 2 7 0 7)
#(11 0 11 0 11 2 0 21 0 0 0 10)
#(5 0 18 0 0 0 5 9 0 6 0 7)
#(5 2 8 0 4 0 2 5 0 9 0 7)
#(5 0 19 0 0 0 5 10 0 6 0 7)
#(8 0 8 0 3 0 2 8 0 11 0 9)
#(12 0 12 0 2 0 10 6 0 12 0 6)
#(10 0 10 0 6 4 3 9 0 7 0 9)
#(9 0 10 0 4 0 5 7 0 7 0 7)
#(10 0 16 0 0 0 6 26 0 4 0 11)
#(1 2 10 0 5 8 0 8 0 13 2 1)
#(8 0 3 2 23 2 0 0 5 8 0 6)
#(6 0 2 2 21 1 0 1 6 7 0 6)
#(11 2 7 0 7 6 0 5 0 2 0 4)
#(11 0 4 0 7 2 0 10 0 1 1 3)
#(11 0 4 0 7 5 0 12 0 4 10 1)
#(7 4 3 0 11 6 0 12 0 8 7 0)
#(8 0 18 0 7 6 2 16 0 4 0 14)
#(13 0 3 0 13 1 0 23 0 0 0 4)
#(8 0 8 0 8 6 0 16 0 1 0 3)
#(6 0 8 0 7 5 1 8 0 4 0 4)
#(8 0 8 0 8 6 0 16 0 1 0 3)
#(7 0 12 0 6 10 0 10 0 2 0 7)
#(8 2 8 0 11 8 0 12 0 2 4 6)
#(8 0 10 0 7 12 0 9 0 8 0 5)
#(11 0 6 0 8 10 0 12 0 4 0 6)
#(24 0 5 0 11 13 0 19 0 0 0 8)
#(5 0 1 0 1 1 0 4 0 0 0 1)
#(3 0 4 3 0 2 0 9 2 0 1 1)
#(3 0 5 4 0 6 1 8 1 0 0 4)
#(3 0 4 3 0 2 0 11 2 0 1 2)
#(4 0 5 3 0 5 0 10 1 0 0 5)
#(8 3 0 3 1 3 0 1 2 0 2 0)
#(7 0 3 0 5 6 0 4 1 3 1 2)
#(7 0 4 0 4 4 1 6 0 1 0 2)
#(4 0 4 0 5 4 2 7 1 3 0 2)
#(6 0 2 0 8 3 0 5 0 1 1 1)
#(1 0 0 1 3 1 3 4 1 2 4 11)
#(3 0 4 2 0 2 0 11 1 0 1 4)
#(4 0 6 5 0 7 2 4 3 0 0 2)
#(4 1 7 5 0 5 1 17 2 0 1 5)
#(11 0 6 4 1 7 0 10 0 0 1 5)
#(10 0 1 6 2 8 0 9 7 0 2 3)
#(15 0 2 2 3 8 0 7 7 0 2 3)
#(12 0 7 12 0 6 1 14 0 0 0 5)
#(15 1 0 1 2 3 0 4 4 0 2 0)
#(16 1 0 0 3 3 0 3 3 0 0 0)
#(6 0 0 0 2 0 0 2 0 0 0 0)
#(6 0 3 3 0 1 2 10 0 0 0 2)
#(7 0 3 3 0 1 1 8 0 0 0 1)
#(5 0 2 5 0 4 0 6 2 0 4 0)
#(0 0 2 1 0 1 6 15 0 0 0 0)
#(6 0 3 3 0 1 2 10 0 0 0 2)
#(11 2 3 9 0 1 0 9 1 0 2 1)
#(12 9 0 6 0 4 0 6 9 0 4 0)
#(7 0 3 10 0 7 1 7 6 0 13 0)
#(5 0 8 7 0 6 3 13 9 0 20 1)
#(0 0 3 1 0 1 6 9 0 0 0 0)
#(6 0 3 3 0 1 2 10 0 0 0 2)
#(7 0 3 5 0 1 0 8 1 0 2 1)
#(2 0 2 2 0 3 2 13 1 0 2 0)
#(4 0 3 2 0 1 4 10 0 0 0 2)
#(6 0 3 4 0 1 2 10 0 0 0 1)
#(26 1 0 0 2 4 0 2 4 0 1 2)
#(26 0 2 6 0 9 6 9 1 1 0 2)
#(27 1 0 1 2 4 0 2 4 0 1 0)
#(1 19 6 1 0 6 2 0 6 0 1 2)
#(9 0 3 11 0 3 0 10 0 0 0 1)
#(7 2 3 8 1 3 2 8 2 2 2 2)
#(6 0 3 3 0 1 2 10 0 0 0 2)
#(7 0 3 5 0 1 0 8 1 0 2 1)
#(2 0 2 2 0 3 2 13 1 0 2 0)
#(4 0 3 2 0 1 4 10 0 0 0 2)
#(6 0 3 4 0 1 2 10 0 0 0 1)
#(3 0 0 1 0 0 0 0 0 0 0 0)
#(20 0 11 11 0 0 0 42 0 0 0 20)
#(31 0 0 3 11 5 5 19 19 0 9 0)
#(10 0 12 8 0 8 2 44 4 2 0 13)
#(22 0 0 13 0 0 4 39 4 0 0 5)
#(27 0 18 13 0 0 17 0 1 19 0 0)
#(4 0 36 0 0 0 13 11 0 10 15 0)
#(4 0 46 0 0 0 18 18 0 16 17 0)
#(11 2 11 10 0 8 3 11 6 5 15 2)
#(21 1 6 17 0 4 2 7 20 1 12 0)
#(20 2 1 19 0 7 0 10 25 1 13 0)
#(9 5 30 4 2 0 8 14 4 4 18 0)
#(13 0 36 3 0 0 9 19 0 10 21 0)
#(18 0 46 20 0 0 18 20 0 10 29 0)
#(16 0 22 7 0 0 7 20 4 10 22 0)
#(6 0 23 0 0 0 8 36 0 16 4 0)
#(2 0 28 0 0 16 2 42 0 8 6 4)
#(38 0 1 6 18 0 0 39 0 0 4 0)
#(37 0 0 0 14 12 0 15 19 0 10 0)
#(36 0 0 0 13 11 0 10 15 0 4 0)
#(18 19 0 0 4 17 6 5 8 0 9 2)
#(5 28 1 0 4 17 9 4 10 0 8 4)
#(12 0 19 13 0 15 3 22 5 1 0 5)
#(5 0 5 4 0 5 0 73 3 0 2 1)
#(10 0 7 9 0 11 0 72 7 0 5 2)
#(14 0 7 7 0 8 0 64 0 0 0 7)
#(20 0 2 11 0 2 0 25 2 0 1 1)
#(13 0 11 0 11 0 0 40 0 0 9 20)
#(23 0 6 7 0 9 6 24 20 1 0 7)
#(9 0 6 4 0 4 5 43 6 1 0 11)
#(11 0 10 14 0 4 0 36 0 0 0 13)
#(18 0 16 17 0 4 0 46 0 0 0 18)
#(15 6 5 15 2 11 2 11 7 1 6 3)
#(7 20 1 12 0 21 2 5 16 0 5 2)
#(10 24 1 13 0 19 4 1 21 2 4 0)
#(20 0 6 21 0 7 3 38 0 0 0 8)
#(22 0 11 27 0 14 0 41 3 0 0 9)
#(23 0 21 24 0 20 0 36 4 0 0 24)
#(24 2 11 16 0 12 0 23 5 0 0 5)
#(31 0 20 3 0 7 0 25 0 0 0 9)
#(52 0 4 5 4 9 0 20 11 0 12 1)
#(37 0 2 30 0 14 11 20 14 12 0 0)
#(13 0 19 11 0 18 10 9 16 14 6 13)
#(12 0 9 16 0 8 0 38 0 0 0 8)
#(22 0 10 14 4 12 0 34 0 0 4 16)
#(23 5 0 0 4 23 0 6 20 0 0 0)
#(16 6 0 14 0 7 10 7 8 6 0 0)
#(13 3 9 11 3 10 3 16 9 3 3 7)
#(16 0 10 1 0 3 2 13 0 0 0 4)
#(36 0 16 4 0 4 0 25 0 0 0 6)
#(39 0 0 35 0 0 0 36 0 0 0 0)
#(4 0 0 2 0 0 0 2 0 0 0 0)
#(2 0 1 8 0 4 0 5 6 0 8 0)
#(1 0 1 12 0 3 1 4 6 1 6 2)
#(0 0 8 9 0 8 0 10 9 0 29 0)
#(1 0 6 8 0 10 0 8 7 0 14 0)
#(2 0 2 8 0 5 0 4 6 2 6 0)
#(1 0 2 9 0 4 1 5 5 1 8 2)
#(1 0 2 10 0 4 0 8 6 0 8 0)
#(0 0 7 7 0 9 0 11 9 0 10 0)
#(1 0 1 10 0 6 0 7 5 0 6 0)
#(2 0 2 12 0 4 0 6 5 0 13 0)
#(0 0 2 16 0 4 1 11 2 1 13 1)
#(0 0 8 8 0 8 0 8 6 0 22 0)
#(2 0 5 10 0 10 0 8 8 0 20 0)
#(7 0 2 14 0 10 1 9 13 0 26 0)
#(8 0 5 27 0 5 1 8 14 2 16 4)
#(7 0 9 24 0 11 0 6 10 7 23 2)
#(3 2 12 22 0 7 2 12 13 1 9 1)
#(2 2 13 11 0 20 0 6 8 0 13 0)
#(3 1 8 10 0 10 0 13 16 0 18 0)
#(15 0 8 8 0 6 0 6 9 0 34 0)
#(9 0 17 15 0 16 0 11 13 0 23 0)
#(4 0 2 10 0 6 0 6 6 0 9 0)
#(2 0 2 11 0 4 1 4 8 1 7 1)
#(0 0 8 10 0 8 0 7 7 0 18 0)
#(2 0 6 9 0 10 0 11 9 0 19 0)
#(0 0 0 3 0 0 0 2 0 0 2 0)
#(5 0 5 0 1 1 2 5 0 4 0 4)
#(7 0 3 0 5 4 0 6 0 1 0 2)
#(8 0 6 0 1 2 2 4 0 7 0 6)
#(4 0 6 0 6 7 0 6 0 1 0 2)
#(5 0 4 0 3 1 1 4 0 1 3 1)
#(6 0 5 0 3 9 0 4 0 4 1 2)
#(8 0 7 0 3 0 2 5 0 4 0 6)
#(5 0 4 0 5 8 0 6 0 3 0 3)
#(6 0 1 1 4 5 1 8 0 5 0 1)
#(3 0 3 0 5 4 0 3 0 0 0 0)
#(3 0 3 0 7 7 0 6 0 0 0 2)
#(3 1 2 0 4 2 0 6 0 4 0 2)
#(6 0 4 0 1 3 1 4 0 3 1 1)
#(9 0 0 0 5 5 0 4 0 3 4 0)
#(4 0 0 4 8 4 1 2 0 1 0 0)
#(4 0 0 0 4 4 0 4 0 0 0 2)
#(14 2 2 11 0 6 0 15 6 0 2 2)
#(12 0 6 8 0 9 0 21 5 0 9 2)
#(2 2 0 17 4 2 17 4 0 2 14 4)
#(4 6 2 11 0 16 9 0 0 3 22 1)
#(4 2 6 8 4 10 6 4 3 1 25 1)
#(24 2 2 0 3 13 3 6 8 0 8 2)
#(13 0 14 4 0 15 2 13 7 1 0 11)
#(8 0 7 13 0 5 0 18 5 0 0 7)
#(7 0 6 7 0 6 3 12 6 3 0 6)
#(10 1 6 2 0 14 0 14 13 0 0 8)
#(14 0 8 6 0 11 0 21 5 0 0 4)
#(4 0 6 14 0 6 0 11 6 0 25 2)
#(18 4 3 5 2 16 0 14 8 0 0 6)
#(22 1 2 3 6 15 0 7 11 0 6 1)
#(17 0 10 8 0 9 0 24 8 0 0 4)
#(11 0 6 9 0 7 0 25 4 0 0 4)
#(14 0 2 9 0 3 0 17 4 0 0 3)
#(3 0 0 1 0 0 0 2 0 0 0 0)
#(18 0 5 15 0 8 0 20 6 0 0 3)
#(10 0 19 8 0 11 10 4 8 5 0 8)
#(12 0 16 13 0 11 4 29 7 4 0 13)
#(9 10 8 6 1 4 2 17 6 1 4 8)
#(14 1 16 17 0 11 3 25 7 2 1 12)
#(19 13 5 9 1 5 3 18 7 2 5 5)
#(20 3 3 14 0 4 0 37 3 0 0 7)
#(10 0 19 7 1 27 1 25 16 0 3 25)
#(23 0 16 11 4 20 2 23 12 3 2 17)
#(12 5 7 15 1 33 1 11 4 8 19 2)
#(16 3 21 6 7 16 11 18 7 11 1 14)
#(19 0 8 0 14 4 4 30 0 6 0 4)
#(25 0 8 0 15 6 4 37 2 22 0 7)
#(21 4 24 2 22 25 2 20 6 17 8 14)
#(12 11 7 3 25 17 2 24 4 13 10 4)
#(3 8 5 0 17 4 0 17 0 18 0 3)
#(6 1 13 0 15 6 0 28 0 2 0 6)
#(5 3 8 2 17 7 3 6 7 7 1 4)
#(11 5 7 0 19 11 0 16 5 3 1 3)
#(1 11 1 15 2 6 1 15 13 0 15 6)
#(8 5 6 3 12 2 10 5 3 11 1 12)
#(10 0 23 9 0 20 1 33 15 0 0 15)
#(18 0 27 10 3 28 1 27 35 0 6 16)
#(30 1 35 26 2 32 9 19 5 8 0 10)
#(16 21 21 20 1 21 3 29 24 2 2 13)
#(29 12 14 28 0 10 5 45 10 1 10 10)
#(8 17 14 10 2 14 20 28 12 2 1 11)
#(22 21 8 17 0 11 5 34 8 2 2 10)
#(27 6 1 25 1 8 0 18 17 1 13 0)
#(26 17 0 5 22 10 2 15 17 1 20 2)
#(36 5 11 5 13 26 14 29 15 15 10 10)
#(22 1 19 6 13 18 8 26 2 13 1 15)
#(17 0 10 0 12 8 6 23 2 8 0 4)
#(25 0 8 0 15 4 4 33 2 16 0 7)
#(18 0 22 0 24 21 0 33 0 19 3 14)
#(15 10 12 2 20 17 2 24 3 17 14 6)
#(11 9 3 2 18 5 1 16 3 18 0 4)
#(7 0 7 0 15 4 0 35 0 6 0 5)
#(15 4 0 0 7 13 0 7 17 0 4 0)
#(32 0 5 1 20 5 4 24 2 16 0 6)
#(4 5 8 3 12 7 2 43 5 15 5 34)
#(12 8 10 6 10 0 2 35 0 5 29 2)
#(18 13 5 11 1 6 4 21 8 1 4 3)
#(36 6 6 1 12 14 0 21 13 0 5 10)
#(42 0 8 0 16 12 0 33 10 0 1 2)
#(19 0 5 6 6 9 0 14 9 0 0 8)
#(9 0 0 0 9 0 0 9 0 0 0 0)
#(8 0 6 0 9 5 0 7 0 1 0 2)
#(10 0 5 0 5 7 0 9 0 5 2 2)
#(6 0 7 0 6 5 0 13 0 3 0 4)
#(4 0 5 0 5 6 0 9 0 4 0 5)
#(8 0 6 0 9 5 0 7 0 1 0 2)
#(10 0 5 0 5 7 0 9 0 5 2 2)
#(9 0 6 0 6 2 0 15 0 0 0 4)
#(11 0 7 0 6 3 0 11 0 0 0 3)
#(10 0 2 0 8 3 0 6 0 0 0 1)
#(15 0 3 0 9 2 2 9 0 2 1 3)
#(6 0 4 0 4 5 1 5 0 4 0 4)
#(3 0 5 0 5 0 3 11 0 5 0 4)
#(8 0 4 0 3 1 0 8 0 4 0 4)
#(2 0 5 1 3 6 0 5 0 3 0 4)
#(14 0 4 0 10 5 1 11 0 2 0 4)
#(9 0 2 0 6 6 0 7 0 3 1 1)
#(7 0 8 0 5 4 1 4 0 2 0 4)
#(8 0 5 0 7 6 0 7 0 5 0 3)
#(7 0 1 0 5 2 0 6 0 0 0 1)
