255
;
#(0.9375 0.8125 1.0 0.0625 0.1875 0.0 R )
#(1.0 0.75 1.0 0.0 0.25 0.0 R )
#(0.9375 0.3125 1.0 0.0625 0.6875 0.0 R )
#(0.9375 0.625 1.0 0.0625 0.375 0.0 R )
#(0.9063 0.8125 0.9063 0.0938 0.1875 0.0938 R )
#(0.9375 0.875 1.0 0.0625 0.125 0.0 R )
#(0.9375 0.625 1.0 0.0625 0.375 0.0 R )
#(0.9375 0.875 1.0 0.0625 0.125 0.0 R )
#(1.0 0.625 1.0 0.0 0.375 0.0 R )
#(1.0 0.625 1.0 0.0 0.375 0.0 R )
#(1.0 0.7917 1.0 0.0 0.2083 0.0 R )
#(1.0 0.7292 1.0 0.0 0.2708 0.0 R )
#(0.9375 0.9375 0.9375 0.0625 0.0625 0.0625 R )
#(1.0 0.7188 1.0 0.0 0.2813 0.0 R )
#(0.9063 0.9688 1.0 0.0938 0.0313 0.0 L )
#(0.5313 1.0 1.0 0.4688 0.0 0.0 L )
#(1.0 0.8125 1.0 0.0 0.1875 0.0 R )
#(0.9375 0.8438 1.0 0.0625 0.1563 0.0 R )
#(0.9375 0.8125 1.0 0.0625 0.1875 0.0 R )
#(1.0 0.625 1.0 0.0 0.375 0.0 R )
#(1.0 1.0 1.0 0.0 0.0 0.0 R )
#(0.9062 0.8125 0.9063 0.0938 0.1875 0.0938 R )
#(0.9375 0.8125 1.0 0.0625 0.1875 0.0 R )
#(0.9375 0.625 1.0 0.0625 0.375 0.0 R )
#(0.9375 0.7813 1.0 0.0625 0.2188 0.0 R )
#(1.0 0.6875 1.0 0.0 0.3125 0.0 R )
#(1.0 0.625 1.0 0.0 0.375 0.0 R )
#(1.0 0.7917 1.0 0.0 0.2083 0.0 R )
#(1.0 0.7292 1.0 0.0 0.2708 0.0 R )
#(1.0 1.0 1.0 0.0 0.0 0.0 R )
#(0.375 0.375 0.375 0.625 0.625 0.625 B )
#(0.75 0.5833 0.75 0.0833 0.25 0.0833 R )
#(0.9167 0.8333 0.9167 0.0833 0.1667 0.0833 R )
#(0.8333 0.6667 0.9167 0.1667 0.3333 0.0833 R )
#(0.9167 0.8333 0.9167 0.0833 0.1667 0.0833 R )
#(0.9167 0.9167 1.0 0.0833 0.0833 0.0 B )
#(1.0 0.9167 1.0 0.0 0.0833 0.0 R )
#(0.8333 0.75 1.0 0.1667 0.25 0.0 R )
#(1.0 0.8333 1.0 0.0 0.1667 0.0 R )
#(0.8333 0.8333 0.9167 0.1667 0.1667 0.0833 B )
#(1.0 0.5833 1.0 0.0 0.4167 0.0 R )
#(0.8333 0.6667 0.8333 0.1667 0.3333 0.1667 R )
#(0.9167 0.9167 1.0 0.0833 0.0833 0.0 B )
#(1.0 1.0 1.0 0.0 0.0 0.0 B )
#(0.9167 1.0 1.0 0.0833 0.0 0.0 L )
#(1.0 1.0 1.0 0.0 0.0 0.0 B )
#(1.0 0.9167 1.0 0.0 0.0833 0.0 R )
#(1.0 1.0 1.0 0.0 0.0 0.0 B )
#(0.8333 1.0 1.0 0.1667 0.0 0.0 L )
#(0.9167 1.0 1.0 0.0833 0.0 0.0 L )
#(1.0 1.0 1.0 0.0 0.0 0.0 B )
#(0.875 0.375 1.0 0.125 0.625 0.0 R )
#(0.8333 0.375 0.9167 0.0833 0.5417 0.0 R )
#(0.9583 0.5 1.0 0.0417 0.5 0.0 R )
#(0.9583 0.125 1.0 0.0417 0.875 0.0 R )
#(0.875 0.375 1.0 0.125 0.625 0.0 R )
#(0.8333 0.625 1.0 0.1667 0.375 0.0 R )
#(1.0 1.0 1.0 0.0 0.0 0.0 B )
#(1.0 0.9583 1.0 0.0 0.0417 0.0 R )
#(1.0 0.7917 1.0 0.0 0.2083 0.0 R )
#(1.0 0.0 1.0 0.0 1.0 0.0 R )
#(0.875 0.375 1.0 0.125 0.625 0.0 R )
#(0.875 0.5 1.0 0.125 0.5 0.0 R )
#(0.9583 0.375 1.0 0.0417 0.625 0.0 R )
#(0.9167 0.25 1.0 0.0833 0.75 0.0 R )
#(0.875 0.375 1.0 0.125 0.625 0.0 R )
#(0.8333 1.0 1.0 0.1667 0.0 0.0 L )
#(1.0 1.0 1.0 0.0 0.0 0.0 B )
#(1.0 1.0 1.0 0.0 0.0 0.0 B )
#(1.0 1.0 1.0 0.0 0.0 0.0 B )
#(0.75 0.5833 0.75 0.25 0.4167 0.25 R )
#(1.0 0.25 1.0 0.0 0.75 0.0 R )
#(0.875 0.375 1.0 0.125 0.625 0.0 R )
#(0.875 0.5 1.0 0.125 0.5 0.0 R )
#(0.9583 0.375 1.0 0.0417 0.625 0.0 R )
#(0.9167 0.25 1.0 0.0833 0.75 0.0 R )
#(0.875 0.375 1.0 0.125 0.625 0.0 R )
#(0.6667 0.6667 0.6667 0.0 0.0 0.0 B )
#(0.9688 1.0 1.0 0.0313 0.0 0.0 L )
#(0.9531 1.0 1.0 0.0469 0.0 0.0 L )
#(1.0 1.0 1.0 0.0 0.0 0.0 B )
#(0.9844 1.0 1.0 0.0156 0.0 0.0 L )
#(0.9688 1.0 1.0 0.0313 0.0 0.0 L )
#(1.0 1.0 1.0 0.0 0.0 0.0 B )
#(1.0 1.0 1.0 0.0 0.0 0.0 B )
#(1.0 0.8906 1.0 0.0 0.0078 0.0 R )
#(1.0 0.7031 1.0 0.0 0.1875 0.0 R )
#(1.0 0.5 1.0 0.0 0.5 0.0 R )
#(1.0 1.0 1.0 0.0 0.0 0.0 B )
#(0.9063 1.0 1.0 0.0938 0.0 0.0 L )
#(1.0 1.0 1.0 0.0 0.0 0.0 B )
#(0.7813 1.0 1.0 0.2188 0.0 0.0 L )
#(0.875 1.0 1.0 0.125 0.0 0.0 L )
#(1.0 1.0 1.0 0.0 0.0 0.0 B )
#(0.9844 1.0 1.0 0.0156 0.0 0.0 L )
#(0.9688 1.0 1.0 0.0313 0.0 0.0 L )
#(1.0 1.0 1.0 0.0 0.0 0.0 B )
#(1.0 1.0 1.0 0.0 0.0 0.0 B )
#(1.0 1.0 1.0 0.0 0.0 0.0 B )
#(1.0 1.0 1.0 0.0 0.0 0.0 B )
#(1.0 1.0 1.0 0.0 0.0 0.0 B )
#(1.0 1.0 1.0 0.0 0.0 0.0 B )
#(1.0 1.0 1.0 0.0 0.0 0.0 B )
#(0.9844 1.0 1.0 0.0156 0.0 0.0 L )
#(0.9688 1.0 1.0 0.0313 0.0 0.0 L )
#(0.9688 1.0 1.0 0.0313 0.0 0.0 L )
#(1.0 1.0 1.0 0.0 0.0 0.0 B )
#(0.9375 1.0 1.0 0.0625 0.0 0.0 L )
#(1.0 1.0 1.0 0.0 0.0 0.0 B )
#(1.0 0.875 1.0 0.0 0.0 0.0 R )
#(1.0 0.6875 1.0 0.0 0.1875 0.0 R )
#(0.875 0.5625 0.875 0.0 0.3125 0.0 R )
#(1.0 1.0 1.0 0.0 0.0 0.0 B )
#(0.9063 1.0 1.0 0.0938 0.0 0.0 L )
#(0.9688 1.0 1.0 0.0313 0.0 0.0 L )
#(0.6875 1.0 1.0 0.3125 0.0 0.0 L )
#(1.0 1.0 1.0 0.0 0.0 0.0 B )
#(1.0 1.0 1.0 0.0 0.0 0.0 B )
#(0.9453 0.7344 0.9609 0.0547 0.0156 0.0391 R )
#(0.8359 0.25 0.8516 0.1641 0.0 0.1484 R )
#(1.0 1.0 1.0 0.0 0.0 0.0 B )
#(1.0 1.0 1.0 0.0 0.0 0.0 B )
#(0.75 0.75 0.75 0.0 0.0 0.0 B )
#(0.7708 0.5313 0.7813 0.0104 0.0 0.0 R )
#(1.125 0.7188 1.125 0.0 0.8125 0.0 R )
#(0.3125 1.0 1.0 0.6875 0.0 0.0 L )
#(1.0 1.0 1.0 0.0 0.0 0.0 B )
#(0.6875 0.6875 0.6875 0.0625 0.0625 0.0625 B )
#(0.25 0.25 0.25 0.75 0.75 0.75 B )
#(1.0 1.0 1.0 0.0 0.0 0.0 B )
#(0.9375 0.9375 0.9375 0.0625 0.0625 0.0625 B )
#(1.0 1.0 1.0 0.0 0.0 0.0 B )
#(0.9375 0.9375 0.9375 0.0625 0.0625 0.0625 B )
#(0.5 0.9375 1.0 0.5 0.0625 0.0 L )
#(0.5 1.0 1.0 0.5 0.0 0.0 L )
#(0.5313 0.8438 1.0 0.4688 0.1563 0.0 L )
#(0.5625 0.6875 1.0 0.4375 0.3125 0.0 L )
#(0.5938 1.0 1.0 0.4063 0.0 0.0 L )
#(1.0 1.0 1.0 0.0 0.0 0.0 B )
#(1.0 1.0 1.0 0.0 0.0 0.0 B )
#(1.0 1.0 1.0 0.0 0.0 0.0 B )
#(0.875 1.0 1.0 0.125 0.0 0.0 L )
#(0.8438 0.9844 1.0 0.1563 0.0156 0.0 L )
#(0.75 1.0 1.0 0.25 0.0 0.0 L )
#(1.0 0.75 1.0 0.0 0.25 0.0 R )
#(1.0 0.75 1.0 0.0 0.25 0.0 R )
#(0.6875 1.0 1.0 0.3125 0.0 0.0 L )
#(0.9375 1.0 1.0 0.0625 0.0 0.0 L )
#(1.0 0.5938 1.0 0.0 0.4063 0.0 R )
#(1.0 0.5625 1.0 0.0 0.4375 0.0 R )
#(0.9844 0.7656 1.0 0.0156 0.2344 0.0 R )
#(0.8125 1.0 1.0 0.1875 0.0 0.0 L )
#(0.8125 1.0 1.0 0.1875 0.0 0.0 L )
#(1.0 1.0 1.0 0.0 0.0 0.0 B )
#(1.0 1.0 1.0 0.0 0.0 0.0 B )
#(0.75 0.75 0.75 0.25 0.25 0.25 B )
#(0.75 0.75 0.75 0.25 0.25 0.25 B )
#(1.0 0.75 1.0 0.0 0.25 0.0 R )
#(0.9167 0.6667 0.9167 0.0 0.25 0.0 R )
#(2.5 2.5 2.5 0.0 0.0 0.0 B )
#(1.0 1.0 1.0 0.0 0.0 0.0 B )
#(0.9167 0.8333 0.9167 0.0833 0.1667 0.0833 R )
#(0.9167 0.8333 0.9167 0.0833 0.1667 0.0833 R )
#(0.8333 0.75 0.8333 0.1667 0.25 0.1667 R )
#(1.0 0.875 1.0 0.125 0.25 0.125 R )
#(1.0 1.0 1.0 0.0 0.0 0.0 B )
#(0.75 0.6667 0.75 0.0 0.0833 0.0 R )
#(1.0 1.0 1.0 0.0 0.0 0.0 B )
#(1.0 1.0 1.0 0.0 0.0 0.0 B )
#(1.0 1.0 1.0 0.0 0.0 0.0 B )
#(0.7778 0.4444 0.7778 0.1111 0.1111 0.1111 R )
#(0.9792 1.0 1.0 0.0208 0.0 0.0 L )
#(0.8958 1.0 1.0 0.1042 0.0 0.0 L )
#(0.75 1.0 1.0 0.25 0.0 0.0 L )
#(1.0 1.0 1.0 0.0 0.0 0.0 R )
#(1.0 1.0 1.0 0.0 0.0 0.0 B )
#(0.8958 1.0 1.0 0.1042 0.0 0.0 L )
#(1.0 1.0 1.0 0.0 0.0 0.0 B )
#(0.5833 1.0 0.8125 0.4167 0.0 0.0 L )
#(0.9375 1.0 1.0 0.0625 0.0 0.0 L )
#(0.0625 1.0 0.125 0.4375 0.0 0.0 L )
#(0.5625 0.8125 0.5625 0.0 0.0 0.0 L )
#(1.0 1.0 1.0 0.0 0.0 0.0 R )
#(1.0 1.0 1.0 0.0 0.0 0.0 B )
#(1.0 1.0 1.0 0.0 0.0 0.0 B )
#(0.9375 1.0 1.0 0.0625 0.0 0.0 L )
#(0.7917 1.0 0.9375 0.2083 0.0 0.0 L )
#(0.2917 1.0 0.8542 0.7083 0.0 0.0 L )
#(1.0 1.0 1.0 0.0 0.0 0.0 B )
#(1.0 1.0 1.0 0.0 0.0 0.0 B )
#(1.0 1.0 1.0 0.0 0.0 0.0 B )
#(1.0 1.0 1.0 0.0 0.0 0.0 B )
#(1.0 1.0 1.0 0.0 0.0 0.0 B )
#(1.0 1.0 1.0 0.0 0.0 0.0 B )
#(1.0 1.0 1.0 0.0 0.0 0.0 B )
#(0.7917 0.625 0.8542 0.2083 0.1458 0.1458 R )
#(1.0 0.2292 0.9495 0.0 0.2113 0.0505 R )
#(1.0 0.25 0.9931 0.0 0.25 0.0069 R )
#(1.0 0.8125 1.0 0.0 0.1875 0.0 R )
#(1.0 1.0 1.0 0.0 0.0 0.0 B )
#(0.9167 1.0 1.0 0.0833 0.0 0.0 L )
#(0.9167 1.0 1.0 0.0833 0.0 0.0 L )
#(1.0 1.0 1.0 0.0 0.0 0.0 R )
#(0.875 0.9583 0.9583 0.125 0.0417 0.0417 L )
#(0.875 1.0 1.0 0.125 0.0 0.0 L )
#(1.0 1.0 1.0 0.0 0.0 0.0 R )
#(1.0 1.0 1.0 0.0 0.0 0.0 B )
#(1.0 1.0 1.0 0.0 0.0 0.0 B )
#(1.0 1.0 1.0 0.0 0.0 0.0 B )
#(1.0 1.0 1.0 0.0 0.0 0.0 B )
#(0.8333 0.7083 0.9583 0.125 0.2917 0.0 R )
#(0.9583 1.0 1.0 0.0417 0.0 0.0 L )
#(0.9375 0.8125 1.0 0.0625 0.1875 0.0 R )
#(0.875 1.0 1.0 0.125 0.0 0.0 L )
#(0.8854 1.0 1.0 0.1146 0.0 0.0 L )
#(1.0 1.0 1.0 0.0 0.0 0.0 B )
#(1.0 1.0 1.0 0.0 0.0 0.0 B )
#(0.7917 0.25 0.825 0.2083 0.2708 0.175 R )
#(1.0 0.2292 0.8939 0.0 0.2708 0.1061 R )
#(1.0 0.5208 1.0 0.0 0.2292 0.0 R )
#(1.0 1.0 1.0 0.0 0.0 0.0 B )
#(0.9167 1.0 1.0 0.0833 0.0 0.0 L )
#(0.9167 1.0 1.0 0.0833 0.0 0.0 L )
#(1.0 1.0 1.0 0.0 0.0 0.0 R )
#(0.9583 0.9583 0.9583 0.0417 0.0417 0.0417 B )
#(0.7917 1.0 1.0 0.2083 0.0 0.0 L )
#(1.0 1.0 1.0 0.0 0.0 0.0 B )
#(0.8333 0.9167 0.9167 0.1667 0.0833 0.0833 L )
#(0.9167 1.0 1.0 0.0833 0.0 0.0 L )
#(0.9583 1.0 1.0 0.0417 0.0 0.0 L )
#(1.0 1.0 1.0 0.0 0.0 0.0 L )
#(1.0 1.0 1.0 0.0 0.0 0.0 B )
#(1.0 1.0 1.0 0.0 0.0 0.0 L )
#(1.0 1.0 1.0 0.0 0.0 0.0 R )
#(1.0 1.0 1.0 0.0 0.0 0.0 B )
#(0.7778 0.7778 0.7778 0.2222 0.2222 0.2222 B )
#(1.0 0.625 1.0 0.0 0.375 0.0 R )
#(0.9375 0.9375 0.9375 0.0625 0.0625 0.0625 B )
#(1.0 0.625 1.0 0.0 0.375 0.0 R )
#(1.0 0.3125 1.0 0.0 0.6875 0.0 R )
#(1.0 0.625 1.0 0.0 0.375 0.0 R )
#(0.9375 0.9375 0.9375 0.0625 0.0625 0.0625 B )
#(0.875 1.0 1.0 0.125 0.0 0.0 L )
#(0.8125 0.9375 0.9375 0.1875 0.0625 0.0625 L )
#(0.7813 0.6875 0.7813 0.0938 0.1875 0.0938 R )
#(0.9583 0.75 1.0 0.0417 0.25 0.0 R )
#(0.9583 0.6667 0.9583 0.0417 0.3333 0.0417 R )
#(1.0 0.9583 1.0 0.0 0.0417 0.0 R )
#(0.9167 0.5833 0.9167 0.0833 0.4167 0.0833 R )
#(0.9583 0.1667 0.9583 0.0417 0.8333 0.0417 R )
#(0.9583 0.75 1.0 0.0417 0.25 0.0 R )
#(0.9583 0.6667 0.9583 0.0417 0.3333 0.0417 R )
#(1.0 0.6667 1.0 0.0 0.3333 0.0 R )
#(0.9583 1.0 1.0 0.0417 0.0 0.0 L )
#(0.6667 0.6667 0.6667 0.3333 0.3333 0.3333 B )
