23
;
#(59 74 38 62 15 24 36 )
#(61 86 43 60 25 17 43 )
#(59 83 38 60 24 22 45 )
#(61 86 43 60 25 17 43 )
#(59 86 40 62 27 22 46 )
#(70 93 38 62 23 24 55 )
#(66 91 38 60 25 22 53 )
#(71 93 38 60 22 22 55 )
#(66 88 36 60 22 24 52 )
#(67 91 31 64 24 33 60 )
#(72 89 43 65 17 22 46 )
#(67 91 31 64 24 33 60 )
#(72 89 43 65 17 22 46 )
#(66 86 38 65 20 27 48 )
#(69 81 40 60 12 20 41 )
#(67 79 38 59 12 21 41 )
#(68 86 44 58 18 14 42 )
#(72 91 31 64 19 33 60 )
#(72 84 36 65 12 29 48 )
#(67 95 31 65 28 34 64 )
#(72 84 36 65 12 29 48 )
#(67 89 42 65 22 23 47 )
#(72 84 36 64 12 28 48 )
