23
;
#( 0 5 14 19 8 0 0 )
#( 0 6 15 22 14 1 0 )
#( 0 10 21 12 35 0 0 )
#( 0 6 15 22 14 1 0 )
#( 0 7 23 16 16 1 0 )
#( 0 6 17 8 19 17 0 )
#( 0 6 26 12 18 6 0 )
#( 0 8 15 6 20 18 0 )
#( 0 7 21 7 15 4 0 )
#( 1 7 10 7 15 8 0 )
#( 0 5 16 9 20 6 0 )
#( 1 3 14 11 18 7 0 )
#( 0 7 14 11 20 6 0 )
#( 0 9 11 19 14 5 0 )
#( 0 11 12 4 6 0 0 )
#( 0 12 10 4 5 0 0 )
#( 0 5 15 4 17 1 0 )
#( 1 7 10 4 25 2 0 )
#( 0 7 14 12 20 4 0 )
#( 1 1 16 8 18 9 0 )
#( 0 7 14 12 20 4 0 )
#( 0 7 10 16 15 8 0 )
#( 0 1 1 2 4 2 0 )
