#(7 0 8 4 6 4 5 8 2 1 0 1)
#(14 0 2 3 15 6 2 12 2 2 0 0)
#(9 1 8 2 12 12 2 21 0 0 0 11)
#(14 0 2 3 15 6 2 12 2 2 0 0)
#(6 1 13 4 10 2 5 11 0 2 3 6)
#(10 0 5 2 6 12 2 18 0 2 0 10)
#(16 0 6 3 11 6 2 12 0 4 0 8)
#(10 0 3 0 6 12 2 19 0 4 2 9)
#(11 0 3 1 9 6 3 13 0 4 0 4)
#(17 0 0 0 6 8 3 8 0 5 0 1)
#(7 0 5 0 6 12 1 14 0 2 0 9)
#(16 0 2 1 5 0 2 19 0 2 0 7)
#(7 0 5 0 7 11 1 14 1 2 0 10)
#(15 0 4 1 5 4 5 10 0 7 0 7)
#(3 0 2 0 8 2 0 0 2 10 0 6)
#(2 0 8 2 0 0 2 10 0 4 0 3)
#(4 2 7 0 7 6 0 3 2 4 2 5)
#(5 0 6 2 2 5 2 11 3 6 3 4)
#(15 0 2 0 8 6 2 16 0 2 0 6)
#(8 0 5 1 3 6 1 16 0 2 0 11)
#(15 0 2 0 8 6 2 16 0 2 0 6)
#(12 0 5 1 7 7 1 8 1 5 0 9)
#(7 0 0 0 2 0 0 1 0 0 0 0)
