22
;
#(62 81 48 65 19 17 33 )
#(66 82 41 65 16 24 41 )
#(65 84 39 64 19 25 45 )
#(66 82 41 62 16 21 41 )
#(64 77 39 63 13 24 38 )
#(65 75 41 63 10 22 34 )
#(66 74 31 62 8 31 43 )
#(65 75 41 63 10 22 34 )
#(64 74 39 63 10 24 35 )
#(65 82 41 62 17 21 41 )
#(65 74 39 62 9 23 35 )
#(70 84 41 64 14 23 43 )
#(65 74 39 62 9 23 35 )
#(64 82 46 63 18 17 36 )
#(62 77 46 63 15 17 31 )
#(63 82 46 63 19 17 36 )
#(67 85 36 64 18 28 49 )
#(65 87 27 63 22 36 60 )
#(65 77 39 62 12 23 38 )
#(63 77 41 62 14 21 36 )
#(65 77 38 62 12 24 39 )
#(62 82 34 63 20 29 48 )
