22
;
#(4 0 4 4 6 3 3 9 0 3 2 3)
#(15 0 0 0 20 0 0 12 4 11 0 4)
#(13 0 12 0 4 5 3 9 2 12 0 8)
#(19 0 0 0 19 0 0 10 4 11 0 4)
#(15 1 6 0 7 4 2 14 0 9 0 5)
#(9 0 8 0 8 7 0 16 0 2 0 9)
#(11 0 7 0 20 2 0 0 5 13 0 5)
#(10 0 8 0 11 6 0 12 0 7 0 8)
#(16 1 6 0 9 3 2 10 0 15 0 4)
#(14 2 2 2 12 0 2 16 0 3 0 2)
#(19 0 2 0 16 2 0 4 4 17 0 5)
#(13 0 10 0 8 3 3 15 2 6 0 7)
#(18 1 2 0 15 2 0 5 4 16 0 5)
#(16 0 7 1 15 3 2 14 0 3 9 4)
#(10 0 6 0 14 12 0 17 0 6 0 7)
#(10 0 7 0 11 9 1 19 0 6 0 12)
#(10 7 4 1 17 5 2 17 0 11 1 0)
#(15 0 10 0 10 2 2 19 0 5 0 7)
#(20 0 3 0 12 2 0 23 0 7 0 2)
#(12 0 5 0 10 2 7 22 0 6 0 4)
#(14 0 5 0 14 8 0 9 5 7 3 2)
#(19 0 6 1 9 6 4 19 0 5 0 3)
