22
;
#(0 15 1 2 0 0 0 0 0 0 )
#(10 5 6 4 0 2 0 0 0 0 )
#(9 6 10 3 1 0 0 0 0 0 )
#(10 4 7 4 0 2 0 0 0 0 )
#(10 6 11 2 0 0 0 0 0 0 )
#(11 7 6 4 0 0 0 0 0 0 )
#(6 9 9 3 0 0 0 0 0 0 )
#(12 8 6 4 0 0 0 0 0 0 )
#(8 7 12 2 0 0 0 0 0 0 )
#(7 4 4 7 0 0 0 0 0 0 )
#(10 1 11 3 0 2 0 0 0 0 )
#(9 9 5 5 1 0 0 0 0 0 )
#(10 1 12 2 0 2 0 0 0 0 )
#(7 6 7 7 0 1 0 0 0 0 )
#(10 5 7 4 3 0 0 0 0 0 )
#(9 4 6 6 2 1 0 0 0 0 )
#(8 4 6 4 5 0 0 0 0 0 )
#(6 2 8 5 2 1 0 0 0 0 )
#(6 4 9 7 0 0 0 0 0 0 )
#(2 5 9 6 1 0 0 0 0 0 )
#(8 5 7 7 0 0 0 0 0 0 )
#(5 4 5 7 2 1 0 0 0 0 )
