#(6 1 7 0 6 5 0 5 0 4 0 4)
#(6 1 4 0 6 7 0 8 0 8 0 5)
#(6 0 12 0 6 0 3 10 0 2 0 5)
#(5 1 7 0 7 0 5 7 1 10 0 6)
#(4 0 5 1 4 2 1 11 0 2 0 5)
#(5 0 4 0 5 4 1 6 1 4 0 3)
#(6 1 5 0 6 6 0 7 0 7 0 5)
#(9 1 4 2 10 5 0 1 1 3 0 4)
#(4 4 6 2 11 7 0 2 1 4 3 3)
#(4 0 2 2 22 2 0 0 9 7 0 5)
#(8 0 2 2 17 2 0 0 2 6 0 3)
#(6 2 9 2 10 5 0 2 2 5 0 7)
#(7 0 8 0 7 2 0 0 7 7 2 10)
#(8 0 7 0 7 5 0 6 0 6 0 5)
#(6 1 5 0 6 6 0 7 0 7 0 5)
#(9 1 8 0 6 10 0 7 0 6 0 9)
#(9 0 9 0 9 10 0 11 0 5 0 9)
#(17 0 4 0 20 4 0 16 0 1 0 2)
#(12 0 2 0 12 1 0 8 0 0 0 1)
