39
;
#(62 73 42 62 11 20 31 )
#(61 74 42 64 13 22 32 )
#(62 78 45 69 16 24 33 )
#(61 80 45 64 19 19 35 )
#(56 73 37 62 17 25 36 )
#(59 76 40 62 17 22 36 )
#(59 73 38 61 14 23 35 )
#(61 85 42 66 24 24 43 )
#(61 71 40 64 10 24 31 )
#(56 88 37 76 32 39 51 )
#(59 88 44 76 29 32 44 )
#(57 76 35 64 19 29 41 )
#(58 87 39 71 29 32 48 )
#(70 85 54 69 15 15 31 )
#(64 83 42 66 19 24 41 )
#(59 76 38 61 17 23 38 )
#(59 80 40 66 21 26 40 )
#(59 76 35 61 17 26 41 )
#(61 91 32 75 30 43 59 )
#(70 87 61 75 17 14 26 )
#(58 77 43 67 19 24 34 )
#(50 71 32 59 21 27 39 )
#(62 83 44 71 21 27 39 )
#(74 87 56 71 13 15 31 )
#(74 85 56 73 11 17 29 )
#(74 85 56 73 11 17 29 )
#(73 85 54 73 12 19 31 )
#(61 85 42 68 24 26 43 )
#(61 78 45 69 17 24 33 )
#(59 80 42 64 21 22 38 )
#(55 71 37 53 16 16 34 )
#(54 61 38 66 7 28 23 )
#(59 73 38 59 14 21 35 )
#(62 78 59 68 16 9 19 )
#(71 88 54 76 17 22 34 )
#(63 93 45 85 30 40 48 )
#(65 102 30 85 37 55 72 )
#(61 90 30 63 29 33 60 )
#(66 102 30 57 36 27 72 )
