#(0.5 1.0 1.0 0.5 0.0 0.0 L )
#(1.0 1.0 1.0 0.0 0.0 0.0 B )
#(1.0 0.9688 1.0 0.0 0.0313 0.0 R )
#(0.9688 1.0 1.0 0.0313 0.0 0.0 L )
#(0.9375 1.0 1.0 0.0625 0.0 0.0 L )
#(1.0 1.0 1.0 0.0 0.0 0.0 L )
#(0.8125 0.8125 0.8125 0.0 0.0 0.0 R )
#(1.0 1.0 1.0 0.0 0.0 0.0 B )
#(1.0 1.0 1.0 0.0 0.0 0.0 B )
#(0.875 0.5625 0.875 0.0 0.125 0.0 R )
#(1.0 0.75 1.0 0.0 0.25 0.0 R )
#(1.0 0.75 1.0 0.0 0.1563 0.0 R )
#(1.0 0.8125 1.0 0.0 0.1875 0.0 R )
#(1.0 0.75 1.0 0.0 0.25 0.0 R )
#(1.0 0.875 1.0 0.0 0.125 0.0 R )
#(1.0 1.0 1.0 0.0 0.0 0.0 B )
#(1.0 1.0 1.0 0.0 0.0 0.0 B )
#(1.0 1.0 1.0 0.0 0.0 0.0 B )
#(0.7188 0.625 0.7188 0.0 0.0 0.0 R )
#(1.0 1.0 1.0 0.0 0.0 0.0 B )
#(1.0 1.0 1.0 0.0 0.0 0.0 B )
#(1.0 1.0 1.0 0.0 0.0 0.0 B )
#(1.0 0.9063 1.0 0.0 0.0 0.0 R )
#(0.75 1.0 0.875 0.125 0.0 0.0 L )
#(0.5 1.0 0.75 0.25 0.0 0.0 L )
#(0.5 0.875 0.75 0.25 0.125 0.0 L )
#(0.875 0.875 0.9375 0.0625 0.125 0.0 B )
#(0.9688 1.0 1.0 0.0313 0.0 0.0 L )
#(1.0 0.9688 1.0 0.0 0.0313 0.0 R )
#(0.875 1.0 1.0 0.125 0.0 0.0 L )
#(1.0 1.0 1.0 0.0 0.0 0.0 B )
#(1.0 1.0 1.0 0.0 0.0 0.0 B )
#(1.0 1.0 1.0 0.0 0.0 0.0 B )
#(0.75 0.4688 0.9375 0.1875 0.0 0.0 R )
#(0.9375 0.7188 1.0 0.0625 0.1875 0.0 R )
#(0.875 0.6563 1.0 0.125 0.1563 0.0 R )
#(0.875 0.5313 0.875 0.0 0.0938 0.0 R )
#(0.7813 0.75 0.7813 0.0 0.0 0.0 R )
#(0.3438 0.0938 0.3438 0.6563 0.6563 0.6563 R )
