39
;
#(23 9 0 0 0 0 0 0 0 0 )
#(14 15 3 0 0 0 0 0 0 0 )
#(17 12 3 0 0 0 0 0 0 0 )
#(20 5 6 1 0 0 0 0 0 0 )
#(21 0 11 0 0 0 0 0 0 0 )
#(22 0 12 2 0 0 0 0 0 0 )
#(19 7 4 4 0 0 0 0 0 0 )
#(20 12 2 2 0 0 0 0 0 0 )
#(16 13 3 0 0 0 0 0 0 0 )
#(21 6 2 1 0 0 0 0 0 0 )
#(26 3 4 3 0 0 0 0 0 0 )
#(25 3 6 2 0 0 0 0 0 0 )
#(23 4 5 4 0 0 0 0 0 0 )
#(21 5 6 2 0 0 0 0 0 0 )
#(14 2 3 13 0 0 0 0 0 0 )
#(15 0 0 16 1 0 0 0 0 0 )
#(14 1 3 14 0 0 0 0 0 0 )
#(16 0 0 14 2 0 0 0 0 0 )
#(10 7 4 2 1 0 0 0 0 0 )
#(22 5 7 0 0 0 0 0 0 0 )
#(17 9 6 0 0 0 0 0 0 0 )
#(20 3 7 4 0 0 0 0 0 0 )
#(15 0 6 10 1 0 0 0 0 0 )
#(13 6 5 8 0 0 0 0 0 0 )
#(16 12 4 0 0 0 0 0 0 0 )
#(16 13 3 0 0 0 0 0 0 0 )
#(14 12 6 0 0 0 0 0 0 0 )
#(15 11 6 0 0 0 0 0 0 0 )
#(17 14 1 0 0 0 0 0 0 0 )
#(22 0 9 1 0 0 0 0 0 0 )
#(24 0 8 0 0 0 0 0 0 0 )
#(27 6 7 0 0 0 0 0 0 0 )
#(23 4 6 5 2 0 0 0 0 0 )
#(28 1 3 0 0 0 0 0 0 0 )
#(25 3 5 1 0 0 0 0 0 0 )
#(31 3 0 2 0 0 0 0 0 0 )
#(23 5 0 1 3 0 0 0 0 0 )
#(9 8 2 0 5 1 0 0 0 0 )
#(8 0 0 1 0 2 0 0 0 0 )
