#(22 0 4 0 20 4 0 7 0 0 0 4)
#(17 0 2 1 12 7 0 10 0 2 0 2)
#(21 0 4 0 12 9 0 12 0 6 0 3)
#(9 0 8 0 10 10 0 20 0 7 1 5)
#(13 2 7 1 11 1 0 11 0 4 0 7)
#(8 2 16 1 8 0 3 10 0 6 0 8)
#(14 0 8 0 8 0 6 22 0 6 0 12)
#(11 0 4 1 12 0 5 13 1 6 0 4)
#(4 1 7 1 2 0 3 8 0 2 0 7)
#(6 3 9 2 7 0 7 5 0 3 0 6)
#(13 0 8 0 9 0 3 24 0 7 0 8)
#(9 0 12 0 6 0 4 16 0 9 0 11)
#(8 0 18 0 3 0 4 22 0 5 0 14)
#(6 0 17 1 7 0 5 17 0 8 0 11)
#(5 0 11 1 6 2 2 13 2 3 0 11)
#(10 0 9 5 7 0 7 7 1 8 0 10)
#(3 1 10 0 2 2 2 10 0 4 0 13)
#(12 0 9 0 4 4 0 2 3 3 2 6)
#(8 2 3 1 3 6 1 8 0 11 1 1)
#(7 0 8 4 1 6 3 11 4 5 0 2)
#(6 3 8 4 6 7 3 19 0 3 0 6)
#(10 4 11 1 13 9 1 12 0 1 0 4)
#(23 0 3 0 15 8 0 5 0 2 0 3)
#(17 0 3 1 14 7 0 11 0 2 0 3)
#(14 0 8 0 15 8 0 18 0 5 0 5)
#(15 0 6 0 9 8 0 15 0 8 1 5)
#(9 2 10 1 9 0 3 10 0 6 0 6)
#(9 0 13 0 8 12 2 10 1 9 0 8)
#(28 0 2 0 10 16 0 6 0 12 0 4)
#(7 1 7 0 6 7 0 5 1 7 0 4)
#(8 0 1 0 6 5 2 6 1 4 0 4)
#(5 0 6 0 7 7 2 9 2 7 0 6)
#(18 0 4 0 13 12 0 26 0 6 0 7)
#(15 0 5 0 13 11 0 11 0 10 0 4)
#(18 0 5 0 13 7 0 27 0 3 0 6)
#(16 0 7 0 13 6 0 20 0 5 0 4)
#(20 2 5 0 9 8 0 4 1 6 1 4)
#(11 0 3 0 4 3 0 3 2 0 0 3)
