47
;
#(60 80 36 68 20 32 44 )
#(55 79 31 68 24 37 48 )
#(62 79 43 55 17 12 36 )
#(67 89 35 55 22 20 54 )
#(71 87 43 75 16 32 44 )
#(62 84 34 62 22 28 50 )
#(62 77 46 58 15 12 31 )
#(69 82 48 63 13 15 34 )
#(74 82 58 70 8 12 24 )
#(50 79 60 70 29 10 19 )
#(51 83 61 70 32 9 22 )
#(71 85 56 68 14 12 29 )
#(55 77 29 60 22 31 48 )
#(56 87 36 66 31 30 51 )
#(70 82 53 70 12 17 29 )
#(74 87 50 68 13 18 37 )
#(65 87 46 68 22 22 41 )
#(59 79 39 67 20 28 40 )
#(60 82 36 67 22 31 46 )
#(64 85 34 61 21 27 51 )
#(64 84 48 60 20 12 36 )
#(70 87 38 66 17 28 49 )
#(71 87 48 62 16 14 39 )
#(62 89 43 71 27 28 46 )
#(50 74 35 55 24 20 39 )
#(55 80 31 68 25 37 49 )
#(67 79 43 68 12 25 36 )
#(62 80 41 55 18 14 39 )
#(67 89 35 53 22 18 54 )
#(65 87 32 67 22 35 55 )
#(72 82 56 66 10 10 26 )
#(71 79 55 66 8 11 24 )
#(71 79 55 67 8 12 24 )
#(47 79 59 67 32 8 20 )
#(48 87 57 67 39 10 30 )
#(68 86 48 67 18 19 38 )
#(58 75 36 55 17 19 39 )
#(60 84 29 60 24 31 55 )
#(67 80 55 67 13 12 25 )
#(71 84 46 67 13 21 38 )
#(62 84 43 63 22 20 41 )
#(60 80 36 65 20 29 44 )
#(68 87 30 63 19 33 57 )
#(67 84 42 65 17 23 42 )
#(51 80 39 56 29 17 41 )
#(43 67 31 43 24 12 36 )
#(43 48 36 39 5 3 12 )
