#(0.8906 0.6875 0.8906 0.1094 0.3125 0.1094 R )
#(0.8906 0.6875 0.8906 0.1094 0.3125 0.1094 R )
#(0.9375 1.0 1.0 0.0625 0.0 0.0 L )
#(0.7813 1.0 1.0 0.2188 0.0 0.0 L )
#(0.8594 0.625 0.9531 0.1406 0.375 0.0469 R )
#(1.0 0.875 1.0 0.0 0.125 0.0 R )
#(0.9375 1.0 1.0 0.0625 0.0 0.0 L )
#(0.6875 0.625 1.0 0.3125 0.375 0.0 R )
#(1.0 0.5625 1.0 0.0 0.4375 0.0 R )
#(0.875 1.0 1.0 0.125 0.0 0.0 L )
#(0.875 1.0 1.0 0.125 0.0 0.0 L )
#(0.8125 0.4375 0.8438 0.1875 0.5625 0.1563 R )
#(0.625 0.875 0.875 0.375 0.125 0.125 L )
#(0.5 0.5 1.0 0.5 0.5 0.0 B )
#(0.8438 0.75 1.0 0.1563 0.25 0.0 R )
#(0.9375 1.0 1.0 0.0625 0.0 0.0 L )
#(1.0 0.5 1.0 0.0 0.5 0.0 R )
#(0.9531 0.5625 1.0 0.0469 0.4375 0.0 R )
#(0.8906 0.6875 0.8906 0.1094 0.3125 0.1094 R )
#(1.0 0.875 1.0 0.0 0.125 0.0 R )
#(0.875 1.0 1.0 0.125 0.0 0.0 L )
#(0.875 0.875 1.0 0.125 0.125 0.0 L )
#(0.75 1.0 1.0 0.25 0.0 0.0 L )
#(0.625 0.625 0.875 0.375 0.375 0.125 B )
#(0.8125 0.5625 0.8125 0.1875 0.4375 0.1875 R )
#(0.8906 0.6875 0.8906 0.1094 0.3125 0.1094 R )
#(0.8906 0.6875 0.8906 0.1094 0.3125 0.1094 R )
#(0.875 1.0 1.0 0.125 0.0 0.0 L )
#(0.8125 0.875 1.0 0.1875 0.125 0.0 L )
#(0.9375 0.75 1.0 0.0625 0.25 0.0 R )
#(0.9375 0.9688 1.0 0.0625 0.0313 0.0 L )
#(0.75 0.75 1.0 0.25 0.25 0.0 B )
#(0.9375 0.5625 1.0 0.0625 0.4375 0.0 R )
#(0.875 1.0 1.0 0.125 0.0 0.0 L )
#(0.9063 0.875 0.9688 0.0938 0.125 0.0313 R )
#(0.9375 0.5625 1.0 0.0625 0.4375 0.0 R )
#(0.9063 0.625 0.9688 0.0938 0.375 0.0313 R )
#(0.375 0.625 1.0 0.625 0.375 0.0 L )
#(0.9063 0.5625 1.0 0.0938 0.4375 0.0 R )
#(0.875 1.0 1.0 0.125 0.0 0.0 L )
#(1.0 0.875 1.0 0.0 0.125 0.0 R )
#(0.8125 0.75 1.0 0.1875 0.25 0.0 R )
#(0.8125 0.75 1.0 0.1875 0.25 0.0 R )
#(0.9375 1.0 1.0 0.0625 0.0 0.0 L )
#(0.6667 1.0 1.0 0.3333 0.0 0.0 L )
#(0.75 0.875 0.875 0.25 0.125 0.125 L )
#(0.5 0.5 0.5 0.5 0.5 0.5 B )
