47
;
#(6 0 8 2 0 0 0 0 0 0 )
#(6 0 7 3 0 0 0 0 0 0 )
#(19 4 9 0 0 0 0 0 0 0 )
#(25 6 1 6 0 0 0 0 0 0 )
#(19 6 0 0 0 0 0 0 0 0 )
#(28 10 5 0 0 0 0 0 0 0 )
#(12 23 0 0 0 0 0 0 0 0 )
#(17 5 1 1 0 0 0 0 0 0 )
#(18 4 5 0 0 0 0 0 0 0 )
#(20 14 0 0 0 0 0 0 0 0 )
#(21 10 2 0 0 0 0 0 0 0 )
#(16 2 3 1 0 0 0 0 0 0 )
#(29 1 3 2 0 0 0 0 0 0 )
#(24 0 2 0 0 0 0 0 0 0 )
#(16 12 2 0 0 0 0 0 0 0 )
#(9 27 0 0 0 0 0 0 0 0 )
#(28 0 3 5 0 0 0 0 0 0 )
#(22 1 6 1 0 0 0 0 0 0 )
#(8 0 7 1 0 0 0 0 0 0 )
#(28 10 5 0 0 0 0 0 0 0 )
#(26 17 0 0 0 0 0 0 0 0 )
#(38 5 5 0 0 0 0 0 0 0 )
#(38 10 0 0 0 0 0 0 0 0 )
#(15 2 5 0 0 0 0 0 0 0 )
#(4 0 3 0 2 0 0 0 0 0 )
#(6 0 8 2 0 0 0 0 0 0 )
#(12 1 5 3 0 0 0 0 0 0 )
#(18 4 9 1 0 0 0 0 0 0 )
#(27 6 0 5 0 0 0 0 0 0 )
#(10 5 0 4 0 0 0 0 0 0 )
#(19 13 0 0 0 0 0 0 0 0 )
#(15 4 4 0 1 0 0 0 0 0 )
#(22 6 1 0 0 0 0 0 0 0 )
#(22 14 0 0 0 0 0 0 0 0 )
#(17 10 0 3 1 0 0 0 0 0 )
#(18 5 2 1 0 0 0 0 0 0 )
#(18 4 2 3 1 0 0 0 0 0 )
#(46 0 1 0 0 0 0 0 0 0 )
#(21 8 3 0 0 0 0 0 0 0 )
#(9 25 0 0 0 0 0 0 0 0 )
#(20 9 4 3 0 0 0 0 0 0 )
#(27 2 4 1 1 0 0 0 0 0 )
#(8 5 5 0 0 0 0 0 0 0 )
#(42 4 5 0 0 0 0 0 0 0 )
#(48 0 0 0 0 0 0 0 0 0 )
#(34 3 0 1 0 0 0 0 0 0 )
#(0 0 0 1 0 0 0 0 0 0 )
