#(67 84 47 60 17 13 37 )
#(65 84 43 60 19 17 41 )
#(64 84 48 67 20 19 36 )
#(72 84 55 67 12 12 29 )
#(67 77 48 60 10 12 29 )
#(72 84 48 60 12 12 36 )
#(67 84 48 63 17 15 36 )
#(75 80 45 51 5 6 35 )
#(71 77 48 56 6 8 29 )
#(67 84 47 60 17 13 37 )
#(65 84 43 60 19 17 41 )
#(64 84 48 67 20 19 36 )
#(71 84 53 67 13 14 31 )
#(72 81 48 72 9 24 33 )
#(76 84 60 72 8 12 24 )
#(72 82 48 67 10 19 34 )
#(72 84 46 60 12 14 38 )
#(72 82 48 60 10 12 34 )
#(67 84 43 60 17 17 41 )
#(64 84 48 60 20 12 36 )
#(79 84 55 67 5 12 29 )
#(71 81 48 65 10 17 33 )
#(64 81 40 57 17 17 41 )
#(64 81 40 65 17 25 41 )
#(77 83 62 74 6 12 21 )
#(72 84 48 60 12 12 36 )
#(67 81 43 62 14 19 38 )
#(67 84 43 55 17 12 41 )
#(64 79 36 55 15 19 43 )
#(64 72 36 36 8 -1 36 )
