48
;
#(76 84 65 72 8 7 19 )
#(62 81 55 72 19 17 26 )
#(64 72 53 60 8 7 19 )
#(64 84 45 60 20 15 39 )
#(55 77 41 53 22 12 36 )
#(57 74 41 53 17 12 33 )
#(65 81 53 65 16 12 28 )
#(64 81 54 65 17 11 27 )
#(62 84 42 79 22 37 42 )
#(62 81 42 55 19 13 39 )
#(76 81 59 67 5 8 22 )
#(76 79 59 72 3 13 20 )
#(71 81 62 69 10 7 19 )
#(67 81 47 65 14 18 34 )
#(67 84 47 72 17 25 37 )
#(63 77 55 69 14 14 22 )
#(59 67 43 58 8 15 24 )
#(65 77 53 65 12 12 24 )
#(71 79 55 64 8 9 24 )
#(72 84 48 64 12 16 36 )
#(72 84 38 54 12 16 46 )
#(70 82 43 62 12 19 39 )
#(60 76 55 58 16 3 21 )
#(57 82 36 57 25 21 46 )
#(62 79 33 70 17 37 46 )
#(71 86 57 69 15 12 29 )
#(74 86 33 61 12 28 53 )
#(76 84 65 72 8 7 19 )
#(62 81 55 72 19 17 26 )
#(64 72 53 60 8 7 19 )
#(64 84 45 60 20 15 39 )
#(55 77 41 53 22 12 36 )
#(57 74 41 53 17 12 33 )
#(65 81 53 65 16 12 28 )
#(64 86 60 72 22 12 26 )
#(69 86 59 70 17 11 27 )
#(67 89 47 72 22 25 42 )
#(67 86 35 48 19 13 51 )
#(81 86 64 72 5 8 22 )
#(81 84 64 77 3 13 20 )
#(70 81 55 74 11 19 26 )
#(60 74 40 58 14 18 34 )
#(60 77 40 65 17 25 37 )
#(60 70 48 62 10 14 22 )
#(65 72 36 63 7 27 36 )
#(70 82 58 70 12 12 24 )
#(64 84 48 70 20 22 36 )
#(65 77 41 57 12 16 36 )
