48
;
#(0.5 0.1667 0.5 0.3333 0.6667 0.3333 R )
#(0.8333 0.6667 0.8333 0.1667 0.3333 0.1667 R )
#(0.6667 0.25 0.6667 0.3333 0.75 0.3333 R )
#(0.8333 0.5833 0.8333 0.1667 0.4167 0.1667 R )
#(0.9167 1.0 1.0 0.0833 0.0 0.0 L )
#(0.8333 1.0 1.0 0.1667 0.0 0.0 L )
#(0.7083 0.625 1.0 0.2917 0.375 0.0 R )
#(0.8333 0.375 0.9167 0.1667 0.625 0.0833 R )
#(0.3333 0.6667 0.6667 0.6667 0.3333 0.3333 L )
#(0.5833 0.25 0.75 0.4167 0.75 0.25 R )
#(0.9167 0.5 1.0 0.0833 0.5 0.0 R )
#(0.8333 1.0 1.0 0.1667 0.0 0.0 L )
#(1.0 0.8333 1.0 0.0 0.1667 0.0 R )
#(1.0 0.8333 1.0 0.0 0.1667 0.0 R )
#(1.0 0.6667 1.0 0.0 0.3333 0.0 R )
#(1.0 0.8333 1.0 0.0 0.1667 0.0 R )
#(0.8333 0.75 1.0 0.1667 0.25 0.0 R )
#(0.5 0.5 1.0 0.5 0.5 0.0 B )
#(0.8333 0.3333 1.0 0.1667 0.6667 0.0 R )
#(0.5833 0.3333 0.5833 0.1667 0.4167 0.1667 R )
#(1.0 0.25 1.0 0.0 0.75 0.0 R )
#(0.9167 0.6667 0.9167 0.0833 0.3333 0.0833 R )
#(1.0 0.25 1.0 0.0 0.75 0.0 R )
#(1.0 1.0 1.0 0.0 0.0 0.0 B )
#(0.9583 0.9167 1.0 0.0417 0.0833 0.0 R )
#(0.7083 0.7083 1.0 0.2917 0.2917 0.0 B )
#(0.25 0.7083 0.8333 0.75 0.2917 0.1667 L )
#(0.5 0.1667 0.5 0.5 0.8333 0.5 R )
#(0.8333 0.6667 0.8333 0.1667 0.3333 0.1667 R )
#(0.6667 0.25 0.6667 0.3333 0.75 0.3333 R )
#(0.8333 0.5833 0.8333 0.1667 0.4167 0.1667 R )
#(0.9167 1.0 1.0 0.0833 0.0 0.0 L )
#(0.8333 1.0 1.0 0.1667 0.0 0.0 L )
#(0.7083 0.625 1.0 0.2917 0.375 0.0 R )
#(0.8333 0.5 1.0 0.1667 0.5 0.0 R )
#(0.8333 0.375 0.9167 0.1667 0.625 0.0833 R )
#(0.3333 0.6667 0.6667 0.6667 0.3333 0.3333 L )
#(0.5833 0.25 0.75 0.4167 0.75 0.25 R )
#(0.9167 0.5 1.0 0.0833 0.5 0.0 R )
#(0.8333 1.0 1.0 0.1667 0.0 0.0 L )
#(1.0 0.8333 1.0 0.0 0.1667 0.0 R )
#(1.0 0.8333 1.0 0.0 0.1667 0.0 R )
#(1.0 0.6667 1.0 0.0 0.3333 0.0 R )
#(0.75 0.8333 1.0 0.25 0.1667 0.0 L )
#(0.25 0.75 1.0 0.75 0.25 0.0 L )
#(0.5 0.5 1.0 0.5 0.5 0.0 B )
#(0.8333 0.3333 1.0 0.1667 0.6667 0.0 R )
#(0.6667 0.8333 0.8333 0.25 0.0833 0.0833 L )
