#(5 0 0 2 0 0 0 0 0 0 )
#(13 5 0 1 0 0 0 0 0 0 )
#(8 1 0 2 0 0 0 0 0 0 )
#(11 0 4 1 0 0 0 0 0 0 )
#(2 0 10 0 0 0 0 0 0 0 )
#(2 0 10 0 0 0 0 0 0 0 )
#(20 0 1 0 0 0 0 0 0 0 )
#(19 0 1 0 0 0 0 0 0 0 )
#(4 0 4 0 0 0 0 0 0 0 )
#(7 0 2 0 0 0 0 0 0 0 )
#(13 4 1 0 0 0 0 0 0 0 )
#(13 6 2 0 0 0 0 0 0 0 )
#(3 7 1 0 0 1 0 0 0 0 )
#(10 6 1 0 0 1 0 0 0 0 )
#(19 0 5 0 0 0 0 0 0 0 )
#(16 4 4 0 0 0 0 0 0 0 )
#(10 6 2 0 0 0 0 0 0 0 )
#(6 6 0 0 0 0 0 0 0 0 )
#(20 4 0 0 0 0 0 0 0 0 )
#(6 1 3 0 0 0 0 0 0 0 )
#(12 0 3 0 0 0 0 0 0 0 )
#(12 1 2 1 0 0 0 0 0 0 )
#(12 0 3 0 0 0 0 0 0 0 )
#(20 0 4 0 0 0 0 0 0 0 )
#(20 0 4 0 0 0 0 0 0 0 )
#(17 3 4 0 0 0 0 0 0 0 )
#(16 0 3 0 0 0 0 0 0 0 )
#(5 0 0 2 0 0 0 0 0 0 )
#(13 5 0 1 0 0 0 0 0 0 )
#(8 1 0 2 0 0 0 0 0 0 )
#(11 0 4 1 0 0 0 0 0 0 )
#(2 0 10 0 0 0 0 0 0 0 )
#(2 0 10 0 0 0 0 0 0 0 )
#(20 0 1 0 0 0 0 0 0 0 )
#(24 0 0 0 0 0 0 0 0 0 )
#(19 0 1 0 0 0 0 0 0 0 )
#(4 0 4 0 0 0 0 0 0 0 )
#(7 0 2 0 0 0 0 0 0 0 )
#(13 4 1 0 0 0 0 0 0 0 )
#(13 6 2 0 0 0 0 0 0 0 )
#(3 7 1 0 0 1 0 0 0 0 )
#(10 6 1 0 0 1 0 0 0 0 )
#(19 0 5 0 0 0 0 0 0 0 )
#(16 4 4 0 0 0 0 0 0 0 )
#(10 6 2 0 0 0 0 0 0 0 )
#(6 6 0 0 0 0 0 0 0 0 )
#(20 2 2 0 0 0 0 0 0 0 )
#(10 1 0 5 0 0 0 0 0 0 )
