127
;
#(60 81 43 64 21 21 38 )
#(62 79 38 62 17 24 41 )
#(66 77 55 70 11 15 22 )
#(64 83 45 65 19 20 38 )
#(72 84 50 65 12 15 34 )
#(62 72 36 55 10 19 36 )
#(65 80 53 68 15 15 27 )
#(67 84 53 68 17 15 31 )
#(70 84 48 72 14 24 36 )
#(60 79 48 63 19 15 31 )
#(62 79 53 67 17 14 26 )
#(65 80 39 65 15 26 41 )
#(72 80 36 56 8 20 44 )
#(62 74 50 57 12 7 24 )
#(68 78 45 57 10 12 33 )
#(68 78 52 64 10 12 26 )
#(71 83 52 64 12 12 31 )
#(66 79 54 71 13 17 25 )
#(66 76 50 71 10 21 26 )
#(64 79 47 57 15 10 32 )
#(69 78 45 57 9 12 33 )
#(64 78 45 57 14 12 33 )
#(66 76 40 59 10 19 36 )
#(62 76 45 57 14 12 31 )
#(62 74 49 59 12 10 25 )
#(62 83 49 59 21 10 34 )
#(57 76 42 57 19 15 34 )
#(61 71 38 45 10 7 33 )
#(61 76 49 58 15 9 27 )
#(70 82 50 62 12 12 32 )
#(67 79 48 62 12 14 31 )
#(64 76 45 60 12 15 31 )
#(65 72 36 53 7 17 36 )
#(62 72 42 53 10 11 30 )
#(60 77 40 53 17 13 37 )
#(60 72 52 52 12 0 20 )
#(66 81 52 65 15 13 29 )
#(62 81 42 64 19 22 39 )
#(64 82 36 62 18 26 46 )
#(67 82 45 61 15 16 37 )
#(61 74 38 58 13 20 36 )
#(62 77 39 63 15 24 38 )
#(65 82 45 58 17 13 37 )
#(68 84 47 65 16 18 37 )
#(64 84 48 65 20 17 36 )
#(65 80 45 65 15 20 35 )
#(67 80 41 60 13 19 39 )
#(62 82 50 63 20 13 32 )
#(63 82 39 63 19 24 43 )
#(63 76 52 64 13 12 24 )
#(64 76 39 52 12 13 37 )
#(64 80 39 61 16 22 41 )
#(63 80 37 61 17 24 43 )
#(59 83 35 59 24 24 48 )
#(59 71 46 59 12 13 25 )
#(70 83 47 59 13 12 36 )
#(71 83 51 63 12 12 32 )
#(70 81 54 63 11 9 27 )
#(58 76 49 61 18 12 27 )
#(56 73 44 56 17 12 29 )
#(66 76 39 49 10 10 37 )
#(63 78 47 61 15 14 31 )
#(61 76 45 61 15 16 31 )
#(63 78 49 64 15 15 29 )
#(64 76 40 59 12 19 36 )
#(64 84 40 66 20 26 44 )
#(67 79 38 60 12 22 41 )
#(62 83 38 67 21 29 45 )
#(62 79 40 66 17 26 39 )
#(59 79 42 64 20 22 37 )
#(64 81 36 60 17 24 45 )
#(65 84 53 65 19 12 31 )
#(67 81 55 72 14 17 26 )
#(60 74 43 67 14 24 31 )
#(67 84 45 63 17 18 39 )
#(67 82 43 67 15 24 39 )
#(67 82 38 58 15 20 44 )
#(65 77 36 65 12 29 41 )
#(53 74 45 60 21 15 29 )
#(55 65 36 48 10 12 29 )
#(64 82 41 58 18 17 41 )
#(64 82 52 70 18 18 30 )
#(60 80 43 63 20 20 37 )
#(69 84 50 68 15 18 34 )
#(65 79 46 65 14 19 33 )
#(65 82 45 65 17 20 37 )
#(64 80 48 65 16 17 32 )
#(64 82 36 60 18 24 46 )
#(65 73 41 60 8 19 32 )
#(66 81 50 64 15 14 31 )
#(62 79 47 62 17 15 32 )
#(62 83 49 62 21 13 34 )
#(69 81 45 62 12 17 36 )
#(67 81 40 59 14 19 41 )
#(67 76 48 67 9 19 28 )
#(62 84 38 57 22 19 46 )
#(55 83 38 55 28 17 45 )
#(60 78 43 62 18 19 35 )
#(69 82 38 62 13 24 44 )
#(64 81 45 62 17 17 36 )
#(62 80 36 58 18 22 44 )
#(60 79 50 63 19 13 29 )
#(61 81 38 63 20 25 43 )
#(59 81 40 64 22 24 41 )
#(59 83 40 69 24 29 43 )
#(60 80 37 61 20 24 43 )
#(56 78 45 67 22 22 33 )
#(52 83 44 61 31 17 39 )
#(69 81 40 54 12 14 41 )
#(62 77 43 62 15 19 34 )
#(62 79 38 67 17 29 41 )
#(66 84 52 69 18 17 32 )
#(66 82 40 67 16 27 42 )
#(59 77 40 69 18 29 37 )
#(54 83 38 59 29 21 45 )
#(57 72 39 52 15 13 33 )
#(57 82 46 63 25 17 36 )
#(65 77 40 65 12 25 37 )
#(59 81 36 60 22 24 45 )
#(60 82 45 70 22 25 37 )
#(63 82 36 65 19 29 46 )
#(61 73 42 56 12 14 31 )
#(65 83 37 64 18 27 46 )
#(62 84 38 64 22 26 46 )
#(59 78 44 64 19 20 34 )
#(64 83 38 61 19 23 45 )
#(61 74 42 59 13 17 32 )
