127
;
#(20 0 13 0 13 9 2 18 0 13 0 14)
#(12 0 16 0 8 0 9 16 0 13 0 13)
#(13 3 16 0 15 15 1 13 2 12 2 11)
#(10 1 14 0 17 8 3 7 5 16 0 10)
#(15 0 15 0 17 17 0 14 0 11 4 8)
#(7 0 3 0 5 4 0 5 0 3 2 2)
#(19 0 19 12 0 14 0 8 10 0 5 6)
#(14 0 16 18 0 14 0 13 11 0 15 0)
#(18 0 13 13 2 11 5 23 12 8 20 0)
#(18 0 9 9 0 6 3 15 0 19 17 0)
#(16 0 21 19 0 25 0 15 2 11 16 0)
#(19 0 21 16 0 17 1 14 6 5 8 5)
#(14 0 9 8 0 11 0 12 8 0 3 3)
#(7 0 7 0 8 4 0 4 0 2 0 3)
#(8 0 6 0 4 2 2 16 0 6 0 8)
#(4 0 4 0 2 0 2 8 0 7 0 6)
#(5 1 9 0 6 4 1 6 1 9 0 6)
#(7 0 7 0 6 1 1 0 4 6 0 5)
#(11 0 7 0 8 3 1 3 2 10 0 9)
#(2 1 4 0 4 5 1 3 0 4 0 3)
#(8 0 7 0 8 3 2 6 0 7 0 6)
#(6 0 4 0 4 0 4 7 0 7 0 9)
#(9 0 7 0 7 8 0 10 0 5 0 6)
#(8 0 8 0 6 4 0 4 0 1 0 3)
#(15 0 7 0 9 6 0 7 0 4 0 5)
#(10 0 7 0 8 5 0 3 0 2 0 2)
#(12 0 7 0 6 8 0 8 0 6 1 4)
#(5 0 2 0 3 4 0 2 0 1 0 2)
#(7 0 7 7 0 7 0 7 6 0 2 3)
#(6 0 5 7 0 6 0 6 4 0 0 2)
#(10 0 9 7 0 8 0 6 5 0 8 0)
#(5 0 6 6 0 6 0 6 5 0 7 0)
#(8 0 4 7 0 6 0 5 6 0 11 0)
#(3 0 4 3 2 6 0 7 7 0 6 0)
#(10 0 7 7 0 3 3 6 3 6 8 0)
#(3 0 7 0 4 0 5 4 0 2 3 0)
#(9 0 10 4 2 2 2 8 2 4 6 0)
#(6 2 2 0 2 3 0 10 6 1 4 0)
#(9 0 7 7 0 8 0 8 4 2 5 2)
#(5 0 5 5 0 7 0 6 3 1 0 6)
#(10 0 5 7 0 7 0 8 7 0 4 1)
#(22 0 9 0 14 13 3 15 0 16 0 13)
#(15 0 13 0 13 5 9 15 0 10 0 17)
#(20 0 14 0 12 13 1 14 1 17 3 11)
#(6 9 18 0 15 14 2 11 3 10 2 7)
#(15 3 13 0 12 7 10 18 0 17 14 4)
#(4 5 15 0 14 16 0 13 0 12 8 2)
#(19 0 14 0 14 18 0 12 0 15 2 12)
#(18 0 11 0 10 14 0 10 0 14 6 7)
#(10 0 5 0 8 7 0 7 0 5 2 6)
#(6 0 3 0 6 5 0 5 0 3 2 4)
#(11 0 6 0 5 2 2 7 0 8 0 8)
#(9 0 3 0 4 0 8 3 0 7 0 2)
#(7 0 10 0 2 2 3 16 0 6 0 11)
#(5 0 5 0 3 2 4 6 0 3 0 6)
#(9 0 7 0 5 4 4 8 0 5 0 8)
#(2 1 0 5 8 0 6 6 0 5 2 13)
#(10 0 6 0 5 3 2 8 2 9 0 9)
#(3 1 0 5 7 4 6 5 0 8 0 3)
#(7 0 5 1 10 4 1 6 0 6 2 5)
#(5 0 4 0 8 6 0 7 0 3 2 4)
#(8 0 10 0 10 10 0 9 0 4 0 7)
#(5 0 3 0 4 6 0 4 0 5 0 4)
#(11 0 7 0 10 9 0 6 0 5 0 7)
#(7 0 1 0 5 1 0 6 0 0 0 1)
#(19 0 15 14 0 11 0 17 6 2 10 3)
#(10 0 13 16 0 10 0 12 8 1 12 0)
#(21 0 16 15 0 9 4 10 4 7 17 0)
#(12 0 12 9 2 10 0 15 3 6 8 6)
#(17 0 16 17 0 14 0 19 9 3 3 12)
#(9 0 8 12 0 9 0 8 7 0 2 2)
#(16 0 4 0 15 9 0 18 0 6 0 4)
#(21 0 11 0 16 4 3 10 0 10 0 9)
#(13 0 12 0 8 2 8 17 0 9 0 12)
#(5 3 11 0 11 6 2 13 0 5 5 7)
#(14 0 14 0 6 12 0 6 3 17 4 10)
#(7 0 13 0 10 8 4 4 4 14 0 8)
#(21 0 6 0 7 17 0 17 0 22 7 3)
#(12 0 11 0 12 15 0 11 0 7 1 10)
#(9 0 5 0 6 5 0 6 0 2 0 3)
#(17 0 16 13 1 13 0 9 7 3 3 9)
#(12 0 15 13 1 11 0 8 5 2 1 9)
#(14 0 11 11 3 4 8 13 2 10 11 1)
#(5 8 9 1 7 3 4 10 0 11 9 2)
#(15 0 9 7 2 4 7 13 2 14 14 1)
#(7 1 8 7 4 11 0 11 10 0 9 0)
#(16 2 13 14 0 13 0 10 11 1 9 3)
#(11 0 11 10 1 12 0 11 7 3 1 10)
#(7 0 4 4 0 4 0 6 3 0 2 0)
#(13 0 11 0 11 9 0 16 0 5 2 10)
#(9 0 9 0 12 5 3 11 0 8 0 11)
#(17 0 11 0 8 4 6 9 0 13 0 12)
#(3 0 13 0 1 1 5 12 0 4 0 10)
#(13 0 10 0 13 13 0 8 0 8 1 4)
#(7 0 4 0 12 5 0 7 0 5 0 4)
#(13 0 11 0 12 8 0 16 0 3 0 15)
#(14 0 7 0 10 5 0 10 0 6 0 6)
#(22 0 15 14 0 14 0 19 6 11 11 7)
#(13 0 15 10 5 9 6 19 4 8 14 0)
#(16 1 17 10 3 11 4 17 6 12 16 0)
#(19 7 7 5 8 16 0 17 15 0 13 0)
#(21 2 16 17 0 14 0 16 12 4 11 8)
#(11 0 11 7 0 9 1 13 6 1 1 4)
#(28 0 20 0 14 11 9 21 0 22 0 20)
#(20 0 21 0 19 17 1 13 4 13 0 17)
#(18 0 15 5 23 9 12 19 4 28 0 21)
#(16 5 23 0 17 24 4 22 0 21 10 8)
#(24 0 22 0 18 22 0 20 0 14 0 15)
#(6 0 4 0 7 4 0 6 0 3 0 1)
#(22 0 16 16 0 13 0 20 8 0 9 3)
#(5 0 8 19 0 14 0 14 9 0 20 0)
#(20 0 12 18 0 13 3 17 2 14 17 0)
#(5 2 10 8 4 7 4 18 7 5 11 2)
#(20 0 20 16 0 14 2 17 8 5 2 11)
#(12 1 12 18 0 15 2 16 5 2 1 9)
#(9 0 4 4 0 2 1 7 3 0 2 2)
#(22 0 15 0 14 17 0 18 0 13 3 10)
#(15 0 20 0 13 6 6 17 0 11 0 13)
#(12 3 18 0 19 12 0 17 3 23 6 16)
#(28 0 29 0 27 25 0 21 0 18 6 14)
#(25 0 16 0 17 25 0 21 0 15 5 8)
#(17 0 11 7 0 8 4 17 4 8 10 2)
#(15 0 12 9 0 8 5 18 4 9 12 1)
#(11 1 10 24 0 13 0 16 17 0 18 0)
#(12 0 12 14 3 16 2 7 5 7 16 2)
#(21 0 18 15 2 18 0 19 7 2 7 6)
#(6 0 1 4 0 3 0 5 3 0 0 2)
