#(67 80 46 56 13 10 34 )
#(65 75 46 63 10 17 29 )
#(67 82 46 63 15 17 36 )
#(67 87 43 65 20 22 44 )
#(67 82 44 64 15 20 38 )
#(67 86 39 63 19 24 47 )
#(74 89 41 63 15 22 48 )
#(69 89 41 63 20 22 48 )
#(63 81 36 62 18 26 45 )
#(62 75 34 63 13 29 41 )
#(65 77 46 63 12 17 31 )
#(67 82 46 63 15 17 36 )
#(67 87 43 65 20 22 44 )
#(63 79 39 63 16 24 40 )
#(62 73 34 61 11 27 39 )
#(63 75 39 60 12 21 36 )
#(60 73 34 61 13 27 39 )
#(60 80 32 56 20 24 48 )
#(63 80 36 61 17 25 44 )
#(63 87 37 63 24 26 50 )
#(63 80 36 61 17 25 44 )
#(60 80 37 61 20 24 43 )
#(60 80 32 56 20 24 48 )
