#( 0 5 15 9 15 0 0 )
#( 0 4 20 32 13 0 0 )
#( 0 2 18 27 20 0 0 )
#( 0 4 15 29 13 3 0 )
#( 0 3 17 27 31 0 0 )
#( 0 7 15 14 20 3 0 )
#( 0 6 17 9 24 11 0 )
#( 0 6 16 13 25 5 0 )
#( 0 14 16 27 27 0 0 )
#( 1 7 17 24 7 0 0 )
#( 0 4 20 31 13 0 0 )
#( 0 2 17 28 20 0 0 )
#( 0 5 12 22 27 3 0 )
#( 0 8 17 31 19 0 0 )
#( 4 12 16 44 10 0 0 )
#( 0 10 22 32 21 0 0 )
#( 4 12 17 45 9 0 0 )
#( 2 15 13 13 5 0 0 )
#( 0 8 22 12 19 0 0 )
#( 0 9 19 10 26 8 0 )
#( 0 8 22 12 19 0 0 )
#( 0 10 14 19 20 0 0 )
#( 1 3 2 3 2 0 0 )
