#(4 0 8 0 9 3 1 9 2 6 0 2)
#(12 0 2 0 19 6 0 18 0 5 0 7)
#(7 0 5 2 4 17 3 15 0 4 0 10)
#(12 0 2 0 24 0 0 9 3 8 0 6)
#(17 3 6 2 12 6 6 14 0 10 0 2)
#(16 0 12 0 4 0 9 6 0 6 0 6)
#(7 1 7 0 12 10 1 20 0 2 0 7)
#(10 0 7 0 9 10 0 17 0 2 0 10)
#(11 0 6 0 14 13 4 19 0 11 0 6)
#(21 0 2 0 7 8 0 5 0 12 1 0)
#(4 0 5 0 7 18 0 17 0 6 0 11)
#(15 0 2 2 15 5 3 16 0 3 0 6)
#(11 3 5 2 16 3 2 9 3 12 0 3)
#(23 0 8 0 4 10 12 4 0 9 3 2)
#(10 0 19 0 6 8 12 8 0 15 0 8)
#(16 9 0 0 22 2 0 25 2 9 0 0)
#(11 0 17 0 7 7 12 10 0 13 0 10)
#(17 0 0 0 8 0 0 11 0 10 0 2)
#(9 0 4 0 10 8 0 21 0 2 0 7)
#(8 2 12 0 11 8 4 13 1 6 1 6)
#(9 0 5 0 10 8 0 21 0 2 0 6)
#(9 0 3 3 6 6 3 15 2 11 0 5)
#(7 0 0 0 2 0 0 2 0 0 0 0)
