23
;
#(4 20 0 0 0 0 0 0 0 0 )
#(4 5 9 2 4 0 0 0 0 0 )
#(7 4 4 2 4 2 0 0 0 0 )
#(5 3 5 4 2 2 0 0 0 0 )
#(4 3 6 3 6 0 0 1 0 0 )
#(4 1 1 4 2 4 0 0 0 0 )
#(8 2 1 7 0 4 0 0 0 0 )
#(6 1 1 5 2 4 0 0 0 0 )
#(6 11 3 8 3 0 0 0 0 0 )
#(3 5 4 4 3 0 0 0 0 0 )
#(4 6 8 2 4 0 0 0 0 0 )
#(7 3 5 3 3 2 0 0 0 0 )
#(3 1 5 4 3 3 0 0 0 0 )
#(6 5 5 6 4 0 0 0 0 0 )
#(10 2 9 3 3 3 0 0 0 0 )
#(7 6 6 7 4 0 0 0 0 0 )
#(9 3 9 3 3 3 0 0 0 0 )
#(3 12 0 4 1 0 0 0 0 0 )
#(7 1 7 4 3 0 0 0 0 0 )
#(7 7 6 3 3 1 0 0 0 0 )
#(7 1 7 4 3 0 0 0 0 0 )
#(9 3 6 5 2 0 0 0 0 0 )
#(0 1 0 1 1 0 0 0 0 0 )
