28
;
#(62 77 41 60 15 19 36 )
#(61 74 41 58 13 17 33 )
#(62 87 38 62 25 24 49 )
#(65 82 38 63 17 25 44 )
#(63 82 38 63 19 25 44 )
#(66 81 38 63 15 25 43 )
#(67 87 34 63 20 29 53 )
#(66 81 36 63 15 27 45 )
#(67 87 34 63 20 29 53 )
#(65 74 34 63 9 29 40 )
#(65 82 34 68 17 34 48 )
#(53 74 34 63 21 29 40 )
#(62 79 34 63 17 29 45 )
#(65 82 34 63 17 29 48 )
#(53 82 41 68 29 27 41 )
#(65 79 41 63 14 22 38 )
#(65 87 37 63 22 26 50 )
#(60 77 48 62 17 14 29 )
#(66 87 33 63 21 30 54 )
#(65 87 34 72 22 38 53 )
#(63 84 35 63 21 28 49 )
#(61 74 41 58 13 17 33 )
#(62 87 38 62 25 24 49 )
#(65 82 38 63 17 25 44 )
#(63 82 38 63 19 25 44 )
#(53 86 41 63 33 22 45 )
#(61 82 41 69 21 28 41 )
#(70 82 34 65 12 31 48 )
