28
;
#( 0 1 17 19 3 0 0 )
#( 0 7 17 37 3 0 0 )
#( 0 8 19 16 20 6 0 )
#( 0 12 20 25 28 0 0 )
#( 0 11 21 28 26 0 0 )
#( 0 7 15 24 8 0 0 )
#( 1 10 18 22 12 1 0 )
#( 0 9 20 28 7 0 0 )
#( 1 10 18 22 12 1 0 )
#( 1 9 18 25 13 0 0 )
#( 1 7 12 28 28 0 0 )
#( 2 7 25 32 4 0 0 )
#( 2 9 20 22 28 0 0 )
#( 3 13 15 17 32 0 0 )
#( 0 5 19 33 11 0 0 )
#( 0 8 23 19 18 0 0 )
#( 0 9 23 11 22 5 0 )
#( 0 0 16 20 8 0 0 )
#( 1 6 13 20 29 6 0 )
#( 1 5 10 18 36 9 0 )
#( 1 11 19 31 27 1 0 )
#( 0 7 17 37 3 0 0 )
#( 0 8 19 16 20 6 0 )
#( 0 12 20 25 28 0 0 )
#( 0 11 21 28 26 0 0 )
#( 0 2 6 12 35 3 0 )
#( 0 2 5 38 12 0 0 )
#( 1 2 1 3 5 0 0 )
