#(2 2 3 0 4 6 2 10 2 2 4 3)
#(11 0 2 2 11 7 0 23 0 4 0 4)
#(15 0 6 1 16 5 0 5 7 10 0 4)
#(19 0 2 0 13 17 0 18 0 10 2 4)
#(18 0 2 0 13 17 0 18 0 11 2 5)
#(9 0 3 0 14 3 0 3 7 8 0 7)
#(11 0 11 0 13 6 0 0 3 13 0 7)
#(8 0 8 0 14 4 0 0 9 10 0 11)
#(11 0 11 0 13 6 0 0 3 13 0 7)
#(11 0 8 2 18 3 2 4 3 9 0 6)
#(17 0 4 4 19 4 2 17 2 6 1 0)
#(21 0 4 2 7 11 0 7 1 17 0 0)
#(12 5 6 1 11 10 0 22 0 4 0 10)
#(14 2 6 5 20 8 4 12 0 4 1 4)
#(17 0 6 2 13 4 0 13 2 9 1 1)
#(14 0 4 2 7 5 1 19 0 7 0 9)
#(15 0 6 0 18 4 0 0 1 22 0 4)
#(2 2 4 1 1 5 4 1 9 5 2 8)
#(11 0 9 1 11 8 0 0 6 15 0 14)
#(13 0 5 2 15 6 4 13 0 9 0 12)
#(5 4 11 4 26 2 1 1 9 12 2 13)
#(11 0 2 2 11 7 0 23 0 4 0 4)
#(15 0 6 1 16 5 0 5 7 10 0 4)
#(19 0 2 0 13 17 0 18 0 10 2 4)
#(18 0 2 0 13 17 0 18 0 11 2 5)
#(14 0 3 0 12 8 0 14 2 2 0 3)
#(14 0 2 1 10 7 3 13 3 2 0 2)
#(8 0 0 0 2 0 0 2 0 0 0 0)
