#(0 17 0 0 0 1 0 0 0 0 )
#(8 9 10 2 0 0 0 0 0 0 )
#(11 4 7 6 1 0 0 0 0 0 )
#(7 8 2 9 4 0 0 0 0 0 )
#(9 6 3 9 4 0 0 0 0 0 )
#(6 1 4 6 2 0 0 0 0 0 )
#(11 0 11 5 0 0 0 0 0 0 )
#(9 2 9 6 0 0 0 0 0 0 )
#(11 0 11 5 0 0 0 0 0 0 )
#(11 3 7 7 0 0 0 0 0 0 )
#(14 5 3 7 3 0 0 0 0 0 )
#(6 7 6 8 0 0 0 0 0 0 )
#(6 1 7 4 6 1 0 0 0 0 )
#(6 9 5 4 5 0 0 0 0 0 )
#(16 6 1 8 1 0 0 0 0 0 )
#(6 9 3 5 3 0 0 0 0 0 )
#(6 2 6 8 2 0 0 0 0 0 )
#(0 17 0 0 2 0 0 0 0 0 )
#(4 5 2 5 7 0 0 0 0 0 )
#(2 11 0 6 5 1 0 0 0 0 )
#(8 3 4 4 6 3 0 0 0 0 )
#(8 9 10 2 0 0 0 0 0 0 )
#(11 4 7 6 1 0 0 0 0 0 )
#(7 8 2 9 4 0 0 0 0 0 )
#(9 6 3 9 4 0 0 0 0 0 )
#(5 12 1 4 2 0 0 0 0 0 )
#(4 12 1 4 2 0 0 0 0 0 )
#(0 0 0 0 0 2 0 0 0 0 )
