23
;
#(61 83 0 0 22 -1 83 )
#(60 86 36 64 26 28 50 )
#(64 86 36 65 22 29 50 )
#(60 86 36 64 26 28 50 )
#(64 86 36 65 22 29 50 )
#(60 77 36 62 17 26 41 )
#(67 88 36 64 21 28 52 )
#(66 86 38 65 20 27 48 )
#(67 93 38 65 26 27 55 )
#(60 81 36 60 21 24 45 )
#(63 86 36 64 23 28 50 )
#(60 86 36 65 26 29 50 )
#(63 86 36 64 23 28 50 )
#(64 89 29 65 25 36 60 )
#(65 84 39 63 19 24 45 )
#(64 74 41 64 10 23 33 )
#(65 84 39 63 19 24 45 )
#(62 79 41 62 17 21 38 )
#(65 91 41 63 26 22 50 )
#(65 91 41 63 26 22 50 )
#(65 81 41 63 16 22 40 )
#(62 79 39 63 17 24 40 )
#(62 82 34 58 20 24 48 )
