23
;
#( 0 0 0 11 22 0 0 )
#( 0 9 11 20 15 5 0 )
#( 0 8 16 20 23 3 0 )
#( 0 9 11 19 15 5 0 )
#( 0 7 13 19 23 2 0 )
#( 0 11 13 22 14 0 0 )
#( 0 8 16 15 27 7 0 )
#( 0 7 12 20 16 4 0 )
#( 0 7 15 13 17 7 0 )
#( 0 10 12 18 17 0 0 )
#( 0 8 14 21 20 4 0 )
#( 0 9 13 18 18 4 0 )
#( 0 8 14 21 20 4 0 )
#( 1 7 10 15 16 4 0 )
#( 0 8 19 16 12 1 0 )
#( 0 7 17 20 9 0 0 )
#( 0 8 21 16 13 1 0 )
#( 0 7 16 24 9 0 0 )
#( 0 7 15 29 34 2 0 )
#( 0 5 17 10 15 7 0 )
#( 0 9 15 29 34 0 0 )
#( 0 5 18 25 11 0 0 )
#( 1 3 2 3 2 0 0 )
