23
;
#(15 0 3 1 3 3 2 3 2 1 0 0)
#(8 4 3 0 4 3 1 19 0 5 4 9)
#(2 2 16 1 6 8 4 16 0 3 1 11)
#(8 4 2 0 4 3 1 19 0 5 4 9)
#(6 0 11 1 5 9 2 18 0 3 0 9)
#(8 8 2 0 9 0 0 15 1 12 1 4)
#(0 0 17 0 0 18 0 7 2 14 2 13)
#(9 8 2 0 15 0 0 14 1 9 1 0)
#(5 3 12 1 6 8 1 8 1 12 0 2)
#(14 2 5 0 7 2 2 12 1 4 2 6)
#(5 2 11 0 2 11 1 19 0 2 2 12)
#(5 4 7 1 8 0 4 16 0 6 3 8)
#(5 2 11 0 2 11 1 19 0 2 2 12)
#(18 0 2 1 7 5 2 12 0 5 0 1)
#(18 0 4 0 10 7 0 14 1 2 0 0)
#(11 0 9 0 9 1 4 8 1 6 0 4)
#(18 0 5 0 8 11 0 9 4 4 0 0)
#(10 0 4 2 8 3 1 18 0 7 0 3)
#(7 0 4 0 7 17 0 25 0 10 4 13)
#(5 0 3 2 8 8 0 14 0 8 0 6)
#(8 0 4 0 7 17 0 22 0 10 6 13)
#(10 0 6 2 7 7 1 15 3 7 0 1)
#(7 0 0 0 2 0 0 2 0 0 0 0)
