23
;
#(13 0 0 5 0 0 0 0 0 0 )
#(2 4 1 9 1 1 0 0 0 0 )
#(4 0 3 9 3 1 0 0 0 0 )
#(2 4 1 10 0 1 0 0 0 0 )
#(2 1 2 8 2 2 0 0 0 0 )
#(3 3 6 4 1 2 0 0 0 0 )
#(6 2 5 3 0 6 0 0 0 0 )
#(6 2 8 5 1 0 0 0 0 0 )
#(5 3 8 1 4 0 0 0 0 0 )
#(1 4 2 8 2 0 0 0 0 0 )
#(4 2 2 9 1 2 0 0 0 0 )
#(2 2 2 10 2 0 0 0 0 0 )
#(4 2 2 9 1 2 0 0 0 0 )
#(2 3 2 4 1 3 0 0 0 0 )
#(9 4 5 6 0 0 0 0 0 0 )
#(6 7 4 4 1 0 0 0 0 0 )
#(10 2 7 6 0 0 0 0 0 0 )
#(3 7 5 6 0 0 0 0 0 0 )
#(2 0 9 6 2 4 0 0 0 0 )
#(6 3 5 4 1 1 0 0 0 0 )
#(3 2 7 6 1 5 0 0 0 0 )
#(4 5 7 6 0 0 0 0 0 0 )
#(0 1 0 1 1 0 0 0 0 0 )
