28
;
#(60 79 50 65 19 15 29 )
#(70 86 43 65 16 22 43 )
#(67 88 35 66 21 31 53 )
#(64 88 40 60 24 20 48 )
#(65 84 38 64 19 26 46 )
#(72 88 36 65 16 29 52 )
#(72 88 40 69 16 29 48 )
#(74 88 40 65 14 25 48 )
#(64 83 40 65 19 25 43 )
#(69 84 43 65 15 22 41 )
#(70 86 43 65 16 22 43 )
#(67 88 40 66 21 26 48 )
#(64 88 38 64 24 26 50 )
#(67 84 40 65 17 25 44 )
#(69 81 41 65 12 24 40 )
#(67 81 40 64 14 24 41 )
#(67 81 37 64 14 27 44 )
#(64 84 38 62 20 24 46 )
#(66 84 45 60 18 15 39 )
#(66 79 51 67 13 16 28 )
#(57 84 45 69 27 24 39 )
#(66 79 51 61 13 10 28 )
#(67 81 50 69 14 19 31 )
#(70 86 43 65 16 22 43 )
#(67 88 35 66 21 31 53 )
#(64 88 40 60 24 20 48 )
#(65 84 38 64 19 26 46 )
#(69 84 36 55 15 19 48 )
