28
;
#( 0 0 13 43 4 0 0 )
#( 0 2 23 14 30 3 0 )
#( 1 6 17 14 35 5 0 )
#( 0 6 18 5 29 11 0 )
#( 0 8 19 23 20 1 0 )
#( 0 6 15 12 33 9 0 )
#( 0 6 18 9 37 8 0 )
#( 0 6 15 12 33 8 0 )
#( 0 3 17 28 23 0 0 )
#( 0 2 16 18 24 2 0 )
#( 0 3 24 12 30 3 0 )
#( 0 5 20 12 35 5 0 )
#( 0 9 17 16 19 9 0 )
#( 0 9 15 23 36 1 0 )
#( 0 6 22 25 30 0 0 )
#( 0 7 20 22 37 0 0 )
#( 0 12 17 16 40 0 0 )
#( 0 5 17 16 27 2 0 )
#( 0 4 11 12 19 2 0 )
#( 0 0 28 21 17 0 0 )
#( 0 2 17 24 9 1 0 )
#( 0 0 28 17 17 0 0 )
#( 0 0 9 29 20 0 0 )
#( 0 2 23 14 30 3 0 )
#( 1 6 17 14 35 5 0 )
#( 0 6 18 5 30 11 0 )
#( 0 8 18 17 22 1 0 )
#( 0 2 7 2 16 1 0 )
