#(4 0 5 4 11 7 3 12 0 8 0 6)
#(13 3 5 4 16 4 0 17 0 4 2 4)
#(12 0 2 9 16 0 7 12 0 11 0 9)
#(13 0 4 2 22 0 2 9 6 8 0 3)
#(6 0 6 4 5 10 4 16 0 12 0 8)
#(13 0 9 2 19 4 1 0 7 10 1 9)
#(15 0 4 6 17 4 1 0 2 20 0 9)
#(9 0 9 2 21 4 1 0 8 10 1 9)
#(10 0 12 0 19 6 0 0 3 16 0 5)
#(12 0 2 5 16 5 0 11 0 7 0 4)
#(12 3 5 4 16 4 0 18 0 4 2 4)
#(11 0 2 9 16 1 6 13 0 11 0 8)
#(6 0 8 2 15 5 5 6 7 13 0 3)
#(6 1 6 0 10 10 0 32 2 4 2 11)
#(0 8 9 0 7 12 0 14 0 19 3 11)
#(16 1 7 0 19 5 0 26 2 2 2 6)
#(7 8 5 3 12 8 6 13 0 22 1 0)
#(13 1 5 0 9 5 4 14 0 10 2 4)
#(6 0 0 2 4 0 10 0 0 6 2 18)
#(12 2 6 10 0 9 4 9 7 4 0 3)
#(4 0 8 3 0 9 2 11 9 1 1 5)
#(12 2 5 9 0 8 4 8 7 4 0 3)
#(4 3 6 13 3 6 2 5 3 3 5 5)
#(13 3 5 4 16 4 0 17 0 4 2 4)
#(12 0 2 9 16 1 6 12 0 11 0 9)
#(13 0 4 2 22 0 2 9 7 8 0 3)
#(5 0 4 2 3 9 4 15 1 14 1 8)
#(4 0 6 1 4 6 0 3 0 2 0 2)
