68
;
#(67 81 57 69 14 12 24 )
#(74 86 50 69 12 19 36 )
#(67 81 57 69 14 12 24 )
#(73 88 43 69 15 26 45 )
#(62 83 38 67 21 29 45 )
#(73 86 57 67 13 10 29 )
#(54 74 38 66 20 28 36 )
#(56 85 33 69 29 36 52 )
#(56 88 32 64 32 32 56 )
#(66 88 49 64 22 15 39 )
#(61 78 50 57 17 7 28 )
#(68 81 52 69 13 17 29 )
#(61 78 45 57 17 12 33 )
#(68 88 40 57 20 17 48 )
#(69 88 56 64 19 8 32 )
#(71 88 57 69 17 12 31 )
#(69 88 56 64 19 8 32 )
#(71 88 57 69 17 12 31 )
#(59 81 42 57 22 15 39 )
#(71 86 38 62 15 24 48 )
#(64 81 49 62 17 13 32 )
#(69 81 57 68 12 11 24 )
#(67 83 50 69 16 19 33 )
#(69 86 54 69 17 15 32 )
#(67 85 43 69 18 26 42 )
#(66 88 42 67 22 25 46 )
#(66 84 50 60 18 10 34 )
#(59 79 48 60 20 12 31 )
#(54 71 33 48 17 15 38 )
#(57 79 38 74 22 36 41 )
#(72 83 64 73 11 9 19 )
#(66 83 47 66 17 19 36 )
#(62 83 55 67 21 12 28 )
#(66 85 42 66 19 24 43 )
#(57 76 36 57 19 21 40 )
#(66 86 54 62 20 8 32 )
#(66 79 55 67 13 12 24 )
#(66 86 54 62 20 8 32 )
#(59 79 47 67 20 20 32 )
#(75 88 59 69 13 10 29 )
#(73 88 57 67 15 10 31 )
#(68 81 52 66 13 14 29 )
#(61 78 45 57 17 12 33 )
#(66 88 45 68 22 23 43 )
#(67 83 50 69 16 19 33 )
#(57 86 47 69 29 22 39 )
#(55 85 43 66 30 23 42 )
#(61 88 38 67 27 29 50 )
#(56 84 31 74 28 43 53 )
#(69 86 30 62 17 32 56 )
#(64 86 49 62 22 13 37 )
#(66 86 45 67 20 22 41 )
#(66 83 55 74 17 19 28 )
#(67 86 57 74 19 17 29 )
#(66 88 45 62 22 17 43 )
#(67 88 49 61 21 12 39 )
#(66 86 49 74 20 25 37 )
#(67 83 49 74 16 25 34 )
#(66 86 49 74 20 25 37 )
#(67 86 54 74 19 20 32 )
#(64 79 43 62 15 19 36 )
#(64 79 43 62 15 19 36 )
#(67 81 57 69 14 12 24 )
#(69 88 50 71 19 21 38 )
#(62 83 38 67 21 29 45 )
#(73 86 57 67 13 10 29 )
#(54 86 38 67 32 29 48 )
#(69 86 38 57 17 19 48 )
