68
;
#(7 0 7 0 3 2 1 7 0 2 0 6)
#(13 0 7 0 11 11 0 5 0 5 0 2)
#(7 0 8 0 3 2 1 10 0 2 0 7)
#(10 0 9 0 8 12 0 9 0 7 0 4)
#(12 0 1 0 10 1 0 11 0 1 0 1)
#(10 0 2 0 4 2 4 14 0 6 0 4)
#(26 0 4 0 3 1 0 3 0 3 0 3)
#(1 0 2 0 1 0 2 18 1 17 0 11)
#(6 0 13 0 5 0 10 6 0 10 0 9)
#(7 0 11 0 8 0 8 13 0 11 0 13)
#(3 0 9 0 3 0 5 5 0 5 0 5)
#(6 1 7 0 4 0 5 7 0 7 0 5)
#(5 0 6 0 5 1 1 4 1 5 0 8)
#(6 1 9 0 3 1 4 7 0 11 0 5)
#(8 0 28 0 2 0 6 10 0 10 0 13)
#(5 1 11 1 3 0 1 8 0 1 1 8)
#(8 0 28 0 2 0 6 10 0 10 0 13)
#(5 1 11 1 3 0 1 8 0 1 1 8)
#(7 2 4 4 10 0 3 13 0 2 2 5)
#(14 4 10 2 7 0 5 12 0 5 0 8)
#(7 0 7 0 3 0 3 8 0 4 1 8)
#(6 1 4 1 4 1 1 5 0 1 0 3)
#(11 0 9 0 6 6 0 7 0 2 0 4)
#(9 0 6 0 8 7 1 8 0 5 0 5)
#(7 1 8 0 4 8 0 8 0 3 0 5)
#(12 0 6 0 13 6 0 14 0 5 0 3)
#(10 0 4 0 3 7 0 2 0 3 4 2)
#(9 0 6 0 3 9 0 3 0 4 2 2)
#(3 1 6 0 3 5 0 4 0 8 4 1)
#(8 0 2 1 10 5 0 1 3 7 0 3)
#(3 0 12 0 11 13 3 7 3 10 6 3)
#(16 0 3 0 22 2 0 0 4 15 0 5)
#(3 2 12 0 9 14 1 13 0 11 0 7)
#(6 1 7 0 13 9 1 10 3 11 0 11)
#(16 0 7 0 2 3 2 6 0 6 8 0)
#(17 0 0 0 6 6 0 11 0 7 7 0)
#(11 0 10 0 3 6 0 2 0 3 5 4)
#(21 0 0 0 6 8 0 11 0 8 7 1)
#(12 0 5 0 1 11 0 1 0 9 3 4)
#(1 2 5 0 2 3 0 2 2 8 4 0)
#(6 0 5 0 1 3 3 9 1 6 1 3)
#(6 2 10 0 7 0 3 5 0 3 0 2)
#(10 0 18 0 6 6 6 39 0 4 0 7)
#(8 1 11 1 13 16 6 18 4 8 1 8)
#(11 0 9 0 6 6 0 7 0 2 0 4)
#(9 0 6 0 8 7 1 8 0 5 0 5)
#(8 0 8 0 5 8 0 8 0 3 0 5)
#(26 0 8 0 5 6 0 6 0 5 0 5)
#(8 0 0 0 2 9 1 13 0 10 10 0)
#(13 0 5 0 10 6 0 9 0 10 6 0)
#(5 4 10 0 9 13 0 9 0 15 3 4)
#(7 0 9 0 9 6 0 17 0 5 0 7)
#(9 0 5 0 6 4 1 2 0 5 0 4)
#(4 0 5 0 6 6 0 8 0 2 0 4)
#(6 1 10 0 6 5 1 5 0 7 1 2)
#(9 0 8 0 9 8 0 20 0 3 1 5)
#(10 0 5 0 13 6 0 23 1 3 0 3)
#(8 0 6 1 8 7 1 16 0 2 0 4)
#(10 0 5 0 13 6 0 23 1 3 0 3)
#(9 0 1 1 3 8 3 5 2 7 0 1)
#(16 0 4 2 9 8 2 6 4 9 0 6)
#(9 0 5 0 6 6 2 9 0 4 0 6)
#(9 0 8 0 6 4 1 7 0 2 0 6)
#(8 0 9 0 5 9 0 8 0 7 0 5)
#(13 0 3 0 12 3 0 12 0 1 0 1)
#(10 0 2 0 4 2 3 12 0 5 0 4)
#(11 0 3 0 7 2 1 8 0 14 0 2)
#(13 0 6 0 5 9 0 12 0 3 0 3)
