#(0.875 0.625 0.875 0.0 0.25 0.0 R )
#(1.0 0.6667 1.0 0.0 0.3333 0.0 R )
#(0.9167 0.6667 0.9167 0.0833 0.3333 0.0833 R )
#(1.0 0.5833 1.0 0.0 0.4167 0.0 R )
#(0.625 0.625 0.625 0.375 0.375 0.375 B )
#(1.0 0.5833 1.0 0.0 0.4167 0.0 R )
#(0.7917 0.8333 0.8333 0.2083 0.1667 0.1667 L )
#(0.9583 0.8333 0.9583 0.0417 0.1667 0.0417 R )
#(0.9583 0.8333 0.9583 0.0417 0.1667 0.0417 R )
#(1.0 0.875 1.0 0.0 0.125 0.0 R )
#(0.9167 0.6667 0.9167 0.0833 0.3333 0.0833 R )
#(0.9583 0.9167 1.0 0.0417 0.0833 0.0 R )
#(0.9167 0.6667 0.9167 0.0833 0.3333 0.0833 R )
#(0.9583 0.8333 1.0 0.0417 0.1667 0.0 R )
#(0.9583 1.0 1.0 0.0417 0.0 0.0 L )
#(0.7083 0.5 1.0 0.2917 0.5 0.0 R )
#(0.9583 1.0 1.0 0.0417 0.0 0.0 L )
#(0.7083 0.5 1.0 0.2917 0.5 0.0 R )
#(0.6667 0.5 1.0 0.3333 0.5 0.0 R )
#(0.9167 0.8333 1.0 0.0833 0.1667 0.0 R )
#(0.5833 0.6667 1.0 0.4167 0.3333 0.0 L )
#(0.625 0.375 0.75 0.375 0.625 0.25 R )
#(1.0 0.7917 1.0 0.0 0.2083 0.0 R )
#(0.9167 0.5417 0.9167 0.0833 0.4583 0.0833 R )
#(1.0 0.7917 1.0 0.0 0.2083 0.0 R )
#(0.8333 0.5 0.8333 0.1667 0.5 0.1667 R )
#(0.7917 0.5833 0.7917 0.2083 0.4167 0.2083 R )
#(0.9167 0.7083 0.9167 0.0833 0.2917 0.0833 R )
#(0.8333 0.8333 0.8333 0.1667 0.1667 0.1667 B )
#(0.6667 0.8333 0.9167 0.3333 0.1667 0.0833 L )
#(1.0 1.0 1.0 0.0 0.0 0.0 B )
#(0.9167 0.7083 1.0 0.0833 0.2917 0.0 R )
#(1.0 0.25 1.0 0.0 0.75 0.0 R )
#(1.0 1.0 1.0 0.0 0.0 0.0 B )
#(0.875 0.7917 1.0 0.125 0.2083 0.0 R )
#(0.75 0.5833 1.0 0.25 0.4167 0.0 R )
#(0.875 0.625 1.0 0.125 0.375 0.0 R )
#(0.7708 0.5833 1.0 0.2292 0.4167 0.0 R )
#(0.8333 0.6667 0.8333 0.1667 0.3333 0.1667 R )
#(0.7917 0.3333 0.7917 0.2083 0.6667 0.2083 R )
#(1.0 0.3333 1.0 0.0 0.6667 0.0 R )
#(1.0 0.3333 1.0 0.0 0.6667 0.0 R )
#(1.0 1.0 1.0 0.0 0.0 0.0 B )
#(2.2083 0.5 2.2083 0.125 1.4583 0.125 R )
#(1.0 0.7917 1.0 0.0 0.2083 0.0 R )
#(0.9167 0.5417 0.9167 0.0833 0.4583 0.0833 R )
#(1.0 0.7917 1.0 0.0 0.2083 0.0 R )
#(0.875 0.5417 0.875 0.125 0.4583 0.125 R )
#(0.8333 0.8333 0.9583 0.1667 0.1667 0.0417 B )
#(0.875 0.8333 0.9583 0.125 0.1667 0.0417 R )
#(1.0 1.0 1.0 0.0 0.0 0.0 B )
#(0.9167 0.625 0.9167 0.0833 0.375 0.0833 R )
#(0.9167 1.0 1.0 0.0833 0.0 0.0 L )
#(0.9167 0.5833 0.9167 0.0833 0.4167 0.0833 R )
#(0.9583 1.0 1.0 0.0417 0.0 0.0 L )
#(1.0 0.8333 1.0 0.0 0.1667 0.0 R )
#(0.8333 0.8333 1.0 0.1667 0.1667 0.0 B )
#(0.8333 0.6667 1.0 0.1667 0.3333 0.0 R )
#(0.8333 0.8333 1.0 0.1667 0.1667 0.0 B )
#(0.6667 0.3333 1.0 0.3333 0.6667 0.0 R )
#(0.75 0.8333 1.0 0.25 0.1667 0.0 L )
#(1.0 0.375 1.0 0.0 0.625 0.0 R )
#(0.9167 0.4583 0.9167 0.0833 0.5417 0.0833 R )
#(1.0 0.75 1.0 0.0 0.25 0.0 R )
#(0.625 0.4583 0.625 0.375 0.5417 0.375 R )
#(1.0 0.5833 1.0 0.0 0.4167 0.0 R )
#(0.8333 0.8333 0.8333 0.1667 0.1667 0.1667 B )
#(0.5 0.5 0.5 0.5 0.5 0.5 B )
