68
;
#(10 3 1 4 0 0 0 0 0 0 )
#(21 4 7 1 0 0 0 0 0 0 )
#(10 3 1 4 1 0 0 0 0 0 )
#(22 3 4 1 3 0 0 0 0 0 )
#(3 12 2 1 0 0 0 0 0 0 )
#(14 0 2 4 2 0 0 0 0 0 )
#(1 1 4 4 0 2 0 0 0 0 )
#(0 1 13 0 0 2 0 0 0 0 )
#(18 19 1 0 0 0 0 0 0 0 )
#(27 19 2 0 0 0 0 0 0 0 )
#(6 4 3 3 0 0 0 0 0 0 )
#(9 3 5 3 0 0 0 0 0 0 )
#(6 2 6 2 0 0 0 0 0 0 )
#(10 5 5 3 0 0 0 0 0 0 )
#(19 29 0 0 0 0 0 0 0 0 )
#(20 10 0 0 0 0 0 0 0 0 )
#(19 29 0 0 0 0 0 0 0 0 )
#(20 10 0 0 0 0 0 0 0 0 )
#(10 18 2 0 0 0 0 0 0 0 )
#(28 4 9 1 0 0 0 0 0 0 )
#(17 1 2 4 0 0 0 0 0 0 )
#(11 4 0 2 0 0 0 0 0 0 )
#(11 5 4 3 0 0 0 0 0 0 )
#(20 2 4 2 1 0 0 0 0 0 )
#(12 4 4 3 0 0 0 0 0 0 )
#(16 11 2 0 3 0 0 0 0 0 )
#(10 1 2 3 1 0 0 0 0 0 )
#(7 0 2 5 1 0 0 0 0 0 )
#(0 0 0 5 3 0 0 0 0 0 )
#(11 3 0 2 3 0 0 0 0 0 )
#(25 23 0 0 0 0 0 0 0 0 )
#(29 19 0 0 0 0 0 0 0 0 )
#(24 24 0 0 0 0 0 0 0 0 )
#(24 24 0 0 0 0 0 0 0 0 )
#(30 7 2 0 0 0 0 0 0 0 )
#(15 2 9 2 0 0 0 0 0 0 )
#(21 7 3 0 0 0 0 0 0 0 )
#(22 2 8 3 0 0 0 0 0 0 )
#(13 12 3 0 0 0 0 0 0 0 )
#(12 1 1 3 0 0 0 0 0 0 )
#(16 0 2 4 0 0 0 0 0 0 )
#(16 0 2 4 0 0 0 0 0 0 )
#(24 0 24 0 0 0 0 0 0 0 )
#(60 5 2 0 1 1 0 1 0 0 )
#(11 5 4 3 0 0 0 0 0 0 )
#(20 2 4 2 1 0 0 0 0 0 )
#(11 5 4 3 0 0 0 0 0 0 )
#(16 0 6 0 3 2 0 0 0 0 )
#(0 1 13 0 0 2 0 0 0 0 )
#(18 19 1 0 0 0 0 0 0 0 )
#(24 24 0 0 0 0 0 0 0 0 )
#(13 16 0 0 3 0 0 0 0 0 )
#(8 3 6 1 0 0 0 0 0 0 )
#(9 3 4 2 0 0 0 0 0 0 )
#(8 1 6 4 0 0 0 0 0 0 )
#(15 17 2 2 0 0 0 0 0 0 )
#(20 22 0 0 0 0 0 0 0 0 )
#(19 17 0 0 0 0 0 0 0 0 )
#(20 22 0 0 0 0 0 0 0 0 )
#(8 16 0 0 0 0 0 0 0 0 )
#(26 8 8 0 0 0 0 0 0 0 )
#(18 7 5 0 0 0 0 0 0 0 )
#(6 8 0 4 1 0 0 0 0 0 )
#(18 3 5 3 0 0 0 0 0 0 )
#(8 12 1 0 2 0 0 0 0 0 )
#(15 0 2 4 1 0 0 0 0 0 )
#(5 0 2 8 1 0 0 0 0 0 )
#(6 0 0 6 0 1 1 1 0 0 )
