41
;
#(62 82 34 65 20 31 48 )
#(62 86 38 66 24 28 48 )
#(69 79 41 63 10 22 38 )
#(69 81 41 63 12 22 40 )
#(68 79 35 63 11 28 44 )
#(65 81 36 65 16 29 45 )
#(74 89 46 62 15 16 43 )
#(65 89 46 63 24 17 43 )
#(73 89 43 62 16 19 46 )
#(65 84 36 64 19 28 48 )
#(74 89 46 62 15 16 43 )
#(65 89 46 63 24 17 43 )
#(65 89 46 63 24 17 43 )
#(65 89 41 63 24 22 48 )
#(67 82 43 63 15 20 39 )
#(66 79 43 63 13 20 36 )
#(67 75 43 63 8 20 32 )
#(62 79 43 63 17 20 36 )
#(65 79 43 62 14 19 36 )
#(65 82 46 63 17 17 36 )
#(65 86 46 63 21 17 40 )
#(67 84 40 64 17 24 44 )
#(65 84 36 65 19 29 48 )
#(65 82 46 63 17 17 36 )
#(65 86 46 63 21 17 40 )
#(65 84 41 62 19 21 43 )
#(69 84 34 63 15 29 50 )
#(66 82 34 60 16 26 48 )
#(62 76 38 60 14 22 38 )
#(66 76 38 60 10 22 38 )
#(67 83 43 60 16 17 40 )
#(67 79 43 65 12 22 36 )
#(71 79 43 65 8 22 36 )
#(67 79 43 65 12 22 36 )
#(71 81 43 65 10 22 38 )
#(71 91 36 64 20 28 55 )
#(69 82 53 65 13 12 29 )
#(72 84 48 65 12 17 36 )
#(69 82 47 65 13 18 35 )
#(69 86 33 65 17 32 53 )
#(69 81 41 53 12 12 40 )
