41
;
#(13 0 8 0 9 6 4 12 2 7 0 7)
#(16 0 7 6 14 9 2 13 6 10 2 5)
#(8 0 8 0 9 8 0 14 0 2 0 8)
#(10 0 10 0 10 10 0 10 0 6 0 15)
#(8 2 8 0 7 8 0 13 0 2 1 8)
#(5 0 17 0 0 2 5 16 0 3 0 11)
#(26 0 0 0 29 0 0 29 0 0 0 0)
#(13 0 0 0 7 8 0 10 5 5 0 0)
#(24 0 0 1 30 0 0 18 0 15 0 0)
#(5 2 17 1 1 5 9 7 0 3 1 5)
#(26 0 0 0 29 0 0 29 0 0 0 0)
#(13 0 0 0 7 8 0 10 5 5 0 0)
#(13 0 0 0 7 8 0 10 5 5 0 0)
#(6 1 11 1 4 8 1 19 1 1 1 12)
#(10 0 4 0 7 3 0 2 0 12 0 1)
#(3 0 9 0 4 3 0 0 6 9 0 7)
#(8 0 4 0 8 3 0 0 0 17 0 1)
#(3 0 9 0 6 3 1 0 7 9 0 7)
#(9 0 0 0 8 0 0 3 0 15 0 0)
#(12 0 0 0 8 3 0 8 0 4 2 0)
#(9 0 4 0 10 3 0 8 3 4 0 2)
#(8 0 5 0 10 0 4 0 2 7 0 1)
#(7 0 11 0 2 3 2 10 0 0 0 7)
#(12 0 0 0 8 3 0 8 0 4 2 0)
#(9 0 4 0 10 3 0 8 3 4 0 2)
#(9 0 3 2 9 0 1 6 2 7 0 2)
#(23 0 4 0 14 2 0 17 0 0 0 5)
#(4 4 7 0 9 0 5 1 7 5 0 4)
#(9 0 6 0 6 5 0 11 0 2 0 7)
#(9 0 4 0 7 7 0 11 0 5 0 7)
#(10 0 6 2 6 6 1 5 0 4 0 7)
#(15 0 2 0 12 2 0 5 0 1 5 0)
#(5 0 3 0 7 5 0 13 0 0 0 5)
#(8 0 2 0 8 5 0 14 0 2 0 7)
#(5 0 4 0 7 5 0 11 0 3 0 3)
#(15 0 0 0 8 0 0 9 0 0 0 1)
#(4 1 6 0 8 8 0 8 0 10 3 0)
#(7 0 3 1 9 6 0 16 0 0 0 5)
#(8 1 3 2 8 4 4 8 0 11 3 0)
#(7 0 2 0 8 6 2 17 0 4 0 5)
#(7 0 1 0 5 1 0 5 0 0 0 0)
