41
;
#(1.0 1.0 1.0 0.0 0.0 0.0 B )
#(1.0 1.0 1.0 0.0 0.0 0.0 B )
#(1.0 1.0 1.0 0.0 0.0 0.0 B )
#(1.0 1.0 1.0 0.0 0.0 0.0 B )
#(1.0 1.0 1.0 0.0 0.0 0.0 B )
#(1.0 1.0 1.0 0.0 0.0 0.0 B )
#(1.0 1.0 1.0 0.0 0.0 0.0 B )
#(1.0 1.0 1.0 0.0 0.0 0.0 B )
#(1.0 1.0 1.0 0.0 0.0 0.0 B )
#(1.0 1.0 1.0 0.0 0.0 0.0 B )
#(1.0 1.0 1.0 0.0 0.0 0.0 B )
#(1.0 1.0 1.0 0.0 0.0 0.0 B )
#(1.0 1.0 1.0 0.0 0.0 0.0 B )
#(0.9167 1.0 1.0 0.0833 0.0 0.0 L )
#(0.9167 0.9167 0.9167 0.0833 0.0833 0.0833 B )
#(1.0 1.0 1.0 0.0 0.0 0.0 B )
#(1.0 1.0 1.0 0.0 0.0 0.0 B )
#(1.0 1.0 1.0 0.0 0.0 0.0 B )
#(0.8333 0.9167 0.9167 0.1667 0.0833 0.0833 L )
#(1.0 1.0 1.0 0.0 0.0 0.0 B )
#(1.0 1.0 1.0 0.0 0.0 0.0 B )
#(1.0 1.0 1.0 0.0 0.0 0.0 B )
#(1.0 1.0 1.0 0.0 0.0 0.0 B )
#(1.0 1.0 1.0 0.0 0.0 0.0 B )
#(1.0 1.0 1.0 0.0 0.0 0.0 B )
#(1.0 1.0 1.0 0.0 0.0 0.0 B )
#(1.0 1.0 1.0 0.0 0.0 0.0 B )
#(0.9167 0.9167 0.9167 0.0833 0.0833 0.0833 B )
#(1.0 1.0 1.0 0.0 0.0 0.0 B )
#(1.0 1.0 1.0 0.0 0.0 0.0 B )
#(1.0 1.0 1.0 0.0 0.0 0.0 B )
#(0.9167 0.9167 1.0 0.0833 0.0833 0.0 B )
#(1.0 1.0 1.0 0.0 0.0 0.0 B )
#(1.0 1.0 1.0 0.0 0.0 0.0 B )
#(1.0 1.0 1.0 0.0 0.0 0.0 B )
#(0.9167 0.9167 0.9167 0.0833 0.0833 0.0833 B )
#(1.0 1.0 1.0 0.0 0.0 0.0 B )
#(1.0 1.0 1.0 0.0 0.0 0.0 B )
#(1.0 1.0 1.0 0.0 0.0 0.0 B )
#(1.0 1.0 1.0 0.0 0.0 0.0 B )
#(0.8333 0.8333 0.8333 0.1667 0.1667 0.1667 B )
