41
;
#(12 2 0 4 0 6 0 0 0 0 )
#(12 0 0 0 2 10 0 1 0 0 )
#(0 0 4 3 1 2 0 2 0 0 )
#(0 0 5 6 2 1 0 2 0 0 )
#(0 0 3 4 2 1 0 2 0 0 )
#(3 0 6 4 2 2 0 0 0 0 )
#(0 0 4 6 4 0 4 0 0 0 )
#(8 4 0 8 0 0 0 0 0 0 )
#(3 0 3 8 2 1 4 0 0 0 )
#(11 1 3 6 2 0 0 0 0 0 )
#(0 0 4 6 4 0 4 0 0 0 )
#(8 4 0 8 0 0 0 0 0 0 )
#(8 4 0 8 0 0 0 0 0 0 )
#(6 1 3 3 3 1 0 2 0 0 )
#(2 1 5 2 1 0 1 0 0 0 )
#(0 0 8 3 1 0 0 0 0 0 )
#(2 1 8 2 1 0 0 0 0 0 )
#(4 0 8 3 1 0 0 0 0 0 )
#(2 1 6 2 1 0 0 0 0 0 )
#(0 3 6 2 1 0 0 0 0 0 )
#(0 2 8 0 3 0 0 0 0 0 )
#(0 5 2 4 1 0 0 0 0 0 )
#(2 2 5 4 1 0 0 0 0 0 )
#(0 3 6 2 1 0 0 0 0 0 )
#(0 2 8 0 3 0 0 0 0 0 )
#(2 3 0 3 3 1 0 0 0 0 )
#(1 2 1 4 1 6 0 0 0 0 )
#(0 0 1 6 0 2 1 0 0 0 )
#(4 2 3 6 1 0 0 0 0 0 )
#(0 0 3 7 0 1 1 0 0 0 )
#(2 3 7 3 0 1 0 0 0 0 )
#(7 2 2 5 1 0 0 0 0 0 )
#(4 4 6 2 0 0 0 0 0 0 )
#(8 4 2 6 0 0 0 0 0 0 )
#(4 4 6 2 0 0 0 0 0 0 )
#(5 5 2 3 0 0 0 0 0 0 )
#(12 4 4 4 0 0 0 0 0 0 )
#(9 4 2 6 0 0 0 0 0 0 )
#(12 4 2 4 2 0 0 0 0 0 )
#(6 2 0 9 1 0 0 0 0 0 )
#(2 2 1 0 2 0 0 0 0 0 )
