26
;
#(48 58 30 44 10 14 28 )
#(49 61 30 49 12 19 31 )
#(48 65 36 44 17 8 29 )
#(48 68 37 53 20 16 31 )
#(48 58 30 42 10 12 28 )
#(49 61 32 45 12 13 29 )
#(48 61 30 66 13 36 31 )
#(48 68 30 77 20 47 38 )
#(48 73 37 53 25 16 36 )
#(60 73 42 61 13 19 31 )
#(61 73 37 61 12 24 36 )
#(60 77 48 56 17 8 29 )
#(60 80 49 63 20 14 31 )
#(61 82 49 73 21 24 33 )
#(72 85 61 78 13 17 24 )
#(72 89 54 70 17 16 35 )
#(73 85 56 73 12 17 29 )
#(73 85 56 78 12 22 29 )
#(75 90 60 85 15 25 30 )
#(72 87 54 78 15 24 33 )
#(72 94 56 80 22 24 38 )
#(44 73 30 56 29 26 43 )
#(53 73 30 57 20 27 43 )
#(48 73 36 63 25 27 37 )
#(48 80 39 68 32 29 41 )
#(61 73 49 56 12 7 24 )
