26
;
#( 3 10 21 0 0 0 0 )
#( 3 11 16 7 0 0 0 )
#( 0 28 38 7 0 0 0 )
#( 0 17 22 15 0 0 0 )
#( 6 7 22 0 0 0 0 )
#( 2 12 17 7 0 0 0 )
#( 2 7 26 4 0 0 0 )
#( 1 5 25 16 6 0 0 )
#( 0 14 12 9 1 0 0 )
#( 0 2 8 30 4 0 0 )
#( 0 6 11 23 11 0 0 )
#( 0 0 28 26 6 0 0 )
#( 0 0 27 29 7 0 0 )
#( 0 0 7 52 23 0 0 )
#( 0 0 0 45 36 9 0 )
#( 0 0 5 30 59 5 0 )
#( 0 0 2 9 44 29 0 )
#( 0 0 2 24 48 1 0 )
#( 0 0 0 12 55 12 0 )
#( 0 0 2 11 64 9 0 )
#( 0 0 1 14 45 44 0 )
#( 1 4 21 16 1 0 0 )
#( 1 10 15 12 3 0 0 )
#( 0 22 21 11 4 0 0 )
#( 0 8 15 25 18 0 0 )
#( 0 0 3 3 1 0 0 )
