26
;
#(1.0 1.0 1.0 0.0 0.0 0.0 B )
#(0.9375 0.9375 0.9375 0.0625 0.0625 0.0625 B )
#(1.0 1.0 1.0 0.0 0.0 0.0 B )
#(0.9375 0.9375 0.9375 0.0625 0.0625 0.0625 B )
#(0.5 0.9375 1.0 0.5 0.0625 0.0 L )
#(0.5 1.0 1.0 0.5 0.0 0.0 L )
#(0.5313 0.8438 1.0 0.4688 0.1563 0.0 L )
#(0.5625 0.6875 1.0 0.4375 0.3125 0.0 L )
#(0.5938 1.0 1.0 0.4063 0.0 0.0 L )
#(1.0 1.0 1.0 0.0 0.0 0.0 B )
#(1.0 1.0 1.0 0.0 0.0 0.0 B )
#(1.0 1.0 1.0 0.0 0.0 0.0 B )
#(0.875 1.0 1.0 0.125 0.0 0.0 L )
#(0.8438 0.9844 1.0 0.1563 0.0156 0.0 L )
#(0.75 1.0 1.0 0.25 0.0 0.0 L )
#(1.0 0.75 1.0 0.0 0.25 0.0 R )
#(1.0 0.75 1.0 0.0 0.25 0.0 R )
#(0.6875 1.0 1.0 0.3125 0.0 0.0 L )
#(0.9375 1.0 1.0 0.0625 0.0 0.0 L )
#(1.0 0.5938 1.0 0.0 0.4063 0.0 R )
#(1.0 0.5625 1.0 0.0 0.4375 0.0 R )
#(0.9844 0.7656 1.0 0.0156 0.2344 0.0 R )
#(0.8125 1.0 1.0 0.1875 0.0 0.0 L )
#(0.8125 1.0 1.0 0.1875 0.0 0.0 L )
#(1.0 1.0 1.0 0.0 0.0 0.0 B )
#(1.0 1.0 1.0 0.0 0.0 0.0 B )
