22
;
#(0.9063 0.5 1.0 0.0938 0.5 0.0 R )
#(0.8125 1.0 1.0 0.1875 0.0 0.0 L )
#(0.875 0.9375 0.9375 0.125 0.0625 0.0625 L )
#(0.8125 1.0 1.0 0.1875 0.0 0.0 L )
#(0.9063 1.0 1.0 0.0938 0.0 0.0 L )
#(1.0 0.8125 1.0 0.0 0.1875 0.0 R )
#(1.0 1.0 1.0 0.0 0.0 0.0 B )
#(0.9375 0.9375 0.9375 0.0625 0.0625 0.0625 B )
#(1.0 1.0 1.0 0.0 0.0 0.0 B )
#(0.8438 0.8125 1.0 0.1563 0.1875 0.0 R )
#(0.875 1.0 1.0 0.125 0.0 0.0 L )
#(0.8125 0.9375 0.9375 0.1875 0.0625 0.0625 L )
#(0.875 1.0 1.0 0.125 0.0 0.0 L )
#(0.9375 0.9375 0.9375 0.0625 0.0625 0.0625 B )
#(1.0 1.0 1.0 0.0 0.0 0.0 B )
#(0.9375 0.9375 0.9375 0.0625 0.0625 0.0625 B )
#(1.0 1.0 1.0 0.0 0.0 0.0 B )
#(0.9688 0.8125 1.0 0.0313 0.1875 0.0 R )
#(1.0 1.0 1.0 0.0 0.0 0.0 B )
#(1.0 1.0 1.0 0.0 0.0 0.0 B )
#(1.0 1.0 1.0 0.0 0.0 0.0 B )
#(0.8438 0.9375 0.9375 0.1563 0.0625 0.0625 L )
