#(0.8125 0.8125 0.8125 0.1875 0.1875 0.1875 B )
#(0.9375 0.75 0.9375 0.0625 0.25 0.0625 R )
#(0.9063 0.875 1.0 0.0938 0.125 0.0 R )
#(0.7813 0.9375 0.9375 0.2188 0.0625 0.0625 L )
#(0.9375 1.0 1.0 0.0625 0.0 0.0 L )
#(0.9063 0.8125 0.9063 0.0938 0.1875 0.0938 R )
#(0.9063 0.9063 0.9063 0.0938 0.0938 0.0938 B )
#(0.8125 0.8125 0.8125 0.1875 0.1875 0.1875 B )
#(1.0 1.0 1.0 0.0 0.0 0.0 B )
#(0.7188 0.8125 0.8125 0.2813 0.1875 0.1875 L )
#(0.75 0.9375 0.9375 0.25 0.0625 0.0625 L )
#(0.875 1.0 1.0 0.125 0.0 0.0 L )
#(0.9688 0.875 0.9688 0.0313 0.125 0.0313 R )
#(0.8438 0.7188 0.9063 0.1563 0.2813 0.0938 R )
#(0.9375 1.0 1.0 0.0625 0.0 0.0 L )
#(0.9167 0.9167 0.9167 0.0833 0.0833 0.0833 B )
