#(70 94 34 65 24 31 60 )
#(65 79 41 62 14 21 38 )
#(63 84 41 63 21 22 43 )
#(63 84 41 63 21 22 43 )
#(62 82 41 63 20 22 41 )
#(65 79 41 62 14 21 38 )
#(71 87 43 65 16 22 44 )
#(64 79 52 62 15 10 27 )
#(67 82 41 64 15 23 41 )
#(70 84 46 63 14 17 38 )
#(65 85 41 63 20 22 44 )
#(72 89 46 63 17 17 43 )
#(65 81 41 67 16 26 40 )
#(72 86 38 65 14 27 48 )
#(65 85 41 63 20 22 44 )
#(74 91 46 62 17 16 45 )
#(75 91 41 64 16 23 50 )
#(67 82 46 58 15 12 36 )
#(62 74 38 58 12 20 36 )
#(67 79 38 60 12 22 41 )
#(66 72 38 62 6 24 34 )
#(66 86 38 63 20 25 48 )
#(62 74 38 58 12 20 36 )
#(67 79 43 60 12 17 36 )
#(67 82 38 60 15 22 44 )
#(66 75 31 62 9 31 44 )
#(58 72 39 62 14 23 33 )
#(53 72 34 51 19 17 38 )
#(58 74 34 51 16 17 40 )
#(53 76 36 55 23 19 40 )
#(58 77 39 53 19 14 38 )
#(53 72 34 51 19 17 38 )
#(62 82 34 63 20 29 48 )
#(63 77 41 62 14 21 36 )
#(62 81 38 58 19 20 43 )
#(65 90 41 66 25 25 49 )
#(58 89 46 65 31 19 43 )
