37
;
#(14 0 0 0 3 1 1 4 1 1 1 0)
#(14 0 0 0 9 0 1 16 0 3 0 0)
#(6 0 4 0 6 7 0 13 0 0 0 7)
#(0 0 8 0 0 8 0 14 0 0 0 13)
#(8 0 7 0 9 5 0 12 0 0 0 2)
#(14 0 0 0 9 0 1 16 0 3 0 0)
#(0 3 7 0 5 8 0 5 1 13 1 0)
#(11 0 0 4 7 2 3 6 0 6 0 0)
#(8 0 5 0 4 3 3 5 0 4 0 2)
#(13 0 6 0 8 4 0 5 0 3 0 5)
#(8 0 10 2 6 12 1 13 0 2 0 9)
#(9 0 6 0 14 4 0 13 0 3 0 5)
#(6 0 1 2 9 1 3 14 0 5 0 10)
#(6 0 6 0 9 4 0 4 0 3 0 8)
#(8 0 10 2 6 12 1 13 0 2 0 9)
#(8 0 3 2 14 2 1 12 1 8 0 1)
#(8 0 5 0 9 3 3 11 0 6 0 3)
#(12 0 0 0 7 1 1 4 0 1 0 0)
#(14 0 0 0 19 0 0 0 0 15 0 0)
#(9 0 10 0 10 8 0 1 0 17 0 1)
#(6 0 5 0 10 0 0 0 8 10 0 5)
#(7 0 1 2 7 11 0 0 2 9 0 5)
#(14 0 0 0 19 0 0 0 0 15 0 0)
#(8 0 9 0 9 8 0 1 0 18 0 0)
#(8 0 9 0 10 8 0 1 0 17 0 0)
#(3 0 8 0 10 3 0 0 7 6 0 2)
#(5 0 2 0 2 8 0 2 2 4 1 0)
#(10 0 2 0 6 8 0 4 2 2 0 0)
#(8 0 2 0 6 8 0 4 2 2 0 0)
#(5 1 7 4 6 0 2 5 0 5 0 3)
#(2 0 6 0 0 8 0 7 2 2 0 4)
#(10 0 2 0 6 8 0 4 2 2 0 0)
#(12 0 0 5 6 5 4 4 0 8 0 2)
#(5 4 4 0 5 2 1 12 0 6 0 3)
#(8 0 0 0 9 4 0 9 0 4 0 4)
#(12 0 0 4 1 1 0 12 8 0 0 1)
#(11 0 0 0 5 1 0 5 1 0 0 0)
