37
;
#(2 0 2 3 0 1 0 0 0 0 )
#(4 3 3 6 0 0 0 0 0 0 )
#(4 3 3 6 0 0 0 0 0 0 )
#(4 3 3 6 0 0 0 0 0 0 )
#(4 3 3 6 0 0 0 0 0 0 )
#(4 3 3 6 0 0 0 0 0 0 )
#(4 3 3 6 0 0 0 0 0 0 )
#(4 3 7 2 0 0 0 0 0 0 )
#(4 4 2 4 0 0 0 0 0 0 )
#(7 5 5 3 0 0 0 0 0 0 )
#(5 2 6 6 0 2 0 0 0 0 )
#(6 2 4 5 0 2 0 0 0 0 )
#(11 4 0 8 0 0 0 0 0 0 )
#(7 2 5 2 0 1 0 0 0 0 )
#(5 2 6 6 0 2 0 0 0 0 )
#(5 1 7 3 0 2 0 0 0 0 )
#(9 4 3 3 2 0 0 0 0 0 )
#(8 2 2 2 0 0 0 0 0 0 )
#(4 2 5 2 2 0 1 0 0 0 )
#(0 4 6 1 4 1 0 0 0 0 )
#(2 4 7 2 1 0 0 0 0 0 )
#(1 1 4 2 3 1 0 0 0 0 )
#(4 2 5 2 2 0 1 0 0 0 )
#(2 2 6 2 3 1 0 0 0 0 )
#(2 2 6 2 3 1 0 0 0 0 )
#(4 2 3 4 0 1 0 0 0 0 )
#(0 4 0 3 0 1 0 0 0 0 )
#(0 7 0 5 0 0 0 0 0 0 )
#(0 8 0 4 0 0 0 0 0 0 )
#(0 6 0 5 0 1 0 0 0 0 )
#(0 4 2 3 1 0 0 0 0 0 )
#(0 7 0 5 0 0 0 0 0 0 )
#(0 4 2 2 2 0 2 0 0 0 )
#(0 3 4 1 4 0 0 0 0 0 )
#(4 0 0 6 2 0 0 0 0 0 )
#(0 0 0 7 1 1 0 0 0 0 )
#(0 0 0 0 2 1 1 0 0 0 )
