19
;
#(15 0 2 1 12 5 3 22 0 5 0 1)
#(9 0 7 0 9 10 1 13 1 5 0 4)
#(19 0 4 1 15 6 3 24 0 7 0 5)
#(12 1 14 1 12 11 1 13 1 3 0 4)
#(10 0 23 0 1 0 6 12 1 11 0 8)
#(10 0 9 0 3 1 3 13 4 17 0 19)
#(19 0 4 1 15 6 3 24 0 7 0 5)
#(12 1 14 1 12 11 1 13 1 3 0 4)
#(11 0 6 15 0 3 1 29 3 0 0 4)
#(6 0 8 13 1 13 0 13 8 0 15 0)
#(11 2 5 10 4 8 4 11 5 1 7 3)
#(14 2 18 11 0 10 1 8 5 0 0 8)
#(15 0 2 1 12 5 3 22 0 5 0 1)
#(9 0 7 0 9 10 1 13 1 5 0 4)
#(19 0 4 1 15 6 3 24 0 7 0 5)
#(13 1 15 1 14 12 1 15 1 4 0 4)
#(18 0 9 0 9 10 0 8 1 9 6 3)
#(18 0 8 2 13 6 1 10 1 4 4 3)
#(7 0 1 0 8 1 0 5 0 0 0 0)
