#(0.8333 1.0 1.0 0.1667 0.0 0.0 L )
#(0.9167 0.9167 1.0 0.0833 0.0833 0.0 B )
#(0.9167 1.0 1.0 0.0833 0.0 0.0 L )
#(0.8958 0.9167 0.9167 0.1042 0.0833 0.0833 L )
#(0.8333 1.0 1.0 0.1667 0.0 0.0 L )
#(1.0 0.9167 1.0 0.0 0.0833 0.0 R )
#(0.9167 1.0 1.0 0.0833 0.0 0.0 L )
#(0.8958 0.9167 0.9167 0.1042 0.0833 0.0833 L )
#(0.8333 1.0 1.0 0.1667 0.0 0.0 L )
#(1.0 0.9167 1.0 0.0 0.0833 0.0 R )
#(0.8333 1.0 1.0 0.1667 0.0 0.0 L )
#(1.0 0.9167 1.0 0.0 0.0833 0.0 R )
#(0.8333 1.0 1.0 0.1667 0.0 0.0 L )
#(0.9167 0.9167 1.0 0.0833 0.0833 0.0 B )
#(0.9167 1.0 1.0 0.0833 0.0 0.0 L )
#(0.9792 0.8333 1.0 0.0208 0.1667 0.0 R )
#(0.9792 0.8333 1.0 0.0208 0.1667 0.0 R )
#(1.0 0.875 1.0 0.0 0.125 0.0 R )
#(0.6667 0.4167 0.6667 0.3333 0.5833 0.3333 R )
