#(57 74 38 59 17 21 36 )
#(64 83 45 64 19 19 38 )
#(59 78 38 50 19 12 40 )
#(74 86 43 67 12 24 43 )
#(73 85 57 71 12 14 28 )
#(69 83 57 71 14 14 26 )
#(68 83 61 71 15 10 22 )
#(68 83 49 66 15 17 34 )
#(71 84 52 74 13 22 32 )
#(68 85 33 73 17 40 52 )
#(57 81 33 64 24 31 48 )
#(56 88 44 72 32 28 44 )
#(63 81 33 65 18 32 48 )
#(64 84 55 71 20 16 29 )
#(64 86 55 71 22 16 31 )
#(74 86 55 66 12 11 31 )
#(65 86 55 69 21 14 31 )
#(62 79 38 59 17 21 41 )
#(57 78 45 59 21 14 33 )
#(60 83 45 64 23 19 38 )
#(59 86 38 62 27 24 48 )
#(74 86 45 71 12 26 41 )
#(69 81 57 71 12 14 24 )
#(61 76 54 64 15 10 22 )
#(68 88 69 76 20 7 19 )
#(73 86 42 71 13 29 44 )
#(64 88 57 69 24 12 31 )
#(73 86 38 67 13 29 48 )
#(62 86 38 67 24 29 48 )
#(61 79 40 67 18 27 39 )
#(61 89 37 66 28 29 52 )
#(56 86 38 67 30 29 48 )
