#(2 2 2 0 0 0 0 18 4 8 0 5)
#(16 0 4 0 11 8 0 15 1 7 0 1)
#(13 0 8 0 10 5 4 17 0 5 0 3)
#(16 0 4 0 10 8 0 15 1 7 0 1)
#(6 0 3 2 10 6 4 14 2 5 0 4)
#(9 0 2 0 13 0 0 1 5 5 0 5)
#(9 0 8 0 13 3 0 0 6 17 0 7)
#(5 0 2 1 21 0 1 0 9 6 0 15)
#(12 0 9 0 14 4 0 0 4 16 0 7)
#(7 0 5 2 13 1 1 4 3 7 0 7)
#(15 0 4 3 7 7 2 10 0 8 1 5)
#(9 0 3 4 9 2 4 11 0 6 1 13)
#(17 0 2 1 9 11 2 8 2 10 2 2)
#(17 0 1 4 7 1 3 13 0 4 0 2)
#(16 0 7 1 12 8 2 9 0 5 1 4)
#(6 0 7 1 6 7 1 10 1 7 0 4)
#(16 0 7 1 12 8 2 9 0 5 1 4)
#(8 0 8 0 7 7 1 11 1 6 0 3)
#(8 0 5 1 10 17 0 21 0 10 0 9)
#(11 0 5 0 12 7 0 18 0 2 0 9)
#(9 0 5 1 12 16 0 22 0 10 0 9)
#(9 0 8 0 15 10 0 14 0 4 0 4)
#(12 0 0 1 4 0 0 6 0 2 0 0)
