#(0 19 1 0 0 0 0 0 0 0 )
#(14 5 5 6 0 0 0 0 0 0 )
#(13 6 4 7 0 0 0 0 0 0 )
#(11 6 5 6 0 0 0 0 0 0 )
#(3 18 0 3 1 0 0 0 0 0 )
#(5 1 5 2 2 0 0 0 0 0 )
#(6 0 10 4 1 1 0 0 0 0 )
#(3 2 6 2 3 2 0 0 0 0 )
#(6 1 8 6 2 0 0 0 0 0 )
#(8 1 2 6 2 0 0 0 0 0 )
#(12 4 6 6 0 0 0 0 0 0 )
#(15 1 4 7 1 0 0 0 0 0 )
#(12 1 8 7 0 0 0 0 0 0 )
#(10 0 2 4 4 0 0 0 0 0 )
#(12 4 11 3 0 0 0 0 0 0 )
#(11 7 7 1 0 0 0 0 0 0 )
#(12 4 11 3 0 0 0 0 0 0 )
#(13 7 7 1 0 0 0 0 0 0 )
#(0 9 4 6 3 2 0 0 0 0 )
#(6 4 7 6 1 0 0 0 0 0 )
#(0 6 6 8 2 2 0 0 0 0 )
#(11 2 7 7 0 0 0 0 0 0 )
#(0 3 3 0 2 0 0 0 0 0 )
