23
;
#( 0 4 16 16 4 0 0 )
#( 0 12 19 10 23 2 0 )
#( 0 9 18 19 24 1 0 )
#( 0 12 21 11 20 3 0 )
#( 0 12 22 20 27 0 0 )
#( 0 7 16 24 16 0 0 )
#( 0 8 24 38 17 0 0 )
#( 0 6 15 23 18 0 0 )
#( 0 6 15 25 26 0 0 )
#( 0 12 15 18 17 0 0 )
#( 0 12 19 9 23 2 0 )
#( 0 9 18 19 24 1 0 )
#( 0 12 21 9 24 3 0 )
#( 0 9 19 21 30 6 0 )
#( 1 7 22 11 35 14 0 )
#( 1 10 18 8 41 19 0 )
#( 0 4 19 6 30 14 0 )
#( 0 10 19 18 35 1 0 )
#( 3 11 20 12 37 1 0 )
#( 5 8 15 21 36 9 0 )
#( 4 12 20 10 39 1 0 )
#( 5 9 14 19 34 9 0 )
#( 0 8 6 8 6 1 0 )
