23
;
#(8 0 5 0 12 0 0 8 0 6 0 1)
#(15 0 5 0 12 7 0 13 2 8 1 3)
#(12 0 13 3 8 2 1 17 0 8 0 7)
#(12 0 5 0 17 2 1 11 6 7 1 5)
#(11 0 6 2 10 13 4 16 5 9 0 5)
#(11 2 9 1 9 4 0 16 0 5 1 5)
#(19 2 12 0 12 4 0 21 2 2 1 12)
#(9 0 9 1 9 4 0 19 0 5 1 5)
#(10 5 5 1 10 5 1 15 2 12 2 4)
#(13 0 4 0 9 4 2 19 2 5 0 4)
#(15 0 5 0 12 7 0 12 2 8 1 3)
#(11 0 13 3 8 2 1 18 0 8 0 7)
#(10 0 4 0 16 7 1 8 8 9 1 5)
#(14 0 10 4 12 10 3 11 3 12 3 3)
#(12 0 7 2 10 12 2 14 0 11 6 14)
#(7 0 2 9 15 1 4 12 0 8 6 33)
#(13 0 3 1 9 10 1 6 6 9 3 12)
#(16 0 6 3 16 4 4 25 0 2 0 7)
#(11 0 5 2 11 10 0 26 1 8 0 10)
#(22 3 9 1 11 5 8 16 0 16 0 3)
#(7 0 9 2 7 12 0 26 1 8 0 14)
#(20 3 7 1 9 5 7 18 0 16 0 4)
#(10 0 0 2 8 0 0 8 1 0 0 0)
