#(62 77 41 69 15 28 36 )
#(70 77 41 63 7 22 36 )
#(65 77 41 63 12 22 36 )
#(65 77 41 63 12 22 36 )
#(65 77 41 63 12 22 36 )
#(62 86 38 70 24 32 48 )
#(67 91 36 69 24 33 55 )
#(65 89 36 58 24 22 53 )
#(53 77 41 62 24 21 36 )
#(57 86 38 58 29 20 48 )
#(53 89 38 63 36 25 51 )
#(58 87 41 63 29 22 46 )
#(58 84 34 68 26 34 50 )
#(70 84 34 63 14 29 50 )
#(70 86 34 63 16 29 52 )
#(65 86 39 63 21 24 47 )
#(62 79 41 63 17 22 38 )
#(65 75 34 63 10 29 41 )
#(63 87 34 63 24 29 53 )
#(65 75 34 63 10 29 41 )
#(58 87 31 63 29 32 56 )
#(63 87 39 51 24 12 48 )
