#(3 1 9 0 1 0 0 0 0 0 )
#(5 7 6 2 0 0 0 0 0 0 )
#(4 6 4 6 0 0 0 0 0 0 )
#(8 8 5 3 0 0 0 0 0 0 )
#(4 6 4 6 0 0 0 0 0 0 )
#(3 3 5 4 4 0 0 0 0 0 )
#(2 8 4 2 0 2 0 0 0 0 )
#(5 5 0 4 0 2 0 0 0 0 )
#(5 7 0 2 2 0 0 0 0 0 )
#(5 9 0 4 0 2 0 0 0 0 )
#(0 7 2 0 7 0 0 0 0 0 )
#(8 0 0 1 4 4 1 0 0 0 )
#(8 6 2 3 2 0 0 0 0 0 )
#(4 0 5 3 5 4 1 0 0 0 )
#(2 2 5 2 7 3 1 0 0 0 )
#(4 2 4 2 7 3 0 0 0 0 )
#(6 4 4 4 4 0 0 0 0 0 )
#(2 2 8 3 2 1 0 0 0 0 )
#(0 4 5 5 6 2 0 0 0 0 )
#(2 2 8 3 2 1 0 0 0 0 )
#(7 3 4 5 4 1 0 0 0 0 )
#(0 0 0 0 0 2 0 0 0 0 )
