21
;
#(53 55 36 43 2 7 19 )
#(41 43 29 38 2 9 14 )
#(64 82 31 55 18 24 51 )
#(41 70 37 55 29 18 33 )
#(41 67 29 55 26 26 38 )
#(60 72 34 55 12 21 38 )
#(60 74 34 55 14 21 40 )
#(44 60 32 48 16 16 28 )
#(53 70 32 46 17 14 38 )
#(49 58 32 47 9 15 26 )
#(49 73 33 53 24 20 40 )
#(52 83 33 61 31 28 50 )
#(52 67 49 61 15 12 18 )
#(49 62 39 49 13 10 23 )
#(51 70 34 46 19 12 36 )
#(51 79 34 46 28 12 45 )
#(60 77 34 55 17 21 43 )
#(60 72 31 55 12 24 41 )
#(48 67 29 41 19 12 38 )
#(48 75 22 29 27 7 53 )
#(0 0 22 22 -1 -1 -22 )
