21
;
#(0 0 4 0 6 0 0 6 0 3 0 0)
#(0 0 4 0 2 0 0 3 0 6 0 4)
#(11 0 0 0 0 0 1 9 0 12 0 9)
#(4 0 0 1 0 1 1 7 0 9 0 4)
#(3 0 6 1 6 0 0 10 1 8 0 0)
#(4 0 9 0 10 0 0 12 0 5 0 1)
#(4 0 11 0 9 0 0 10 0 10 0 3)
#(12 0 3 0 0 1 0 3 0 2 15 1)
#(14 1 6 6 1 5 0 9 9 0 20 0)
#(5 8 0 2 0 3 2 0 0 4 5 8)
#(0 12 0 8 0 8 0 2 0 4 0 11)
#(4 11 1 10 0 2 1 5 4 7 2 7)
#(1 7 0 14 0 1 5 0 0 8 0 6)
#(5 0 0 21 2 1 3 8 7 0 0 0)
#(16 2 3 1 4 16 0 1 2 1 1 0)
#(13 1 2 1 4 8 0 7 0 4 0 4)
#(7 0 9 0 10 0 0 10 0 8 0 6)
#(7 0 5 0 5 0 0 7 0 8 3 9)
#(0 0 4 0 6 0 0 3 2 3 4 0)
#(3 0 1 1 2 1 0 4 0 3 0 0)
#(1 0 0 0 0 0 0 0 0 0 0 0)
