21
;
#(0.0625 1.0 1.0 0.9375 0.0 0.0 L )
#(0.0625 1.0 1.0 0.9375 0.0 0.0 L )
#(1.0 1.0 1.0 0.0 0.0 0.0 B )
#(0.625 1.0 1.0 0.375 0.0 0.0 L )
#(0.5625 0.9375 0.9375 0.4375 0.0625 0.0625 L )
#(1.0 1.0 1.0 0.0 0.0 0.0 B )
#(1.0 1.0 1.0 0.0 0.0 0.0 B )
#(0.4688 1.0 1.0 0.5313 0.0 0.0 L )
#(0.75 1.0 1.0 0.25 0.0 0.0 L )
#(0.8125 1.0 1.0 0.1875 0.0 0.0 L )
#(1.0 1.0 1.0 0.0 0.0 0.0 B )
#(0.875 0.875 1.0 0.125 0.125 0.0 B )
#(1.0 0.8125 1.0 0.0 0.1875 0.0 R )
#(0.8438 1.0 1.0 0.1563 0.0 0.0 L )
#(1.0 0.875 1.0 0.0 0.0 0.0 R )
#(1.0 1.0 1.0 0.0 0.0 0.0 B )
#(1.0 1.0 1.0 0.0 0.0 0.0 B )
#(1.0 1.0 1.0 0.0 0.0 0.0 B )
#(0.9375 0.75 1.0 0.0625 0.25 0.0 R )
#(1.0 1.0 1.0 0.0 0.0 0.0 B )
#(0.0 0.25 0.25 1.0 0.75 0.75 L )
