#(15 2 0 0 0 0 0 0 0 0 )
#(17 1 0 0 0 0 0 0 0 0 )
#(0 1 0 6 2 1 0 0 0 0 )
#(3 3 0 2 2 0 0 0 0 0 )
#(3 0 4 5 0 0 0 0 0 0 )
#(8 6 7 0 0 0 0 0 0 0 )
#(6 6 3 0 4 0 0 0 0 0 )
#(7 12 2 0 0 0 0 0 0 0 )
#(4 0 6 11 1 0 0 0 0 0 )
#(17 3 2 2 0 0 0 0 0 0 )
#(25 3 2 2 0 0 0 0 0 0 )
#(17 7 5 2 0 0 0 0 0 0 )
#(6 6 8 0 0 0 0 0 0 0 )
#(21 7 4 0 0 0 0 0 0 0 )
#(11 3 3 4 1 0 0 0 0 0 )
#(13 6 1 4 0 0 0 0 0 0 )
#(11 6 3 2 2 0 0 0 0 0 )
#(17 3 2 0 3 0 0 0 0 0 )
#(11 3 0 0 1 0 0 0 0 0 )
#(3 0 4 0 0 0 0 0 0 0 )
#(1 0 0 0 0 0 0 0 0 0 )
