#( 0 3 13 30 17 1 0 )
#( 0 8 18 15 32 1 0 )
#( 0 9 17 16 23 1 0 )
#( 0 6 18 19 31 1 0 )
#( 0 8 12 24 12 0 0 )
#( 0 4 19 30 19 0 0 )
#( 0 7 14 23 17 1 0 )
#( 0 5 22 24 11 0 0 )
#( 0 6 16 22 18 0 0 )
#( 0 6 19 24 16 0 0 )
#( 0 8 18 15 32 1 0 )
#( 0 9 17 16 23 1 0 )
#( 0 6 18 20 32 1 0 )
#( 0 7 11 22 10 0 0 )
#( 0 6 12 21 18 1 0 )
#( 0 8 16 19 21 1 0 )
#( 0 10 19 12 26 1 0 )
#( 0 7 16 14 34 0 0 )
#( 0 12 16 11 25 7 0 )
#( 0 12 16 8 27 9 0 )
#( 0 12 16 8 29 11 0 )
#( 0 10 17 11 34 5 0 )
#( 0 10 14 14 29 2 0 )
