#(8 0 6 0 9 5 0 7 0 1 0 2)
#(10 0 5 0 5 7 0 9 0 5 2 2)
#(6 0 7 0 6 5 0 13 0 3 0 4)
#(4 0 5 0 5 6 0 9 0 4 0 5)
#(8 0 6 0 9 5 0 7 0 1 0 2)
#(10 0 5 0 5 7 0 9 0 5 2 2)
#(9 0 6 0 6 2 0 15 0 0 0 4)
#(11 0 7 0 6 3 0 11 0 0 0 3)
#(10 0 2 0 8 3 0 6 0 0 0 1)
#(15 0 3 0 9 2 2 9 0 2 1 3)
#(6 0 4 0 4 5 1 5 0 4 0 4)
#(3 0 5 0 5 0 3 11 0 5 0 4)
#(8 0 4 0 3 1 0 8 0 4 0 4)
#(2 0 5 1 3 6 0 5 0 3 0 4)
#(14 0 4 0 10 5 1 11 0 2 0 4)
#(9 0 2 0 6 6 0 7 0 3 1 1)
#(7 0 8 0 5 4 1 4 0 2 0 4)
#(8 0 5 0 7 6 0 7 0 5 0 3)
#(7 0 1 0 5 2 0 6 0 0 0 1)
