23
;
#(55 79 43 67 24 24 36 )
#(62 84 38 60 22 22 46 )
#(62 81 38 62 19 24 43 )
#(62 79 38 60 17 22 41 )
#(59 78 38 60 19 22 40 )
#(59 88 38 64 29 26 50 )
#(62 88 38 60 26 22 50 )
#(62 88 38 64 26 26 50 )
#(59 81 38 62 22 24 43 )
#(59 79 43 59 20 16 36 )
#(62 83 38 62 21 24 45 )
#(62 81 38 62 19 24 43 )
#(62 76 43 60 14 17 33 )
#(59 79 38 57 20 19 41 )
#(58 76 43 57 18 14 33 )
#(60 74 45 60 14 15 29 )
#(64 75 48 63 11 15 27 )
#(62 76 43 64 14 21 33 )
#(70 81 40 65 11 25 41 )
#(63 81 41 62 18 21 40 )
#(70 81 40 65 11 25 41 )
#(64 79 43 65 15 22 36 )
#(64 84 36 60 20 24 48 )
