23
;
#(8 0 3 0 4 1 0 11 2 8 2 6)
#(21 0 2 1 13 8 0 15 4 5 1 3)
#(14 0 11 2 9 1 1 14 0 6 0 9)
#(24 0 1 1 16 5 0 15 4 5 1 0)
#(18 0 4 2 10 5 4 16 4 8 0 3)
#(20 0 4 1 12 9 0 10 0 14 2 4)
#(9 2 6 4 12 9 1 28 2 7 3 10)
#(18 0 2 3 13 10 0 13 2 12 2 0)
#(11 0 12 4 11 13 1 18 0 7 2 10)
#(22 0 3 0 13 1 0 9 0 4 3 4)
#(21 0 2 3 14 6 0 15 4 6 0 3)
#(14 0 11 0 9 1 1 15 0 5 1 9)
#(21 0 2 4 11 8 2 13 7 7 0 0)
#(15 1 2 0 7 6 2 9 3 5 5 1)
#(11 0 8 0 10 14 0 18 3 2 1 6)
#(14 1 11 1 9 10 3 9 1 12 0 5)
#(11 2 4 4 9 12 5 9 1 14 1 0)
#(10 1 4 3 8 3 3 19 1 5 0 3)
#(12 0 6 0 12 10 1 17 0 2 2 10)
#(9 7 8 2 8 9 1 13 0 7 1 3)
#(12 0 6 0 13 10 1 16 0 2 1 10)
#(11 4 3 4 5 3 1 14 5 2 3 4)
#(7 0 0 0 2 0 0 4 0 0 0 0)
