23
;
#(0 18 3 0 0 0 0 0 0 0 )
#(8 4 6 7 1 1 0 0 0 0 )
#(7 2 8 4 2 1 0 0 0 0 )
#(8 4 6 8 0 1 0 0 0 0 )
#(4 3 11 4 3 0 0 0 0 0 )
#(2 5 1 9 5 0 0 0 0 0 )
#(5 5 1 4 7 4 0 0 0 0 )
#(7 3 6 6 4 0 0 0 0 0 )
#(3 11 3 5 7 0 0 0 0 0 )
#(6 1 5 9 0 0 0 0 0 0 )
#(8 3 8 5 2 1 0 0 0 0 )
#(7 3 6 6 1 1 0 0 0 0 )
#(6 4 11 7 0 0 0 0 0 0 )
#(6 1 4 4 4 0 0 0 0 0 )
#(13 0 4 12 0 0 0 0 0 0 )
#(14 0 4 10 2 0 0 0 0 0 )
#(10 8 2 10 0 0 0 0 0 0 )
#(9 15 1 2 2 0 0 0 0 0 )
#(13 5 4 8 1 0 0 0 0 0 )
#(14 7 0 10 0 0 0 0 0 0 )
#(13 5 5 7 1 0 0 0 0 0 )
#(15 4 9 1 1 0 0 0 0 0 )
#(0 1 0 0 1 1 0 0 0 0 )
