22
;
#(57 79 50 60 22 10 29 )
#(62 79 38 60 17 22 41 )
#(66 83 38 62 17 24 45 )
#(62 79 38 60 17 22 41 )
#(66 81 47 60 15 13 34 )
#(65 86 38 60 21 22 48 )
#(64 83 35 64 19 29 48 )
#(65 86 38 62 21 24 48 )
#(59 81 36 64 22 28 45 )
#(59 86 38 59 27 21 48 )
#(62 81 40 62 19 22 41 )
#(65 83 38 62 18 24 45 )
#(62 81 43 60 19 17 38 )
#(64 79 40 62 15 22 39 )
#(64 81 36 65 17 29 45 )
#(64 83 40 64 19 24 43 )
#(64 81 36 65 17 29 45 )
#(64 79 43 67 15 24 36 )
#(71 84 43 65 13 22 41 )
#(67 83 43 67 16 24 40 )
#(69 83 41 65 14 24 42 )
#(64 84 36 64 20 28 48 )
