22
;
#(7 0 5 0 3 4 2 16 0 4 0 4)
#(25 0 2 1 16 7 0 15 2 6 3 0)
#(11 0 14 0 6 0 6 15 0 4 1 10)
#(23 0 1 2 17 5 0 15 1 7 3 0)
#(11 0 7 3 12 2 2 7 2 6 0 6)
#(11 5 5 2 13 9 2 24 0 1 2 11)
#(25 0 4 0 12 13 0 12 4 14 4 2)
#(15 5 5 2 15 9 2 24 0 1 2 11)
#(21 0 6 0 10 8 1 14 2 12 2 4)
#(22 2 1 1 19 0 0 21 0 2 4 0)
#(17 0 8 0 8 5 0 15 2 7 1 8)
#(18 0 7 1 15 0 6 15 0 3 3 2)
#(16 0 5 4 12 6 1 6 4 8 0 4)
#(12 7 3 0 5 7 1 9 1 14 1 2)
#(23 1 2 0 8 14 2 6 1 17 2 1)
#(5 0 4 3 19 2 1 13 7 2 0 9)
#(23 0 1 1 8 14 2 6 1 17 2 1)
#(9 0 8 0 4 5 2 11 0 4 0 8)
#(9 0 10 3 7 10 2 15 2 5 1 11)
#(15 0 6 0 11 6 0 13 5 8 2 11)
#(11 0 2 2 6 16 2 8 3 12 3 7)
#(17 0 6 0 10 2 1 13 0 6 0 3)
