#(1.0 0.4063 1.0 0.0 0.5938 0.0 R )
#(1.0 0.9375 1.0 0.0 0.0625 0.0 R )
#(1.0 0.9375 1.0 0.0 0.0625 0.0 R )
#(1.0 0.9375 1.0 0.0 0.0625 0.0 R )
#(1.0 1.0 1.0 0.0 0.0 0.0 B )
#(1.0 0.9375 1.0 0.0 0.0625 0.0 R )
#(1.0 1.0 1.0 0.0 0.0 0.0 B )
#(1.0 1.0 1.0 0.0 0.0 0.0 B )
#(1.0 1.0 1.0 0.0 0.0 0.0 B )
#(1.0 0.9375 1.0 0.0 0.0625 0.0 R )
#(1.0 0.9375 1.0 0.0 0.0625 0.0 R )
#(1.0 0.9375 1.0 0.0 0.0625 0.0 R )
#(1.0 0.9375 1.0 0.0 0.0625 0.0 R )
#(0.875 0.875 0.875 0.125 0.125 0.125 B )
#(1.0 1.0 1.0 0.0 0.0 0.0 B )
#(0.9375 0.9375 0.9375 0.0625 0.0625 0.0625 B )
#(1.0 1.0 1.0 0.0 0.0 0.0 B )
#(1.0 0.8125 1.0 0.0 0.1875 0.0 R )
#(1.0 0.9375 1.0 0.0 0.0625 0.0 R )
#(1.0 0.9375 1.0 0.0 0.0625 0.0 R )
#(1.0 1.0 1.0 0.0 0.0 0.0 B )
#(0.9375 0.75 0.9375 0.0625 0.25 0.0625 R )
