22
;
#(3 21 0 0 0 0 0 0 0 0 )
#(9 2 7 7 3 0 0 0 0 0 )
#(9 2 5 6 3 0 0 0 0 0 )
#(9 3 7 7 2 0 0 0 0 0 )
#(11 5 7 4 0 0 0 0 0 0 )
#(0 6 7 4 6 1 0 0 0 0 )
#(10 1 4 4 10 0 0 0 0 0 )
#(1 4 6 4 6 3 0 0 0 0 )
#(9 2 6 3 5 2 0 0 0 0 )
#(5 3 4 6 5 0 0 0 0 0 )
#(10 2 8 7 1 0 0 0 0 0 )
#(8 2 5 7 3 0 0 0 0 0 )
#(11 5 7 6 0 0 0 0 0 0 )
#(8 3 8 2 2 1 0 0 0 0 )
#(6 2 6 2 7 1 0 0 0 0 )
#(9 4 5 3 3 1 0 0 0 0 )
#(5 2 6 2 7 1 0 0 0 0 )
#(6 6 2 3 3 0 0 0 0 0 )
#(12 1 6 4 3 2 0 0 0 0 )
#(5 8 2 7 2 2 0 0 0 0 )
#(8 1 7 5 3 1 0 0 0 0 )
#(8 2 4 2 4 1 0 0 0 0 )
