19
;
#(0.9844 0.875 1.0 0.0156 0.0 0.0 R )
#(0.75 0.75 0.9063 0.1563 0.25 0.0 B )
#(0.375 0.625 0.9063 0.5313 0.3438 0.0 L )
#(0.75 0.5 1.0 0.25 0.5 0.0 R )
#(0.75 0.5 1.0 0.25 0.5 0.0 R )
#(0.7344 0.625 0.8125 0.0781 0.1875 0.0 R )
#(0.6094 0.375 0.625 0.0156 0.1875 0.0 R )
#(0.8438 1.0 0.9375 0.0938 0.0 0.0 L )
#(0.8438 0.5 0.875 0.0313 0.0 0.0 R )
#(0.9375 1.0 1.0 0.0625 0.0 0.0 L )
#(0.9688 1.0 1.0 0.0313 0.0 0.0 L )
#(0.7656 0.625 0.7813 0.0156 0.0313 0.0 R )
#(0.75 0.75 0.9063 0.1563 0.25 0.0 B )
#(0.5 0.5 0.9063 0.4063 0.4375 0.0 B )
#(0.5 0.9688 1.0 0.5 0.0313 0.0 L )
#(0.5 1.0 1.0 0.5 0.0 0.0 L )
#(0.75 1.0 1.0 0.25 0.0 0.0 L )
#(0.75 1.0 1.0 0.25 0.0 0.0 L )
#(0.625 0.625 0.625 0.375 0.375 0.375 B )
