#(64 84 48 60 20 12 36 )
#(71 81 48 68 10 20 33 )
#(71 84 54 67 13 13 30 )
#(71 81 43 55 10 12 38 )
#(67 83 43 59 16 16 40 )
#(67 79 38 52 12 14 41 )
#(69 79 38 61 10 23 41 )
#(69 83 43 62 14 19 40 )
#(69 83 50 55 14 5 33 )
#(69 84 45 57 15 12 39 )
#(67 84 43 62 17 19 41 )
#(66 83 50 62 17 12 33 )
#(67 79 43 62 12 19 36 )
#(68 81 44 58 13 14 37 )
#(72 82 45 58 10 13 37 )
#(72 79 42 55 7 13 37 )
#(68 76 41 64 8 23 35 )
#(64 72 52 64 8 12 20 )
#(64 84 48 60 20 12 36 )
#(71 81 48 68 10 20 33 )
#(71 84 43 67 13 24 41 )
#(71 79 48 55 8 7 31 )
#(67 79 43 55 12 12 36 )
#(67 84 43 57 17 14 41 )
#(69 81 55 62 12 7 26 )
#(67 81 48 64 14 16 33 )
#(67 79 55 65 12 10 24 )
#(60 81 43 67 21 24 38 )
#(64 84 52 62 20 10 32 )
#(71 84 42 55 13 13 42 )
#(71 84 36 55 13 19 48 )
