#(69 77 57 65 8 8 20 )
#(69 82 51 67 13 16 31 )
#(69 84 53 65 15 12 31 )
#(72 84 58 70 12 12 26 )
#(69 77 51 65 8 14 26 )
#(65 82 53 67 17 14 29 )
#(62 79 46 70 17 24 33 )
#(72 89 57 74 17 17 32 )
#(65 80 36 61 15 25 44 )
#(62 82 46 67 20 21 36 )
#(67 82 50 70 15 20 32 )
#(65 80 53 63 15 10 27 )
#(63 79 46 63 16 17 33 )
#(62 79 45 61 17 16 34 )
#(63 84 50 68 21 18 34 )
#(71 89 55 74 18 19 34 )
#(69 84 57 70 15 13 27 )
#(69 77 51 65 8 14 26 )
#(69 82 41 67 13 26 41 )
#(69 84 41 60 15 19 43 )
#(69 87 43 67 18 24 44 )
#(70 89 40 63 19 23 49 )
#(63 82 41 58 19 17 41 )
#(62 74 46 58 12 12 28 )
