24
;
#(6 2 6 1 7 3 1 14 0 0 0 4)
#(11 1 9 0 9 6 1 11 0 4 0 4)
#(12 1 9 0 7 4 3 8 0 3 0 6)
#(8 0 8 1 4 2 4 15 1 7 0 9)
#(9 2 10 1 10 5 1 15 0 0 0 6)
#(10 1 6 0 6 4 0 7 0 4 0 2)
#(29 0 7 0 12 9 0 4 0 6 0 3)
#(11 1 11 0 8 0 4 12 2 11 0 12)
#(9 2 13 3 9 6 0 10 2 5 2 4)
#(29 0 6 0 7 7 2 7 0 7 0 3)
#(13 2 11 0 12 10 1 8 0 9 0 5)
#(11 0 3 0 11 4 0 8 0 1 2 1)
#(10 1 7 1 4 9 2 8 2 4 2 2)
#(8 2 6 7 11 8 5 7 4 3 3 5)
#(9 1 6 0 3 13 1 7 1 5 4 2)
#(7 2 9 0 6 5 3 6 2 7 1 6)
#(7 1 9 1 6 4 3 18 1 5 0 9)
#(9 2 10 1 10 5 1 15 0 0 0 6)
#(28 0 6 1 9 4 0 7 0 7 0 3)
#(24 0 8 1 5 6 4 8 0 5 1 6)
#(10 0 5 2 4 6 5 7 10 4 2 8)
#(10 0 5 1 10 9 3 8 2 5 1 5)
#(20 0 4 0 5 6 1 10 0 4 0 2)
#(5 0 0 0 3 0 0 1 0 0 0 0)
