#(7 17 1 0 0 0 0 0 0 0 )
#(12 16 4 0 0 0 0 0 0 0 )
#(19 14 2 0 0 0 0 0 0 0 )
#(34 8 3 0 0 0 0 0 0 0 )
#(8 21 3 0 0 0 0 0 0 0 )
#(12 8 4 0 0 0 0 0 0 0 )
#(18 2 16 0 0 0 0 0 0 0 )
#(26 15 4 1 0 0 0 0 0 0 )
#(13 8 12 0 0 0 0 0 0 0 )
#(13 5 15 0 0 0 0 0 0 0 )
#(27 15 2 2 0 0 0 0 0 0 )
#(22 5 3 0 0 0 0 0 0 0 )
#(18 8 6 0 0 0 0 0 0 0 )
#(1 25 6 0 0 0 0 0 0 0 )
#(18 8 6 0 0 0 0 0 0 0 )
#(11 20 1 0 0 0 0 0 0 0 )
#(29 13 3 0 0 0 0 0 0 0 )
#(8 21 3 0 0 0 0 0 0 0 )
#(14 3 15 0 0 0 0 0 0 0 )
#(10 11 12 0 0 0 0 0 0 0 )
#(10 22 3 0 0 0 0 0 0 0 )
#(18 18 0 0 1 0 0 0 0 0 )
#(17 11 3 1 0 0 0 0 0 0 )
#(0 0 3 0 0 0 0 0 0 0 )
