
Grupo 0
#(0.2926045 0 0.010471204 0 0 0) - 0
#(0.28456593 0 0.04712042 0 0 0) - 0
#(0.17041801 0 0.010471204 0 0 0) - 0
#(0.37138262 0 0 0 0 0) - 0
#(0.22186495 0 0 0 0 0) - 0
#(0.19131833 0 0.005235602 0 0 0) - 0
#(0.36334404 0 0 0 0 0) - 0
#(0.10610932 0 0.005235602 0 0 0) - 0
#(0.36495176 0 0 0.1 0 0) - 0
#(0.28617364 0 0.07853403 0 0 0) - 0
#(0.38263667 0 0 0 0 0) - 0
#(0.14308682 0 0.005235602 0 0 0) - 0
#(0.2652733 0 0 0 0 0) - 0
#(0.4340836 0 0 0 0 0) - 0
#(0.2363344 0 0 0 0 0) - 0

Grupo 0
#(0 0 0.005235602 0 0.071428575 0) - 4
#(0 0 0 0 0 0) - 0
#(0 0 0 0 0 0) - 0
#(0 0 0 0 0 0) - 0
#(0 0 0 0 0 0) - 0
#(0 0 0 0 0 0) - 0
#(0 0.5714286 0 0 0 0.16666667) - 1
#(0 0 0 0 0 0) - 0
#(0 0 0 0.033333335 0 0) - 3
#(0.020900322 0 0.015706806 0 0 0) - 0
#(0.006430868 0.71428573 0 0.1 0 0) - 1
#(0.008038585 0 0 0 0 0) - 0
#(0 0 0 0.06666667 0 0) - 3
#(0 0 0.010471204 0 0 0) - 2
#(0 0 0 0.06666667 0 0) - 3
#(0 0 0 0 0 0) - 0
#(0 0 0 0 0 0) - 0
#(0 0.42857143 0 0 0 0) - 1
#(0 0 0 0 0 0) - 0
#(0 0.85714287 0 0 0 0) - 1
#(0 0.14285715 0 0 0 0) - 1
#(0 0 0 0 0 0.083333336) - 5
#(0 0 0 0 0 0) - 0
#(0 0 0 0 0 0) - 0
#(0 0 0 0 0 0) - 0
#(0.004823151 0.85714287 0 0 0 0) - 1
#(0.001607717 0 0 0 0 0) - 0
#(0 0.2857143 0 0 0 0) - 1
#(0 0 0.11518325 0 0 0) - 2
#(0 0 0.015706806 0.033333335 0 0) - 3
#(0.001607717 0 0.015706806 0 0 0) - 2
#(0 0.42857143 0 0 0 0) - 1
#(0.004823151 0 0 0 0 0) - 0
#(0 0.2857143 0 0 0 0) - 1
#(0 0 0 0 0.071428575 0) - 4
#(0 0.42857143 0.015706806 0 0 0) - 1
#(0 0 0 0 0 0) - 0
#(0 0 0.005235602 0 0 0) - 2
#(0 0.14285715 0 0 0 0) - 1
#(0 0 0.005235602 0.033333335 0.071428575 0) - 4
#(0 0 0 0 0 0) - 0
#(0.004823151 0 0.005235602 0 0 0) - 2
#(0 0.71428573 0 0 0 0) - 1
#(0.003215434 0 0 0 0 0) - 0
#(0 0 0 0 0.071428575 0) - 4
#(0 0.5714286 0 0 0 0) - 1
#(0.011254019 0 0.010471204 0 0 0) - 0
#(0 0.5714286 0.010471204 0 0 0.16666667) - 1

Grupo 0
#(0 0 0.005235602 0 0 0) - 2
#(0.025723472 0 0.28795812 0 0 0) - 2
#(0.07073955 0 0.08900524 0 0 0) - 2
#(0 0 0.65445024 0 0 0) - 2
#(0.017684888 0 0.17801048 0 0 0) - 2
#(0.008038585 0 0.34554973 0 0 0) - 2
#(0.001607717 0 0.43455496 0 0 0) - 2
#(0 0 0.07853403 0 0.071428575 0) - 2
#(0 0 0.55497384 0 0 0) - 2
#(0 0 0.15706806 0 0 0.16666667) - 5
#(0 0.42857143 0.03141361 0 0 0) - 1
#(0.001607717 0 0.07853403 0 0 0.16666667) - 5
#(0 0 0.21465969 0 0 0) - 2
#(0.001607717 0 0.015706806 0.1 0 0) - 3
#(0 0 0.38219896 0 0 0) - 2
#(0.001607717 0 0.03141361 0 0 0) - 2
#(0 0 0.020942409 0 0 0) - 2
#(0 0 0.015706806 0.033333335 0 0) - 3

Grupo 0
#(0 0 0 0.16666667 0 0) - 3
#(0 0 0 0.8 0 0) - 3
#(0 0 0 0 0 0) - 0
#(0 0 0 0.1 0 0) - 3
#(0 0 0 0 0 0) - 0
#(0 0 0 0.2 0 0) - 3
#(0 0 0 0 0 0) - 0
#(0 0 0 0 0 0) - 0
#(0 0 0 0.73333335 0 0) - 3

Grupo 0
#(0 0 0 0 0.21428572 0) - 4
#(0 0 0 0 0.14285715 0) - 4
#(0 0 0 0 0 0) - 0
#(0 0 0 0 0 0) - 0
#(0 0 0 0 0.21428572 0) - 4
#(0 0 0 0 0.5714286 0) - 4
#(0 0 0 0 0.14285715 0) - 4
#(0 0 0 0 0.14285715 0) - 4
#(0 0 0 0 0.071428575 0) - 4
#(0 0 0 0 0.5 0) - 4

Grupo 0
#(0 0 0 0 0 0) - 0
#(0 0 0 0 0 0) - 0
#(0 0 0 0 0 0) - 0
#(0 0 0 0 0 0.41666666) - 5
#(0 0 0 0 0 0) - 0
#(0 0 0 0 0 0.083333336) - 5
#(0 0 0 0 0.071428575 0.25) - 5
#(0 0 0 0.033333335 0 0) - 3
#(0 0.5714286 0 0 0 0.16666667) - 1
#(0 0 0 0 0 0) - 0
#(0 0 0 0 0 0.25) - 5
#(0 0 0 0 0 0.5) - 5
#(0 0 0 0 0 0.083333336) - 5
#(0 0 0 0 0 0.41666666) - 5
#(0 0 0 0 0 0.16666667) - 5
#(0 0 0 0 0 0) - 0
#(0 0 0 0 0 0.16666667) - 5
#(0 0 0 0 0 0) - 0
#(0 0 0 0 0 0.25) - 5
#(0 0 0 0 0 0) - 0
#(0 0 0 0.06666667 0 0) - 3
#(0 0 0 0 0 0.083333336) - 5
#(0 0 0.015706806 0 0 0.16666667) - 5
#(0 0 0.005235602 0 0 0.083333336) - 5
#(0 0 0 0.06666667 0 0.16666667) - 5
#(0 0 0 0 0 0.16666667) - 5
#(0 0 0.020942409 0 0 0.33333334) - 5
#(0 0 0 0 0 0.083333336) - 5
#(0 0 0 0 0 0.41666666) - 5
#(0 0 0 0 0 0.083333336) - 5
#(0 0 0.005235602 0 0 0) - 2
#(0 0 0 0 0 0.33333334) - 5
#(0 0 0 0 0 0.41666666) - 5
#(0 0 0.020942409 0 0 0) - 2
#(0 0 0 0 0 0.25) - 5
#(0 0 0 0 0 0) - 0
#(0 0 0 0 0 0.25) - 5
#(0 0 0 0 0 0.16666667) - 5
#(0 0 0 0 0 0.25) - 5
#(0 0 0 0 0.071428575 0.083333336) - 5
#(0 0 0 0 0 0.16666667) - 5
#(0 0 0 0 0 0.33333334) - 5
