
Grupo 0
#(0.30627307 0 0 0 0 0) - 0
#(0.27306274 0 0 0 0 0) - 0
#(0.14575645 0 0 0 0 0) - 0
#(0.34870848 0 0 0 0 0) - 0
#(0.22693726 0 0 0 0 0) - 0
#(0.17158672 0 0 0 0 0) - 0
#(0.36715868 0 0 0 0 0) - 0
#(0.10885609 0 0 0 0 0) - 0
#(0.35793358 0 0 0 0 0) - 0
#(0.2915129 0 0 0 0 0) - 0
#(0.37822878 0 0 0 0 0) - 0
#(0.13284133 0 0 0 0 0) - 0
#(0.27859777 0 0 0 0 0) - 0
#(0.44649446 0 0 0 0 0) - 0
#(0.24723247 0 0 0 0 0) - 0

Grupo 0
#(0 0 0 0 0 0) - 6
#(0 0 0 0 0 0) - 6
#(0 0 0 0 0 0) - 6
#(0 0 0 0 0 0) - 6
#(0 0 0 0 0 0) - 6
#(0 0 0 0 0 0) - 6
#(0 1.0 0 0 0 0) - 1
#(0 0 0 0 0 0) - 6
#(0 0 0 0 0 0) - 6
#(0.020295203 0 0.01923077 0 0 0) - 0
#(0.0018450185 1.0 0 0 0 0) - 1
#(0.003690037 0 0 0 0 0) - 0
#(0 0 0 0 0 0) - 6
#(0 0 0.0064102565 0 0 0) - 2
#(0 0 0 0 0 0) - 6
#(0 0 0 0 0 0) - 6
#(0 0 0 0 0 0) - 6
#(0 0 0 0 0 0) - 6
#(0 0 0 0 0 0) - 6
#(0 1.0 0 0 0 0) - 1
#(0 0 0 0 0 0) - 6
#(0 0 0 0 0 0.125) - 5
#(0 0 0 0 0 0) - 6
#(0 0 0 0 0 0) - 6
#(0 0 0 0 0 0) - 6
#(0.0055350554 1.0 0 0 0 0) - 1
#(0.0018450185 0 0 0 0 0) - 0
#(0 0 0 0 0 0) - 6
#(0 0 0.09615385 0 0 0) - 2
#(0 0 0.012820513 0 0 0) - 2
#(0 0 0 0 0 0) - 6
#(0 0 0 0 0 0) - 6
#(0.0055350554 0 0 0 0 0) - 0
#(0 0 0 0 0 0) - 6
#(0 0 0 0 0 0) - 6
#(0 0 0.01923077 0 0 0) - 2
#(0 0 0 0 0 0) - 6
#(0 0 0 0 0 0) - 6
#(0 0 0 0 0 0) - 6
#(0 0 0 0 0 0) - 6
#(0 0 0 0 0 0) - 6
#(0 0 0 0 0 0) - 6
#(0 1.0 0 0 0 0) - 1
#(0 0 0 0 0 0) - 6
#(0 0 0 0 0 0) - 6
#(0 1.0 0 0 0 0) - 1
#(0 0 0 0 0 0) - 6
#(0 1.0 0.012820513 0 0 0.25) - 1

Grupo 0
#(0 0 0 0 0 0) - 6
#(0 0 0.27564102 0 0 0) - 2
#(0 0 0.06410257 0 0 0) - 2
#(0 0 0.6730769 0 0 0) - 2
#(0 0 0.19871795 0 0 0) - 2
#(0 0 0.32692307 0 0 0) - 2
#(0 0 0.49358973 0 0 0) - 2
#(0 0 0.083333336 0 0 0) - 2
#(0 0 0.5897436 0 0 0) - 2
#(0 0 0.08974359 0 0 0) - 2
#(0 0 0.03846154 0 0 0) - 2
#(0 0 0.08974359 0 0 0) - 2
#(0 0 0.21153846 0 0 0) - 2
#(0 0 0.012820513 0 0 0) - 2
#(0 0 0.33974358 0 0 0) - 2
#(0 0 0.01923077 0 0 0) - 2
#(0 0 0.01923077 0 0 0) - 2
#(0 0 0.012820513 0 0 0) - 2

Grupo 0
#(0 0 0 0 0 0) - 6
#(0 0 0 0.9047619 0 0) - 3
#(0 0 0 0 0 0) - 6
#(0 0 0 0 0 0) - 6
#(0 0 0 0 0 0) - 6
#(0 0 0 0.0952381 0 0) - 3
#(0 0 0 0 0 0) - 6
#(0 0 0 0 0 0) - 6
#(0 0 0 1.0 0 0) - 3

Grupo 0
#(0 0 0 0 0.18181819 0) - 4
#(0 0 0 0 0.09090909 0) - 4
#(0 0 0 0 0 0) - 6
#(0 0 0 0 0 0) - 6
#(0 0 0 0 0.27272728 0) - 4
#(0 0 0 0 0.54545456 0) - 4
#(0 0 0 0 0.18181819 0) - 4
#(0 0 0 0 0.18181819 0) - 4
#(0 0 0 0 0.09090909 0) - 4
#(0 0 0 0 0.45454547 0) - 4

Grupo 0
#(0 0 0 0 0 0) - 6
#(0 0 0 0 0 0) - 6
#(0 0 0 0 0 0) - 6
#(0 0 0 0 0 0.375) - 5
#(0 0 0 0 0 0) - 6
#(0 0 0 0 0 0) - 6
#(0 0 0 0 0 0.375) - 5
#(0 0 0 0 0 0) - 6
#(0 1.0 0 0 0 0.25) - 1
#(0 0 0 0 0 0) - 6
#(0 0 0 0 0 0.125) - 5
#(0 0 0 0 0 0.75) - 5
#(0 0 0 0 0 0.125) - 5
#(0 0 0 0 0 0.375) - 5
#(0 0 0 0 0 0.25) - 5
#(0 0 0 0 0 0) - 6
#(0 0 0 0 0 0.25) - 5
#(0 0 0 0 0 0) - 6
#(0 0 0 0 0 0.375) - 5
#(0 0 0 0 0 0) - 6
#(0 0 0 0 0 0) - 6
#(0 0 0 0 0 0.125) - 5
#(0 0 0.012820513 0 0 0.25) - 5
#(0 0 0 0 0 0) - 6
#(0 0 0 0 0 0.25) - 5
#(0 0 0 0 0 0) - 6
#(0 0 0 0 0 0.25) - 5
#(0 0 0 0 0 0.125) - 5
#(0 0 0 0 0 0.375) - 5
#(0 0 0 0 0 0.125) - 5
#(0 0 0.0064102565 0 0 0) - 2
#(0 0 0 0 0 0.25) - 5
#(0 0 0 0 0 0.25) - 5
#(0 0 0 0 0 0) - 6
#(0 0 0 0 0 0) - 6
#(0 0 0 0 0 0) - 6
#(0 0 0 0 0 0.25) - 5
#(0 0 0 0 0 0.25) - 5
#(0 0 0 0 0 0.25) - 5
#(0 0 0 0 0 0.125) - 5
#(0 0 0 0 0 0) - 6
#(0 0 0 0 0 0.25) - 5
