
Grupo 0
#(0.2924071 0 0 0 0 0) - 0
#(0.28109854 0 0 0 0 0) - 0
#(0.17124394 0 0 0 0 0) - 0
#(0.37318256 0 0 0 0 0) - 0
#(0.22294022 0 0 0 0 0) - 0
#(0.19224556 0 0 0 0 0) - 0
#(0.3602585 0 0 0 0 0) - 0
#(0.10177706 0 0 0 0 0) - 0
#(0.36187398 0 0 0 0 0) - 0
#(0.28756058 0 0 0 0 0) - 0
#(0.38449112 0 0 0 0 0) - 0
#(0.14378029 0 0 0 0 0) - 0
#(0.26655897 0 0 0 0 0) - 0
#(0.4361874 0 0 0 0 0) - 0
#(0.2374798 0 0 0 0 0) - 0

Grupo 0
#(0 0 0 0 0 0) - 0
#(0 0 0 0 0 0) - 0
#(0 0 0 0 0 0) - 0
#(0 0 0 0 0 0) - 0
#(0 0 0 0 0 0) - 0
#(0 0 0 0 0 0) - 0
#(0 0.5714286 0 0 0 0.16666667) - 1
#(0 0 0 0 0 0) - 0
#(0 0 0 0.037037037 0 0) - 3
#(0.021001615 0 0.018867925 0 0 0) - 0
#(0.0016155089 0.71428573 0 0 0 0) - 1
#(0.0032310179 0 0 0 0 0) - 0
#(0 0 0 0.074074075 0 0) - 3
#(0 0 0.006289308 0 0 0) - 2
#(0 0 0 0.074074075 0 0) - 3
#(0 0 0 0 0 0) - 0
#(0 0 0 0 0 0) - 0
#(0 0.42857143 0 0 0 0) - 1
#(0 0 0 0 0 0) - 0
#(0 0.85714287 0 0 0 0) - 1
#(0 0.14285715 0 0 0 0) - 1
#(0 0 0 0 0 0.083333336) - 5
#(0 0 0 0 0 0) - 0
#(0 0 0 0 0 0) - 0
#(0 0 0 0 0 0) - 0
#(0.004846527 0.85714287 0 0 0 0) - 1
#(0.0016155089 0 0 0 0 0) - 0
#(0 0.2857143 0 0 0 0) - 1
#(0 0 0.094339624 0 0 0) - 2
#(0 0 0.012578616 0.037037037 0 0) - 3
#(0.0016155089 0 0.012578616 0 0 0) - 2
#(0 0.42857143 0 0 0 0) - 1
#(0.004846527 0 0 0 0 0) - 0
#(0 0.2857143 0 0 0 0) - 1
#(0 0 0 0 0.07692308 0) - 4
#(0 0.42857143 0.018867925 0 0 0) - 1
#(0 0 0 0 0 0) - 0
#(0 0 0 0 0 0) - 0
#(0 0.14285715 0 0 0 0) - 1
#(0 0 0 0.037037037 0 0) - 3
#(0 0 0 0 0 0) - 0
#(0.004846527 0 0 0 0 0) - 0
#(0 0.71428573 0 0 0 0) - 1
#(0.0032310179 0 0 0 0 0) - 0
#(0 0 0 0 0 0) - 0
#(0 0.5714286 0 0 0 0) - 1
#(0.0064620357 0 0.006289308 0 0 0) - 0
#(0 0.5714286 0.012578616 0 0 0.16666667) - 1

Grupo 0
#(0 0 0 0 0 0) - 0
#(0.025848143 0 0.27044025 0 0 0) - 2
#(0.07108239 0 0.062893085 0 0 0) - 0
#(0 0 0.6603774 0 0 0) - 2
#(0.012924071 0 0.19496855 0 0 0) - 2
#(0.008077544 0 0.3207547 0 0 0) - 2
#(0.0016155089 0 0.48427674 0 0 0) - 2
#(0 0 0.08176101 0 0.07692308 0) - 2
#(0 0 0.5786164 0 0 0) - 2
#(0 0 0.10062893 0 0 0.16666667) - 5
#(0 0.42857143 0.03773585 0 0 0) - 1
#(0.0016155089 0 0.094339624 0 0 0.16666667) - 5
#(0 0 0.2264151 0 0 0) - 2
#(0.0016155089 0 0.012578616 0.11111111 0 0) - 3
#(0 0 0.34591195 0 0 0) - 2
#(0.0016155089 0 0.031446543 0 0 0) - 2
#(0 0 0.018867925 0 0 0) - 2
#(0 0 0.012578616 0.037037037 0 0) - 3

Grupo 0
#(0 0 0 0.18518518 0 0) - 3
#(0 0 0 0.7777778 0 0) - 3
#(0 0 0 0 0 0) - 0
#(0 0 0 0.11111111 0 0) - 3
#(0 0 0 0 0 0) - 0
#(0 0 0 0.11111111 0 0) - 3
#(0 0 0 0 0 0) - 0
#(0 0 0 0 0 0) - 0
#(0 0 0 0.8148148 0 0) - 3

Grupo 0
#(0 0 0 0 0.23076923 0) - 4
#(0 0 0 0 0.15384616 0) - 4
#(0 0 0 0 0 0) - 0
#(0 0 0 0 0 0) - 0
#(0 0 0 0 0.23076923 0) - 4
#(0 0 0 0 0.53846157 0) - 4
#(0 0 0 0 0.15384616 0) - 4
#(0 0 0 0 0.15384616 0) - 4
#(0 0 0 0 0.07692308 0) - 4
#(0 0 0 0 0.46153846 0) - 4

Grupo 0
#(0 0 0 0 0 0) - 0
#(0 0 0 0 0 0) - 0
#(0 0 0 0 0 0) - 0
#(0 0 0 0 0 0.41666666) - 5
#(0 0 0 0 0 0) - 0
#(0 0 0 0 0 0.083333336) - 5
#(0 0 0 0 0.07692308 0.25) - 5
#(0 0 0 0 0 0) - 0
#(0 0.5714286 0 0 0 0.16666667) - 1
#(0 0 0 0 0 0) - 0
#(0 0 0 0 0 0.25) - 5
#(0 0 0 0 0 0.5) - 5
#(0 0 0 0 0 0.083333336) - 5
#(0 0 0 0 0 0.41666666) - 5
#(0 0 0 0 0 0.16666667) - 5
#(0 0 0 0 0 0) - 0
#(0 0 0 0 0 0.16666667) - 5
#(0 0 0 0 0 0) - 0
#(0 0 0 0 0 0.25) - 5
#(0 0 0 0 0 0) - 0
#(0 0 0 0.074074075 0 0) - 3
#(0 0 0 0 0 0.083333336) - 5
#(0 0 0.012578616 0 0 0.16666667) - 5
#(0 0 0 0 0 0.083333336) - 5
#(0 0 0 0.074074075 0 0.16666667) - 5
#(0 0 0 0 0 0.16666667) - 5
#(0 0 0.018867925 0 0 0.33333334) - 5
#(0 0 0 0 0 0.083333336) - 5
#(0 0 0 0 0 0.41666666) - 5
#(0 0 0 0 0 0.083333336) - 5
#(0 0 0.006289308 0 0 0) - 2
#(0 0 0 0 0 0.33333334) - 5
#(0 0 0 0 0 0.41666666) - 5
#(0 0 0.018867925 0 0 0) - 2
#(0 0 0 0 0 0.25) - 5
#(0 0 0 0 0 0) - 0
#(0 0 0 0 0 0.25) - 5
#(0 0 0 0 0 0.16666667) - 5
#(0 0 0 0 0 0.25) - 5
#(0 0 0 0 0.07692308 0.083333336) - 5
#(0 0 0 0 0 0.16666667) - 5
#(0 0 0 0 0 0.33333334) - 5
