
Grupo 0
#(0.18108729 0 0 0 0 0) - 0
#(0.2002297 0 0 0 0 0) - 0
#(0.14739662 0 0 0 0 0) - 0
#(0.22166921 0 0 0 0 0) - 0
#(0.08728943 0 0 0 0 0) - 0
#(0.11332312 0 0 0 0 0) - 0
#(0.2151608 0 0 0 0 0) - 0
#(0.11600307 0 0 0 0 0) - 0
#(0.16424195 0 0 0 0 0) - 0
#(0.17304747 0 0 0 0 0) - 0
#(0.23047473 0 0 0 0 0) - 0
#(0.11600307 0 0 0 0 0) - 0
#(0.17189893 0 0 0 0 0) - 0
#(0.21630934 0 0 0 0 0) - 0
#(0.14663093 0 0 0 0 0) - 0

Grupo 0
#(0 0 0 0 0 0) - 6
#(0 0 0 0 0 0) - 6
#(0 0 0 0 0 0) - 6
#(0 0 0 0 0 0) - 6
#(0 0 0 0 0 0) - 6
#(0 0 0 0 0 0) - 6
#(0 0.5714286 0 0 0 0.16666667) - 1
#(0 0 0 0 0 0) - 6
#(3.828484e-4 0 0 0.037037037 0 0) - 3
#(0.0053598774 0 0.018867925 0 0 0) - 2
#(0.0034456355 0.71428573 0 0 0 0) - 1
#(0.0030627872 0 0 0 0 0) - 0
#(0.0011485452 0 0 0.074074075 0 0) - 3
#(3.828484e-4 0 0.006289308 0 0 0) - 2
#(0 0 0 0.074074075 0 0) - 3
#(0 0 0 0 0 0) - 6
#(0 0 0 0 0 0) - 6
#(0 0.42857143 0 0 0 0) - 1
#(0 0 0 0 0 0) - 6
#(0 0.85714287 0 0 0 0) - 1
#(0 0.14285715 0 0 0 0) - 1
#(0 0 0 0 0 0.083333336) - 5
#(0 0 0 0 0 0) - 6
#(0 0 0 0 0 0) - 6
#(0 0 0 0 0 0) - 6
#(0.0034456355 0.85714287 0 0 0 0) - 1
#(0.0015313936 0 0 0 0 0) - 0
#(0.0045941807 0.2857143 0 0 0 0) - 1
#(0 0 0.094339624 0 0 0) - 2
#(3.828484e-4 0 0.012578616 0.037037037 0 0) - 3
#(7.656968e-4 0 0.012578616 0 0 0) - 2
#(0 0.42857143 0 0 0 0) - 1
#(0.0022970904 0 0 0 0 0) - 0
#(0 0.2857143 0 0 0 0) - 1
#(0 0 0 0 0.07692308 0) - 4
#(0 0.42857143 0.018867925 0 0 0) - 1
#(0 0 0 0 0 0) - 6
#(0 0 0 0 0 0) - 6
#(0 0.14285715 0 0 0 0) - 1
#(0 0 0 0.037037037 0 0) - 3
#(7.656968e-4 0 0 0 0 0) - 0
#(0.0022970904 0 0 0 0 0) - 0
#(3.828484e-4 0.71428573 0 0 0 0) - 1
#(0.0019142419 0 0 0 0 0) - 0
#(0 0 0 0 0 0) - 6
#(7.656968e-4 0.5714286 0 0 0 0) - 1
#(0.0053598774 0 0.006289308 0 0 0) - 2
#(0.0011485452 0.5714286 0.012578616 0 0 0.16666667) - 1

Grupo 0
#(0 0 0 0 0 0) - 6
#(0.013782542 0 0.27044025 0 0 0) - 2
#(0.033690657 0 0.062893085 0 0 0) - 2
#(0 0 0.6603774 0 0 0) - 2
#(0.008422664 0 0.19496855 0 0 0) - 2
#(0.010336907 0 0.3207547 0 0 0) - 2
#(0.0022970904 0 0.48427674 0 0 0) - 2
#(0 0 0.08176101 0 0.07692308 0) - 2
#(0 0 0.5786164 0 0 0) - 2
#(0.004211332 0 0.10062893 0 0 0.16666667) - 5
#(0.0045941807 0.42857143 0.03773585 0 0 0) - 1
#(3.828484e-4 0 0.094339624 0 0 0.16666667) - 5
#(0 0 0.2264151 0 0 0) - 2
#(0.0072741196 0 0.012578616 0.11111111 0 0) - 3
#(3.828484e-4 0 0.34591195 0 0 0) - 2
#(3.828484e-4 0 0.031446543 0 0 0) - 2
#(0 0 0.018867925 0 0 0) - 2
#(0 0 0.012578616 0.037037037 0 0) - 3

Grupo 0
#(0 0 0 0.18518518 0 0) - 3
#(0 0 0 0.7777778 0 0) - 3
#(0 0 0 0 0 0) - 6
#(0 0 0 0.11111111 0 0) - 3
#(0 0 0 0 0 0) - 6
#(0 0 0 0.11111111 0 0) - 3
#(0 0 0 0 0 0) - 6
#(0 0 0 0 0 0) - 6
#(0 0 0 0.8148148 0 0) - 3

Grupo 0
#(0 0 0 0 0.23076923 0) - 4
#(0 0 0 0 0.15384616 0) - 4
#(0 0 0 0 0 0) - 6
#(0 0 0 0 0 0) - 6
#(0 0 0 0 0.23076923 0) - 4
#(0 0 0 0 0.53846157 0) - 4
#(0 0 0 0 0.15384616 0) - 4
#(0 0 0 0 0.15384616 0) - 4
#(0 0 0 0 0.07692308 0) - 4
#(0 0 0 0 0.46153846 0) - 4

Grupo 0
#(0 0 0 0 0 0) - 6
#(0 0 0 0 0 0) - 6
#(0 0 0 0 0 0) - 6
#(0 0 0 0 0 0.41666666) - 5
#(0 0 0 0 0 0) - 6
#(0 0 0 0 0 0.083333336) - 5
#(3.828484e-4 0 0 0 0.07692308 0.25) - 5
#(3.828484e-4 0 0 0 0 0) - 0
#(0 0.5714286 0 0 0 0.16666667) - 1
#(0 0 0 0 0 0) - 6
#(0 0 0 0 0 0.25) - 5
#(0 0 0 0 0 0.5) - 5
#(0 0 0 0 0 0.083333336) - 5
#(0 0 0 0 0 0.41666666) - 5
#(0 0 0 0 0 0.16666667) - 5
#(0 0 0 0 0 0) - 6
#(0 0 0 0 0 0.16666667) - 5
#(3.828484e-4 0 0 0 0 0) - 0
#(0.0011485452 0 0 0 0 0.25) - 5
#(0 0 0 0 0 0) - 6
#(0 0 0 0.074074075 0 0) - 3
#(3.828484e-4 0 0 0 0 0.083333336) - 5
#(0 0 0.012578616 0 0 0.16666667) - 5
#(0 0 0 0 0 0.083333336) - 5
#(0 0 0 0.074074075 0 0.16666667) - 5
#(0 0 0 0 0 0.16666667) - 5
#(0.0011485452 0 0.018867925 0 0 0.33333334) - 5
#(0 0 0 0 0 0.083333336) - 5
#(0 0 0 0 0 0.41666666) - 5
#(0 0 0 0 0 0.083333336) - 5
#(0 0 0.006289308 0 0 0) - 2
#(0 0 0 0 0 0.33333334) - 5
#(0 0 0 0 0 0.41666666) - 5
#(0.0045941807 0 0.018867925 0 0 0) - 2
#(0 0 0 0 0 0.25) - 5
#(0 0 0 0 0 0) - 6
#(0 0 0 0 0 0.25) - 5
#(0 0 0 0 0 0.16666667) - 5
#(3.828484e-4 0 0 0 0 0.25) - 5
#(0 0 0 0 0.07692308 0.083333336) - 5
#(0 0 0 0 0 0.16666667) - 5
#(0 0 0 0 0 0.33333334) - 5
