
Grupo 0
#(0.18105423 0 0 0 0 0) - 0
#(0.20091674 0 0 0 0 0) - 0
#(0.14782277 0 0 0 0 0) - 0
#(0.22154316 0 0 0 0 0) - 0
#(0.08708938 0 0 0 0 0) - 0
#(0.11306341 0 0 0 0 0) - 0
#(0.21581359 0 0 0 0 0) - 0
#(0.116883114 0 0 0 0 0) - 0
#(0.16501147 0 0 0 0 0) - 0
#(0.17265087 0 0 0 0 0) - 0
#(0.22994652 0 0 0 0 0) - 0
#(0.116119176 0 0 0 0 0) - 0
#(0.17188694 0 0 0 0 0) - 0
#(0.21619557 0 0 0 0 0) - 0
#(0.14629488 0 0 0 0 0) - 0

Grupo 0
#(0 0 0 0 0.071428575 0) - 4
#(0 0 0 0 0 0) - 6
#(0 0 0 0 0 0) - 6
#(0 0 0 0 0 0) - 6
#(0 0 0 0 0 0) - 6
#(3.8197098e-4 0 0 0 0 0) - 0
#(0 0.5714286 0 0 0 0.16666667) - 1
#(3.8197098e-4 0 0 0 0 0) - 0
#(3.8197098e-4 0 0 0.037037037 0 0) - 3
#(0.0053475937 0 0.01875 0 0 0) - 2
#(0.0049656224 0.71428573 0 0 0 0) - 1
#(0.004201681 0 0 0 0 0) - 0
#(0.0011459129 0 0 0.074074075 0 0) - 3
#(3.8197098e-4 0 0.0125 0 0 0) - 2
#(3.8197098e-4 0 0 0.074074075 0 0) - 3
#(0 0 0 0 0 0) - 6
#(0 0 0 0 0 0) - 6
#(0 0.42857143 0 0 0 0) - 1
#(0 0 0 0 0 0) - 6
#(0 0.85714287 0 0 0 0) - 1
#(0 0.14285715 0 0 0 0) - 1
#(0 0 0 0 0 0.083333336) - 5
#(0 0 0 0 0 0) - 6
#(0 0 0 0 0 0) - 6
#(0 0 0 0 0 0) - 6
#(0.0038197096 0.85714287 0 0 0 0) - 1
#(0.0015278839 0 0 0 0 0) - 0
#(0.0045836517 0.2857143 0 0 0 0) - 1
#(3.8197098e-4 0 0.09375 0 0 0) - 2
#(3.8197098e-4 0 0.0125 0.037037037 0 0) - 3
#(0.0011459129 0 0.01875 0 0 0) - 2
#(0 0.42857143 0 0 0 0) - 1
#(0.0022918258 0 0 0 0 0) - 0
#(0 0.2857143 0 0 0 0) - 1
#(0 0 0 0 0.071428575 0) - 4
#(0 0.42857143 0.01875 0 0 0) - 1
#(0 0 0 0 0 0) - 6
#(0 0 0 0 0 0) - 6
#(0 0.14285715 0 0 0 0) - 1
#(0 0 0 0.037037037 0.071428575 0) - 4
#(7.6394196e-4 0 0 0 0 0) - 0
#(0.0022918258 0 0 0 0 0) - 0
#(3.8197098e-4 0.71428573 0 0 0 0) - 1
#(0.0019098548 0 0 0 0 0) - 0
#(0 0 0 0 0.071428575 0) - 4
#(0.0011459129 0.5714286 0 0 0 0) - 1
#(0.0068754773 0 0.0125 0 0 0) - 2
#(0.0011459129 0.5714286 0.0125 0 0 0.16666667) - 1

Grupo 0
#(0 0 0 0 0 0) - 6
#(0.0137509545 0 0.26875 0 0 0) - 2
#(0.033613447 0 0.0625 0 0 0) - 2
#(0 0 0.65625 0 0 0) - 2
#(0.009549274 0 0.19375 0 0 0) - 2
#(0.010313217 0 0.31875 0 0 0) - 2
#(0.0022918258 0 0.48125 0 0 0) - 2
#(0 0 0.08125 0 0.071428575 0) - 2
#(0 0 0.575 0 0 0) - 2
#(0.004201681 0 0.10625 0 0 0.16666667) - 5
#(0.0045836517 0.42857143 0.0375 0 0 0) - 1
#(3.8197098e-4 0 0.09375 0 0 0.16666667) - 5
#(0 0 0.23125 0 0 0) - 2
#(0.0072574485 0 0.0125 0.11111111 0 0) - 3
#(7.6394196e-4 0 0.35 0 0 0) - 2
#(3.8197098e-4 0 0.0375 0 0 0) - 2
#(0 0 0.01875 0 0 0) - 2
#(0 0 0.0125 0.037037037 0 0) - 3

Grupo 0
#(0 0 0 0.18518518 0 0) - 3
#(0 0 0 0.7777778 0 0) - 3
#(0 0 0 0 0 0) - 6
#(0 0 0 0.11111111 0 0) - 3
#(0 0 0 0 0 0) - 6
#(0 0 0 0.11111111 0 0) - 3
#(0 0 0 0 0 0) - 6
#(0 0 0 0 0 0) - 6
#(0 0 0 0.8148148 0 0) - 3

Grupo 0
#(0 0 0 0 0.21428572 0) - 4
#(0 0 0 0 0.14285715 0) - 4
#(0 0 0 0 0 0) - 6
#(0 0 0 0 0 0) - 6
#(0 0 0 0 0.21428572 0) - 4
#(0 0 0 0 0.5714286 0) - 4
#(0 0 0 0 0.14285715 0) - 4
#(0 0 0 0 0.14285715 0) - 4
#(0 0 0 0 0.071428575 0) - 4
#(0 0 0 0 0.5 0) - 4

Grupo 0
#(0 0 0 0 0 0) - 6
#(0 0 0 0 0 0) - 6
#(0 0 0 0 0 0) - 6
#(0 0 0 0 0 0.41666666) - 5
#(0 0 0 0 0 0) - 6
#(0 0 0 0 0 0.083333336) - 5
#(3.8197098e-4 0 0 0 0.071428575 0.25) - 5
#(3.8197098e-4 0 0 0 0 0) - 0
#(0 0.5714286 0 0 0 0.16666667) - 1
#(0 0 0 0 0 0) - 6
#(0 0 0 0 0 0.25) - 5
#(0 0 0 0 0 0.5) - 5
#(0 0 0 0 0 0.083333336) - 5
#(0 0 0 0 0 0.41666666) - 5
#(0 0 0 0 0 0.16666667) - 5
#(0 0 0 0 0 0) - 6
#(0 0 0 0 0 0.16666667) - 5
#(3.8197098e-4 0 0 0 0 0) - 0
#(0.0011459129 0 0 0 0 0.25) - 5
#(0 0 0 0 0 0) - 6
#(0 0 0 0.074074075 0 0) - 3
#(3.8197098e-4 0 0 0 0 0.083333336) - 5
#(0 0 0.0125 0 0 0.16666667) - 5
#(0 0 0 0 0 0.083333336) - 5
#(0 0 0 0.074074075 0 0.16666667) - 5
#(0 0 0 0 0 0.16666667) - 5
#(0.0011459129 0 0.025 0 0 0.33333334) - 5
#(0 0 0 0 0 0.083333336) - 5
#(0 0 0 0 0 0.41666666) - 5
#(0 0 0 0 0 0.083333336) - 5
#(0 0 0.00625 0 0 0) - 2
#(0 0 0 0 0 0.33333334) - 5
#(0 0 0 0 0 0.41666666) - 5
#(0.0049656224 0 0.025 0 0 0) - 2
#(0 0 0 0 0 0.25) - 5
#(0 0 0 0 0 0) - 6
#(0 0 0 0 0 0.25) - 5
#(0 0 0 0 0 0.16666667) - 5
#(3.8197098e-4 0 0 0 0 0.25) - 5
#(0 0 0 0 0.071428575 0.083333336) - 5
#(0 0 0 0 0 0.16666667) - 5
#(0 0 0 0 0 0.33333334) - 5
