
Grupo 0
#(0.18631977 0 0 0 0 0) - 0
#(0.19681074 0 0 0 0 0) - 0
#(0.1330256 0 0 0 0 0) - 0
#(0.21107848 0 0 0 0 0) - 0
#(0.08057071 0 0 0 0 0) - 0
#(0.10910617 0 0 0 0 0) - 0
#(0.21653378 0 0 0 0 0) - 0
#(0.11624003 0 0 0 0 0) - 0
#(0.15904322 0 0 0 0 0) - 0
#(0.1661771 0 0 0 0 0) - 0
#(0.23206043 0 0 0 0 0) - 0
#(0.11204364 0 0 0 0 0) - 0
#(0.17792699 0 0 0 0 0) - 0
#(0.22031054 0 0 0 0 0) - 0
#(0.15484683 0 0 0 0 0) - 0

Grupo 0
#(0 0 0 0 0 0) - 0
#(0 0 0 1.1313369e-5 0 0) - 3
#(0 0 0 5.6566845e-5 0 0) - 3
#(0 0 0 2.2626738e-5 0 0) - 3
#(0 0 0 1.1313369e-5 0 0) - 3
#(0 0 0 3.394011e-5 0 0) - 3
#(0 1.0 0 3.394011e-5 0 0.07692308) - 1
#(0 0 0 5.6566845e-5 0 0) - 3
#(4.196391e-4 0 0 0 0 0) - 0
#(0.00461603 0 0.008826125 1.8101391e-4 0 0) - 2
#(0.0012589174 1.0 0 0 0 0) - 1
#(0.0025178348 0 0 7.919358e-5 0 0) - 0
#(0.0012589174 0 0 3.1677433e-4 0 0) - 0
#(0 0 0.0026478376 1.1313369e-5 0 0) - 2
#(0 0 0 9.0506954e-5 0 0) - 3
#(0 0 0 3.394011e-5 0 0) - 3
#(0 0 0 6.788022e-5 0 0) - 3
#(0 0 0 2.2626738e-5 0 0) - 3
#(0 0 0.0017652251 1.1313369e-5 0 0) - 2
#(0 1.0 0 2.2626738e-5 0 0) - 1
#(0 0 0 2.2626738e-5 0 0) - 3
#(0 0 0 3.394011e-5 0 0.07692308) - 5
#(0 0 0 0 0 0) - 0
#(0 0 0 4.5253477e-5 0 0) - 3
#(0 0 0 0 0 0) - 0
#(0.0025178348 1.0 0 9.0506954e-5 0 0) - 1
#(0.0016785564 0 0 1.1313369e-5 0 0) - 0
#(0 0 0 1.1313369e-5 0 0) - 3
#(0 0 0.019417476 0 0 0) - 2
#(4.196391e-4 0 0.0017652251 3.394011e-5 0 0) - 2
#(0 0 0.0044130627 0 0 0) - 2
#(0 0 0 2.2626738e-5 0 0) - 3
#(0.0020981955 0 8.8261254e-4 7.919358e-5 0 0) - 0
#(0 0 0 0 0 0) - 0
#(0 0 0 0 0 0) - 0
#(0 0 0.0044130627 6.788022e-5 0 0) - 2
#(0 0 0 1.1313369e-5 0 0) - 3
#(0 0 0 0 0 0) - 0
#(0 0 0 3.394011e-5 0 0) - 3
#(0 0 0 2.2626738e-4 0 0) - 3
#(4.196391e-4 0 0.011473963 1.1313369e-5 0 0) - 2
#(4.196391e-4 0 0.015004413 0 0 0) - 2
#(0 0.5714286 0 0 0 0) - 1
#(0.0012589174 0 0 1.1313369e-5 0 0) - 0
#(0 0 0 3.394011e-5 0 0) - 3
#(8.392782e-4 1.0 0 0 0 0) - 1
#(0.0025178348 0 0 0 0 0) - 0
#(8.392782e-4 1.0 0.0017652251 0 0 0.15384616) - 1

Grupo 0
#(0 0 0 0 0 0) - 0
#(0 0 0.082965575 0 0 0) - 2
#(0 0 0.23654015 0 0 0) - 2
#(0 0 0.41835833 0 0 0) - 2
#(0 0 0.078552514 0 0 0) - 2
#(0 0 0.3733451 0 0 0) - 2
#(0 0 0.21359223 0 0 0) - 2
#(0 0 0.054721978 0 0 0) - 2
#(0 0 0.13150927 0 0 0) - 2
#(0 0 0.056487203 0 0 0) - 2
#(0 0 0.021182701 0 0 0) - 2
#(0 0 0.075022064 0 0 0) - 2
#(0 0 0.117387466 0 0 0) - 2
#(0 0 0.027360989 0 0 0) - 2
#(0 0 0.2674316 0 0 0) - 2
#(0 0 0.029126214 0 0 0) - 2
#(0 0 0.016769638 0 0 0) - 2
#(0 0 0.0105913505 0 0 0) - 2

Grupo 0
#(0 0 0 0.11104072 0 0) - 3
#(0 0 0 0.11121042 0 0) - 3
#(0 0 0 0.11173083 0 0) - 3
#(0 0 0 0.111674264 0 0) - 3
#(0 0 0 0.11158376 0 0) - 3
#(0 0 0 0.111063346 0 0) - 3
#(0 0 0 0.11114254 0 0) - 3
#(0 0 0 0.111764774 0 0) - 3
#(0 0 0 0.10902694 0 0) - 3

Grupo 0
#(0 0 0 0 0.18181819 0) - 4
#(0 0 0 0 0.09090909 0) - 4
#(0 0 0 0 0 0) - 0
#(0 0 0 0 0 0) - 0
#(0 0 0 0 0.27272728 0) - 4
#(0 0 0 0 0.54545456 0) - 4
#(0 0 0 0 0.18181819 0) - 4
#(0 0 0 0 0.18181819 0) - 4
#(0 0 0 0 0.09090909 0) - 4
#(0 0 0 0 0.45454547 0) - 4

Grupo 0
#(0 0 0 2.2626738e-5 0 0) - 3
#(0 0 0 0 0 0.07692308) - 5
#(0 0 0 2.2626738e-5 0 0) - 3
#(0 0 8.8261254e-4 2.2626738e-5 0 0.3846154) - 5
#(0 0 0 1.3576043e-4 0 0) - 3
#(0 0 0 9.0506954e-5 0 0.07692308) - 5
#(4.196391e-4 0 0 1.1313369e-5 0 0.30769232) - 5
#(4.196391e-4 0 0 9.0506954e-5 0 0) - 0
#(0 1.0 0 2.2626738e-5 0 0.15384616) - 1
#(0 0 0 1.1313369e-5 0 0) - 3
#(0 0 0 0 0 0.07692308) - 5
#(0 0 0 9.0506954e-5 0 0.53846157) - 5
#(0 0 0 3.394011e-5 0 0.07692308) - 5
#(0 0 0 0 0 0.30769232) - 5
#(0 0 0 0 0 0.15384616) - 5
#(0 0 0 1.1313369e-5 0 0) - 3
#(0 0 0 1.1313369e-5 0 0.15384616) - 5
#(4.196391e-4 0 0 0 0 0.07692308) - 5
#(0 0 0 0 0 0.30769232) - 5
#(0 0 0 2.2626738e-5 0 0) - 3
#(0 0 0.0017652251 4.5253477e-5 0 0) - 2
#(4.196391e-4 0 0 1.1313369e-5 0 0.15384616) - 5
#(0 0 0.0035304502 0 0 0.15384616) - 5
#(0 0 0 0 0 0.15384616) - 5
#(0 0 0 6.788022e-5 0 0.15384616) - 5
#(0 0 0 2.2626738e-5 0 0) - 3
#(4.196391e-4 0 8.8261254e-4 0 0 0.15384616) - 5
#(0 0 0 0 0 0.23076923) - 5
#(0 0 0 1.1313369e-5 0 0.46153846) - 5
#(0 0 0 4.5253477e-5 0 0.15384616) - 5
#(0 0 0.014121801 2.2626738e-5 0 0) - 2
#(0 0 0.0017652251 0 0 0.15384616) - 5
#(0 0 0 3.394011e-5 0 0.30769232) - 5
#(0 0 0.0026478376 0 0 0) - 2
#(0 0 0.0070609003 0 0 0) - 2
#(0 0 0 0 0 0) - 0
#(0 0 0 2.2626738e-5 0 0.15384616) - 5
#(0 0 0 0 0 0.15384616) - 5
#(4.196391e-4 0 0 1.1313369e-5 0 0.3846154) - 5
#(0 0 0 1.1313369e-5 0 0.07692308) - 5
#(0 0 8.8261254e-4 4.5253477e-5 0 0) - 2
#(0 0 0 4.5253477e-5 0 0.30769232) - 5
