
Grupo 0
#(0.18552798 0 0 0 0 0) - 0
#(0.19730753 0 0 0 0 0) - 0
#(0.13336138 0 0 0 0 0) - 0
#(0.21119058 0 0 0 0 0) - 0
#(0.08035339 0 0 0 0 0) - 0
#(0.10938157 0 0 0 0 0) - 0
#(0.21623896 0 0 0 0 0) - 0
#(0.11653344 0 0 0 0 0) - 0
#(0.15944467 0 0 0 0 0) - 0
#(0.16659655 0 0 0 0 0) - 0
#(0.2322255 0 0 0 0 0) - 0
#(0.112326466 0 0 0 0 0) - 0
#(0.1779554 0 0 0 0 0) - 0
#(0.22002524 0 0 0 0 0) - 0
#(0.154817 0 0 0 0 0) - 0

Grupo 0
#(0 0 0 0 1.0149605e-5 0) - 4
#(0 0 0 1.1324643e-5 0 0) - 3
#(0 0 0 5.662322e-5 8.119684e-5 0) - 4
#(0 0.5 0 2.2649287e-5 2.029921e-5 0) - 1
#(0 0.25 0 1.1324643e-5 2.029921e-5 0) - 1
#(0 0.5 0 3.397393e-5 7.104724e-5 0) - 1
#(0 0.25 0 3.397393e-5 0 0.07692308) - 1
#(0 0 0 5.662322e-5 5.0748025e-5 0) - 3
#(4.2069837e-4 0 0 0 4.059842e-5 0) - 0
#(0.004627682 0 0.00913242 1.811943e-4 9.134645e-5 0) - 2
#(0.0012620951 0 0 0 3.0448815e-5 0) - 0
#(0.0025241901 0 0 7.9272504e-5 0 0) - 0
#(0.0012620951 0 0 2.604668e-4 0 0) - 0
#(0 0 0.001826484 1.1324643e-5 2.029921e-5 0) - 2
#(0 0 0 5.662322e-5 5.0748025e-5 0) - 3
#(0 0 0 3.397393e-5 2.029921e-5 0) - 3
#(0 0 0 5.662322e-5 4.059842e-5 0) - 3
#(0 0 0 2.2649287e-5 0 0) - 3
#(0 0 0 1.1324643e-5 0 0) - 3
#(0 0.25 0 2.2649287e-5 4.059842e-5 0) - 1
#(0 0 0 2.2649287e-5 3.0448815e-5 0) - 4
#(0 0 0 2.2649287e-5 2.029921e-5 0.07692308) - 5
#(0 0.5 0 0 4.059842e-5 0) - 1
#(0 0.5 0 2.2649287e-5 0 0) - 1
#(0 0 0 0 3.0448815e-5 0) - 4
#(0.0025241901 0 0 9.059715e-5 0 0) - 0
#(0.0016827935 0.5 0 1.1324643e-5 0 0) - 1
#(0 0 0 1.1324643e-5 0 0) - 3
#(0 0 0.01826484 0 2.029921e-5 0) - 2
#(4.2069837e-4 0 0 3.397393e-5 0 0) - 0
#(0 0 0.00456621 0 0 0) - 2
#(0 0.5 0 2.2649287e-5 3.0448815e-5 0) - 1
#(0.0016827935 0 9.13242e-4 7.9272504e-5 0 0) - 0
#(0 0.5 0 0 0 0) - 1
#(0 0 0 0 7.104724e-5 0) - 4
#(0 0 0.00456621 6.794786e-5 1.0149605e-5 0) - 2
#(0 0 0 1.1324643e-5 0 0) - 3
#(0 0 0 0 0 0) - 0
#(0 0 0 3.397393e-5 0 0) - 3
#(0 0 0 2.2649288e-4 2.029921e-5 0) - 3
#(4.2069837e-4 0 0.011872146 1.1324643e-5 1.0149605e-5 0) - 2
#(4.2069837e-4 0 0.01369863 0 3.0448815e-5 0) - 2
#(0 0.25 0 0 3.0448815e-5 0) - 1
#(0.0012620951 0.5 0 1.1324643e-5 2.029921e-5 0) - 1
#(0 0 0 3.397393e-5 6.089763e-5 0) - 4
#(8.4139674e-4 0 0 0 0 0) - 0
#(0.0025241901 0 0 0 0 0) - 0
#(8.4139674e-4 0 0.001826484 0 3.0448815e-5 0.15384616) - 5

Grupo 0
#(0 0 0 0 0 0) - 0
#(0 0 0.08401827 0 0 0) - 2
#(0 0 0.23105022 0 0 0) - 2
#(0 0 0.43196347 0 0 0) - 2
#(0 0 0.07945205 0 0 0) - 2
#(0 0 0.36894977 0 0 0) - 2
#(0 0 0.22100456 0 0 0) - 2
#(0 0 0.05479452 0 0 0) - 2
#(0 0 0.13607305 0 0 0) - 2
#(0 0 0.05022831 0 0 0) - 2
#(0 0 0.021004567 0 0 0) - 2
#(0 0 0.076712325 0 0 0) - 2
#(0 0 0.12146119 0 0 0) - 2
#(0 0 0.017351598 0 0 0) - 2
#(0 0 0.27031964 0 0 0) - 2
#(0 0 0.025570776 0 0 0) - 2
#(0 0 0.017351598 0 0 0) - 2
#(0 0 0.008219178 0 0 0) - 2

Grupo 0
#(0 0 0 0.111015484 0 0) - 3
#(0 0 0 0.110970184 0 0) - 3
#(0 0 0 0.11183085 0 0) - 3
#(0 0 0 0.11170629 0 0) - 3
#(0 0 0 0.11159304 0 0) - 3
#(0 0 0 0.1111627 0 0) - 3
#(0 0 0 0.11103813 0 0) - 3
#(0 0 0 0.11186483 0 0) - 3
#(0 0 0 0.10905632 0 0) - 3

Grupo 0
#(0 0 0 0 0.09990256 0) - 4
#(0 0 0 0 0.09977062 0) - 4
#(0 0 0 0 0.1002172 0) - 4
#(0 0 0 0 0.10022735 0) - 4
#(0 0 0 0 0.10024765 0) - 4
#(0 0 0 0 0.09981122 0) - 4
#(0 0 0 0 0.10004466 0) - 4
#(0 0 0 0 0.10014615 0) - 4
#(0 0 0 0 0.09999391 0) - 4
#(0 0 0 0 0.09975032 0) - 4

Grupo 0
#(0 0 0 0 0 0) - 0
#(0 0 0 0 0 0.07692308) - 5
#(0 0 0 0 0 0) - 0
#(0 0 0 0 0 0.3846154) - 5
#(0 0 0 0 0 0) - 0
#(0 0 0 0 0 0.07692308) - 5
#(0 0 0 0 0 0.30769232) - 5
#(0 0 0 0 0 0) - 0
#(0 0 0 0 0 0.15384616) - 5
#(0 0 0 0 0 0) - 0
#(0 0 0 0 0 0.07692308) - 5
#(0 0 0 0 0 0.53846157) - 5
#(0 0 0 0 0 0.07692308) - 5
#(0 0 0 0 0 0.30769232) - 5
#(0 0 0 0 0 0.15384616) - 5
#(0 0 0 0 0 0) - 0
#(0 0 0 0 0 0.15384616) - 5
#(0 0 0 0 0 0.07692308) - 5
#(0 0 0 0 0 0.30769232) - 5
#(0 0 0 0 0 0) - 0
#(0 0 0 0 0 0) - 0
#(0 0 0 0 0 0.15384616) - 5
#(0 0 0 0 0 0.15384616) - 5
#(0 0 0 0 0 0.15384616) - 5
#(0 0 0 0 0 0.15384616) - 5
#(0 0 0 0 0 0) - 0
#(0 0 0 0 0 0.15384616) - 5
#(0 0 0 0 0 0.23076923) - 5
#(0 0 0 0 0 0.46153846) - 5
#(0 0 0 0 0 0.15384616) - 5
#(0 0 0 0 0 0) - 0
#(0 0 0 0 0 0.15384616) - 5
#(0 0 0 0 0 0.30769232) - 5
#(0 0 0 0 0 0) - 0
#(0 0 0 0 0 0) - 0
#(0 0 0 0 0 0) - 0
#(0 0 0 0 0 0.15384616) - 5
#(0 0 0 0 0 0.15384616) - 5
#(0 0 0 0 0 0.3846154) - 5
#(0 0 0 0 0 0.07692308) - 5
#(0 0 0 0 0 0) - 0
#(0 0 0 0 0 0.30769232) - 5
