
Grupo 0
#(0.18634841 0 0 0 0 0) - 0
#(0.19639866 0 0 0 0 0) - 0
#(0.13316584 0 0 0 0 0) - 0
#(0.21063651 0 0 0 0 0) - 0
#(0.08082077 0 0 0 0 0) - 0
#(0.10887772 0 0 0 0 0) - 0
#(0.2160804 0 0 0 0 0) - 0
#(0.11725293 0 0 0 0 0) - 0
#(0.1599665 0 0 0 0 0) - 0
#(0.16582915 0 0 0 0 0) - 0
#(0.2319933 0 0 0 0 0) - 0
#(0.111809045 0 0 0 0 0) - 0
#(0.1779732 0 0 0 0 0) - 0
#(0.22068676 0 0 0 0 0) - 0
#(0.15452261 0 0 0 0 0) - 0

Grupo 0
#(0 0 0.0017035775 7.916761e-5 0 0) - 2
#(0 0 0 2.2619317e-5 0 0) - 3
#(0 0 8.5178873e-4 5.654829e-5 0 0) - 2
#(0 0 0 2.2619317e-5 0 0) - 3
#(0 0 0 1.13096585e-5 0 0) - 3
#(0 0 0 3.3928976e-5 0 0) - 3
#(0 1.0 0 3.3928976e-5 0 0.06666667) - 1
#(0 0 0 5.654829e-5 0 0) - 3
#(4.1876046e-4 0 8.5178873e-4 0 0 0) - 2
#(0.0050251256 0 0.012776831 2.0357386e-4 0 0) - 2
#(0.0025125628 1.0 0 0 0 0) - 1
#(0.0025125628 0 0 7.916761e-5 0 0) - 0
#(0.0012562814 0 0.0017035775 4.63696e-4 0 0) - 2
#(0 0 0.0051107327 3.3928976e-5 0 0) - 2
#(0 0 0 1.357159e-4 0 0) - 3
#(0 0 0 3.3928976e-5 0 0) - 3
#(0 0 0 7.916761e-5 0 0) - 3
#(0 0 0 3.3928976e-5 0 0) - 3
#(0 0 0.0017035775 1.13096585e-5 0 0) - 2
#(0 1.0 8.5178873e-4 3.3928976e-5 0 0) - 1
#(0 0 0 2.2619317e-5 0 0) - 3
#(0 0 0 3.3928976e-5 0 0.06666667) - 5
#(0 0 0 1.13096585e-5 0 0) - 3
#(0 0 0 5.654829e-5 0 0) - 3
#(0 0 0 0 0 0) - 0
#(0.0025125628 1.0 0 1.0178693e-4 0 0) - 1
#(0.0016750419 0 0 1.13096585e-5 0 0) - 0
#(0 0 0 1.13096585e-5 0 0) - 3
#(0 0 0.018739352 0 0 0) - 2
#(4.1876046e-4 0 0.0051107327 4.5238634e-5 0 0) - 2
#(0 0 0.007666099 0 0 0) - 2
#(0 0 0 3.3928976e-5 0 0) - 3
#(0.0025125628 0 8.5178873e-4 7.916761e-5 0 0) - 0
#(0 0 0 2.2619317e-5 0 0) - 3
#(0 0 0 0 0 0.13333334) - 5
#(0 0 0.008517887 6.785795e-5 0 0) - 2
#(0 0 0 1.13096585e-5 0 0.13333334) - 5
#(0 0 0 0 0 0) - 0
#(0 0 0 5.654829e-5 0 0) - 3
#(0 0 0 2.488125e-4 0 0) - 3
#(4.1876046e-4 0 0.016183987 2.2619317e-5 0 0) - 2
#(4.1876046e-4 0 0.017887564 0 0 0) - 2
#(4.1876046e-4 0.5714286 0 0 0 0) - 1
#(0.0012562814 0 0 1.13096585e-5 0 0) - 0
#(0 0 8.5178873e-4 3.3928976e-5 0 0) - 2
#(8.375209e-4 1.0 0 0 0 0) - 1
#(0.0037688443 0 0.0059625213 0 0 0) - 2
#(0.0012562814 1.0 0.0017035775 0 0 0.13333334) - 1

Grupo 0
#(0 0 8.5178873e-4 0 0 0) - 2
#(0 0 0.08262351 0 0 0) - 2
#(0 0 0.22827938 0 0 0) - 2
#(0 0 0.4088586 0 0 0) - 2
#(0 0 0.078364566 0 0 0) - 2
#(0 0 0.36115843 0 0 0) - 2
#(0 0 0.21124361 0 0 0) - 2
#(0 0 0.056218058 0 0 0) - 2
#(0 0 0.12691653 0 0 0) - 2
#(0 0 0.058773424 0 0 0) - 2
#(0 0 0.022998296 0 0 0) - 2
#(0 0 0.07666099 0 0 0) - 2
#(0 0 0.12776831 0 0 0) - 2
#(0 0 0.031516183 0 0 0) - 2
#(0 0 0.27512777 0 0 0) - 2
#(0 0 0.033219762 0 0 0) - 2
#(0 0 0.017035775 0 0 0) - 2
#(0 0 0.0102214655 0 0 0) - 2

Grupo 0
#(0 0 0 0.11110608 0 0) - 3
#(0 0 0 0.11126442 0 0) - 3
#(0 0 0 0.1117055 0 0) - 3
#(0 0 0 0.11166026 0 0) - 3
#(0 0 0 0.111558475 0 0) - 3
#(0 0 0 0.11106084 0 0) - 3
#(0 0 0 0.11111739 0 0) - 3
#(0 0 0 0.11172812 0 0) - 3
#(0 0 0 0.109059036 0 0) - 3

Grupo 0
#(0 0 0 0 0.16666667 0) - 4
#(0 0 0 0 0.083333336 0) - 4
#(0 0 0 0 0 0) - 0
#(0 0 0 0 0 0) - 0
#(0 0 0 0 0.25 0) - 4
#(0 0 0 0 0.5833333 0) - 4
#(0 0 0 0 0.16666667 0) - 4
#(0 0 0 0 0.16666667 0) - 4
#(0 0 0 0 0.083333336 0) - 4
#(0 0 0 0 0.5 0) - 4

Grupo 0
#(0 0 0 3.3928976e-5 0 0) - 3
#(0 0 0 2.2619317e-5 0 0.13333334) - 5
#(0 0 0 2.2619317e-5 0 0) - 3
#(0 0 8.5178873e-4 2.2619317e-5 0 0.33333334) - 5
#(0 0 0 1.357159e-4 0 0) - 3
#(0 0 0 9.047727e-5 0 0.06666667) - 5
#(4.1876046e-4 0 0 1.13096585e-5 0.083333336 0.26666668) - 5
#(4.1876046e-4 0 8.5178873e-4 9.047727e-5 0 0.13333334) - 5
#(0 1.0 0 2.2619317e-5 0 0.13333334) - 1
#(0 0 0 1.13096585e-5 0 0) - 3
#(0 0 8.5178873e-4 0 0 0.06666667) - 5
#(0 0 0 1.0178693e-4 0 0.46666667) - 5
#(0 0 0 4.5238634e-5 0 0.06666667) - 5
#(0 0 0 2.2619317e-5 0 0.33333334) - 5
#(0 0 0 0 0 0.13333334) - 5
#(0 0 0 2.2619317e-5 0 0) - 3
#(0 0 8.5178873e-4 3.3928976e-5 0 0.13333334) - 5
#(4.1876046e-4 0 8.5178873e-4 0 0 0.06666667) - 5
#(0 0 0 0 0 0.26666668) - 5
#(0 0 0 3.3928976e-5 0 0.06666667) - 5
#(0 0 0.0017035775 1.2440624e-4 0 0) - 2
#(4.1876046e-4 0 0 1.13096585e-5 0 0.13333334) - 5
#(0 0 0.008517887 0 0 0.13333334) - 5
#(0 0 0.0017035775 0 0 0.13333334) - 5
#(0 0 0 1.0178693e-4 0 0.13333334) - 5
#(0 0 0 2.2619317e-5 0 0) - 3
#(4.1876046e-4 0 0.014480409 0 0 0.13333334) - 5
#(0 0 0 0 0 0.2) - 5
#(0 0 0 1.13096585e-5 0 0.4) - 5
#(0 0 0 4.5238634e-5 0 0.13333334) - 5
#(0 0 0.01362862 2.2619317e-5 0 0) - 2
#(0 0 0.0017035775 0 0 0.13333334) - 5
#(0 0 0 3.3928976e-5 0 0.33333334) - 5
#(0 0 0.017887564 0 0 0) - 2
#(0 0 0.00681431 0 0 0) - 2
#(0 0 0 0 0 0) - 0
#(0 0 0 3.3928976e-5 0 0.26666668) - 5
#(0 0 0 0 0 0.2) - 5
#(4.1876046e-4 0 0.0017035775 1.13096585e-5 0 0.4) - 5
#(0 0 0 3.3928976e-5 0.083333336 0.06666667) - 4
#(0 0 0.0017035775 4.5238634e-5 0 0) - 2
#(0 0 0 4.5238634e-5 0 0.26666668) - 5
