
Grupo 0
#(0.18634841 0 0 0 0 0) - 0
#(0.19639866 0 0 0 0 0) - 0
#(0.13316584 0 0 0 0 0) - 0
#(0.21063651 0 0 0 0 0) - 0
#(0.08082077 0 0 0 0 0) - 0
#(0.10887772 0 0 0 0 0) - 0
#(0.2160804 0 0 0 0 0) - 0
#(0.11725293 0 0 0 0 0) - 0
#(0.1599665 0 0 0 0 0) - 0
#(0.16582915 0 0 0 0 0) - 0
#(0.2319933 0 0 0 0 0) - 0
#(0.111809045 0 0 0 0 0) - 0
#(0.1779732 0 0 0 0 0) - 0
#(0.22068676 0 0 0 0 0) - 0
#(0.15452261 0 0 0 0 0) - 0

Grupo 0
#(0 0 0 0 0 0) - 0
#(0 0 0 0 0 0) - 0
#(0 0 0 0 0 0) - 0
#(0 0 0 0 0 0) - 0
#(0 0 0 0 0 0) - 0
#(0 0 0 0 0 0) - 0
#(0 1.0 0 0 0 0) - 1
#(0 0 0 0 0 0) - 0
#(4.1876046e-4 0 0 0 0 0) - 0
#(0.0050251256 0 0.01923077 0 0 0) - 2
#(0.0025125628 1.0 0 0 0 0) - 1
#(0.0025125628 0 0 0 0 0) - 0
#(0.0012562814 0 0 0 0 0) - 0
#(0 0 0.0064102565 0 0 0) - 2
#(0 0 0 0 0 0) - 0
#(0 0 0 0 0 0) - 0
#(0 0 0 0 0 0) - 0
#(0 0 0 0 0 0) - 0
#(0 0 0 0 0 0) - 0
#(0 1.0 0 0 0 0) - 1
#(0 0 0 0 0 0) - 0
#(0 0 0 0 0 0.125) - 5
#(0 0 0 0 0 0) - 0
#(0 0 0 0 0 0) - 0
#(0 0 0 0 0 0) - 0
#(0.0025125628 1.0 0 0 0 0) - 1
#(0.0016750419 0 0 0 0 0) - 0
#(0 0 0 0 0 0) - 0
#(0 0 0.09615385 0 0 0) - 2
#(4.1876046e-4 0 0.012820513 0 0 0) - 2
#(0 0 0 0 0 0) - 0
#(0 0 0 0 0 0) - 0
#(0.0025125628 0 0 0 0 0) - 0
#(0 0 0 0 0 0) - 0
#(0 0 0 0 0 0) - 0
#(0 0 0.01923077 0 0 0) - 2
#(0 0 0 0 0 0) - 0
#(0 0 0 0 0 0) - 0
#(0 0 0 0 0 0) - 0
#(0 0 0 0 0 0) - 0
#(4.1876046e-4 0 0 0 0 0) - 0
#(4.1876046e-4 0 0 0 0 0) - 0
#(4.1876046e-4 0.5714286 0 0 0 0) - 1
#(0.0012562814 0 0 0 0 0) - 0
#(0 0 0 0 0 0) - 0
#(8.375209e-4 1.0 0 0 0 0) - 1
#(0.0037688443 0 0 0 0 0) - 0
#(0.0012562814 1.0 0.012820513 0 0 0.25) - 1

Grupo 0
#(0 0 0 0 0 0) - 0
#(0 0 0.27564102 0 0 0) - 2
#(0 0 0.06410257 0 0 0) - 2
#(0 0 0.6730769 0 0 0) - 2
#(0 0 0.19871795 0 0 0) - 2
#(0 0 0.32692307 0 0 0) - 2
#(0 0 0.49358973 0 0 0) - 2
#(0 0 0.083333336 0 0 0) - 2
#(0 0 0.5897436 0 0 0) - 2
#(0 0 0.08974359 0 0 0) - 2
#(0 0 0.03846154 0 0 0) - 2
#(0 0 0.08974359 0 0 0) - 2
#(0 0 0.21153846 0 0 0) - 2
#(0 0 0.012820513 0 0 0) - 2
#(0 0 0.33974358 0 0 0) - 2
#(0 0 0.01923077 0 0 0) - 2
#(0 0 0.01923077 0 0 0) - 2
#(0 0 0.012820513 0 0 0) - 2

Grupo 0
#(0 0 0 0 0 0) - 0
#(0 0 0 0.9047619 0 0) - 3
#(0 0 0 0 0 0) - 0
#(0 0 0 0 0 0) - 0
#(0 0 0 0 0 0) - 0
#(0 0 0 0.0952381 0 0) - 3
#(0 0 0 0 0 0) - 0
#(0 0 0 0 0 0) - 0
#(0 0 0 1.0 0 0) - 3

Grupo 0
#(0 0 0 0 0.18181819 0) - 4
#(0 0 0 0 0.09090909 0) - 4
#(0 0 0 0 0 0) - 0
#(0 0 0 0 0 0) - 0
#(0 0 0 0 0.27272728 0) - 4
#(0 0 0 0 0.54545456 0) - 4
#(0 0 0 0 0.18181819 0) - 4
#(0 0 0 0 0.18181819 0) - 4
#(0 0 0 0 0.09090909 0) - 4
#(0 0 0 0 0.45454547 0) - 4

Grupo 0
#(0 0 0 0 0 0) - 0
#(0 0 0 0 0 0) - 0
#(0 0 0 0 0 0) - 0
#(0 0 0 0 0 0.375) - 5
#(0 0 0 0 0 0) - 0
#(0 0 0 0 0 0) - 0
#(4.1876046e-4 0 0 0 0 0.375) - 5
#(4.1876046e-4 0 0 0 0 0) - 0
#(0 1.0 0 0 0 0.25) - 1
#(0 0 0 0 0 0) - 0
#(0 0 0 0 0 0.125) - 5
#(0 0 0 0 0 0.75) - 5
#(0 0 0 0 0 0.125) - 5
#(0 0 0 0 0 0.375) - 5
#(0 0 0 0 0 0.25) - 5
#(0 0 0 0 0 0) - 0
#(0 0 0 0 0 0.25) - 5
#(4.1876046e-4 0 0 0 0 0) - 0
#(0 0 0 0 0 0.375) - 5
#(0 0 0 0 0 0) - 0
#(0 0 0 0 0 0) - 0
#(4.1876046e-4 0 0 0 0 0.125) - 5
#(0 0 0.012820513 0 0 0.25) - 5
#(0 0 0 0 0 0) - 0
#(0 0 0 0 0 0.25) - 5
#(0 0 0 0 0 0) - 0
#(4.1876046e-4 0 0 0 0 0.25) - 5
#(0 0 0 0 0 0.125) - 5
#(0 0 0 0 0 0.375) - 5
#(0 0 0 0 0 0.125) - 5
#(0 0 0.0064102565 0 0 0) - 2
#(0 0 0 0 0 0.25) - 5
#(0 0 0 0 0 0.25) - 5
#(0 0 0 0 0 0) - 0
#(0 0 0 0 0 0) - 0
#(0 0 0 0 0 0) - 0
#(0 0 0 0 0 0.25) - 5
#(0 0 0 0 0 0.25) - 5
#(4.1876046e-4 0 0 0 0 0.25) - 5
#(0 0 0 0 0 0.125) - 5
#(0 0 0 0 0 0) - 0
#(0 0 0 0 0 0.25) - 5
