
Grupo 0
#(0.06876855 0 0 0 0 0) - 0
#(0.068086214 0 0 0 0 0) - 0
#(0.06805104 0 0 0 0 0) - 0
#(0.06790332 0 0 0 0 0) - 0
#(0.06857159 0 0 0 0 0) - 0
#(0.06881076 0 0 0 0 0) - 0
#(0.06817063 0 0 0 0 0) - 0
#(0.068276145 0 0 0 0 0) - 0
#(0.067917384 0 0 0 0 0) - 0
#(0.067516424 0 0 0 0 0) - 0
#(0.06819876 0 0 0 0 0) - 0
#(0.068184696 0 0 0 0 0) - 0
#(0.06911324 0 0 0 0 0) - 0
#(0.06833242 0 0 0 0 0) - 0
#(0.06877559 0 0 0 0 0) - 0

Grupo 0
#(7.0344263e-6 0.1409396 0 0 1.0140754e-5 0.0058139535) - 1
#(7.0344263e-6 0.033557046 0 1.1313369e-5 0 0) - 1
#(7.0344263e-6 0.10067114 0 5.6566845e-5 8.112603e-5 0.017441861) - 1
#(2.110328e-5 0.053691275 0 2.2626738e-5 2.0281508e-5 0) - 1
#(1.4068853e-5 0.020134227 0 1.1313369e-5 2.0281508e-5 0) - 1
#(0 0.1409396 0 3.394011e-5 7.0985276e-5 0) - 1
#(0 0.31543624 0 3.394011e-5 0 0.011627907) - 1
#(0 0.040268455 0 5.6566845e-5 5.070377e-5 0) - 1
#(1.4068853e-5 0.013422819 0 0 4.0563016e-5 0) - 1
#(2.5323936e-4 0.020134227 0.008826125 1.8101391e-4 9.126678e-5 0) - 1
#(1.8289509e-4 0.147651 0 0 3.0422261e-5 0) - 1
#(1.617918e-4 0.040268455 0 7.919358e-5 1.0140754e-5 0.0058139535) - 1
#(1.2661968e-4 0.093959734 0 3.1677433e-4 0 0) - 1
#(2.8137705e-5 0.013422819 0.0026478376 1.1313369e-5 2.0281508e-5 0) - 1
#(7.0344263e-6 0.087248325 0 9.0506954e-5 6.0844523e-5 0) - 1
#(7.0344263e-6 0.087248325 0 3.394011e-5 2.0281508e-5 0) - 1
#(0 0.0067114094 0 6.788022e-5 4.0563016e-5 0) - 1
#(2.8137705e-5 0.12080537 0 2.2626738e-5 0 0) - 1
#(0 0 0.0017652251 1.1313369e-5 0 0.017441861) - 5
#(1.4068853e-5 0.12080537 0 2.2626738e-5 4.0563016e-5 0) - 1
#(0 0.033557046 0 2.2626738e-5 3.0422261e-5 0) - 1
#(0 0 0 3.394011e-5 3.0422261e-5 0.011627907) - 5
#(0 0.087248325 0 0 4.0563016e-5 0) - 1
#(0 0.0738255 0 4.5253477e-5 0 0.029069768) - 1
#(0 0.06711409 0 0 4.0563016e-5 0) - 1
#(5.627541e-5 0.12080537 0 9.0506954e-5 0 0.023255814) - 1
#(1.1958525e-4 0.08053691 0 1.1313369e-5 0 0) - 1
#(7.737869e-5 0.026845638 0 1.1313369e-5 0 0.011627907) - 1
#(1.2661968e-4 0.0067114094 0.019417476 0 2.0281508e-5 0) - 2
#(1.05516396e-4 0.046979867 0.0017652251 3.394011e-5 0 0) - 1
#(4.220656e-5 0 0.0044130627 0 0 0) - 2
#(0 0.093959734 0 2.2626738e-5 3.0422261e-5 0.0058139535) - 1
#(4.9240985e-5 0.0067114094 8.8261254e-4 7.919358e-5 0 0) - 1
#(0 0.08053691 0 0 0 0) - 1
#(0 0.060402684 0 0 7.0985276e-5 0.0058139535) - 1
#(2.110328e-5 0.020134227 0.0044130627 6.788022e-5 1.0140754e-5 0) - 1
#(0 0.053691275 0 1.1313369e-5 0 0) - 1
#(0 0.06711409 0 0 0 0.0058139535) - 1
#(0 0 0 3.394011e-5 0 0) - 3
#(2.110328e-5 0.053691275 0 2.2626738e-4 2.0281508e-5 0) - 1
#(7.737869e-5 0.0067114094 0.011473963 1.1313369e-5 1.0140754e-5 0) - 2
#(1.617918e-4 0.013422819 0.015004413 0 3.0422261e-5 0.017441861) - 5
#(4.220656e-5 0.23489933 0 0 3.0422261e-5 0) - 1
#(3.5172132e-5 0.19463088 0 1.1313369e-5 2.0281508e-5 0) - 1
#(5.627541e-5 0.060402684 0 3.394011e-5 6.0844523e-5 0.0058139535) - 1
#(8.441312e-5 0.11409396 0 0 0 0.0058139535) - 1
#(1.4772295e-4 0.013422819 0 0 0 0) - 1
#(7.737869e-5 0.147651 0.0017652251 0 3.0422261e-5 0.017441861) - 1

Grupo 0
#(0 0 0 0 0 0) - 0
#(0 0 0.082965575 0 0 0) - 2
#(0 0 0.23654015 0 0 0) - 2
#(0 0 0.41835833 0 0 0) - 2
#(0 0 0.078552514 0 0 0) - 2
#(0 0 0.3733451 0 0 0) - 2
#(0 0 0.21359223 0 0 0) - 2
#(0 0 0.054721978 0 0 0) - 2
#(0 0 0.13150927 0 0 0) - 2
#(0 0 0.056487203 0 0 0) - 2
#(0 0 0.021182701 0 0 0) - 2
#(0 0 0.075022064 0 0 0) - 2
#(0 0 0.117387466 0 0 0) - 2
#(0 0 0.027360989 0 0 0) - 2
#(0 0 0.2674316 0 0 0) - 2
#(0 0 0.029126214 0 0 0) - 2
#(0 0 0.016769638 0 0 0) - 2
#(0 0 0.0105913505 0 0 0) - 2

Grupo 0
#(0 0 0 0.11104072 0 0) - 3
#(0 0 0 0.11121042 0 0) - 3
#(0 0 0 0.11173083 0 0) - 3
#(0 0 0 0.111674264 0 0) - 3
#(0 0 0 0.11158376 0 0) - 3
#(0 0 0 0.111063346 0 0) - 3
#(0 0 0 0.11114254 0 0) - 3
#(0 0 0 0.111764774 0 0) - 3
#(0 0 0 0.10902694 0 0) - 3

Grupo 0
#(0 0 0 0 0.099937126 0) - 4
#(0 0 0 0 0.099744454 0) - 4
#(0 0 0 0 0.10017037 0) - 4
#(0 0 0 0 0.10018051 0) - 4
#(0 0 0 0 0.100160226 0) - 4
#(0 0 0 0 0.099987835 0) - 4
#(0 0 0 0 0.100028396 0) - 4
#(0 0 0 0 0.10006896 0) - 4
#(0 0 0 0 0.09995741 0) - 4
#(0 0 0 0 0.099876285 0) - 4

Grupo 0
#(2.110328e-5 0 0 2.2626738e-5 0 0.029069768) - 5
#(1.4068853e-5 0 0 0 0 0.09883721) - 5
#(0 0 0 2.2626738e-5 3.0422261e-5 0.017441861) - 5
#(2.8137705e-5 0 8.8261254e-4 2.2626738e-5 0 0.15697674) - 5
#(0 0 0 1.3576043e-4 1.0140754e-5 0.040697675) - 5
#(0 0 0 9.0506954e-5 1.0140754e-5 0.09883721) - 5
#(9.1447546e-5 0 0 1.1313369e-5 5.070377e-5 0.05232558) - 5
#(2.110328e-5 0.013422819 0 9.0506954e-5 0 0.046511628) - 5
#(0 0.08053691 0 2.2626738e-5 1.0140754e-5 0.10465116) - 5
#(0 0.013422819 0 1.1313369e-5 1.7239281e-4 0.0058139535) - 1
#(0 0 0 0 0 0.06395349) - 5
#(0 0 0 9.0506954e-5 4.0563016e-5 0.14534883) - 5
#(0 0 0 3.394011e-5 1.0140754e-5 0.0872093) - 5
#(0 0 0 0 0 0.0872093) - 5
#(0 0 0 0 5.070377e-5 0.09883721) - 5
#(6.330984e-5 0 0 1.1313369e-5 0 0.017441861) - 5
#(0 0 0 1.1313369e-5 0 0.034883723) - 5
#(7.0344263e-6 0 0 0 0 0.06395349) - 5
#(0 0.0067114094 0 0 0 0.0872093) - 5
#(2.110328e-5 0 0 2.2626738e-5 1.0140754e-5 0.069767445) - 5
#(1.4068853e-5 0 0.0017652251 4.5253477e-5 0 0.034883723) - 5
#(3.5172132e-5 0.0067114094 0 1.1313369e-5 1.0140754e-5 0.08139535) - 5
#(2.8137705e-5 0 0.0035304502 0 1.0140754e-5 0.075581394) - 5
#(0 0 0 0 4.0563016e-5 0.046511628) - 5
#(7.0344263e-6 0 0 6.788022e-5 8.112603e-5 0.06395349) - 5
#(7.0344263e-6 0.013422819 0 2.2626738e-5 2.0281508e-5 0.12209302) - 5
#(1.2661968e-4 0 8.8261254e-4 0 4.0563016e-5 0.05232558) - 5
#(7.0344263e-6 0.0067114094 0 0 1.0140754e-5 0.0872093) - 5
#(0 0.026845638 0 1.1313369e-5 1.0140754e-5 0.15116279) - 5
#(7.0344264e-5 0.026845638 0 4.5253477e-5 3.0422261e-5 0.05232558) - 5
#(2.110328e-5 0.013422819 0.014121801 2.2626738e-5 3.0422261e-5 0.017441861) - 5
#(0 0 0.0017652251 0 2.0281508e-5 0.18604651) - 5
#(0 0 0 3.394011e-5 1.0140754e-5 0.18604651) - 5
#(1.05516396e-4 0 0.0026478376 0 1.0140754e-5 0.12790698) - 5
#(2.110328e-5 0.0067114094 0.0070609003 0 0 0.034883723) - 5
#(7.0344263e-6 0 0 0 0 0.029069768) - 5
#(7.0344263e-6 0 0 2.2626738e-5 0 0.093023255) - 5
#(7.0344263e-6 0 0 0 0 0.11046512) - 5
#(1.4068853e-5 0 0 1.1313369e-5 7.0985276e-5 0.19186047) - 5
#(0 0 0 1.1313369e-5 7.0985276e-5 0.069767445) - 5
#(5.627541e-5 0.0067114094 8.8261254e-4 4.5253477e-5 0 0.05232558) - 5
#(0 0 0 4.5253477e-5 1.0140754e-5 0.0872093) - 5
