
Grupo 0
#(0.06876742 0 0 0 0 0) - 0
#(0.06809862 0 0 0 0 0) - 0
#(0.06809862 0 0 0 0 0) - 0
#(0.06790853 0 0 0 0 0) - 0
#(0.06857734 0 0 0 0 0) - 0
#(0.068802625 0 0 0 0 0) - 0
#(0.06809158 0 0 0 0 0) - 0
#(0.06823942 0 0 0 0 0) - 0
#(0.06790149 0 0 0 0 0) - 0
#(0.06746501 0 0 0 0 0) - 0
#(0.06824646 0 0 0 0 0) - 0
#(0.0682183 0 0 0 0 0) - 0
#(0.06914759 0 0 0 0 0) - 0
#(0.06827462 0 0 0 0 0) - 0
#(0.06881671 0 0 0 0 0) - 0

Grupo 0
#(7.040072e-6 0.18103448 0 0 1.0149605e-5 0.0058139535) - 1
#(7.040072e-6 0.04310345 1.7303832e-5 1.1324643e-5 0 0) - 1
#(7.040072e-6 0.12931034 4.037561e-5 5.662322e-5 8.119684e-5 0.017441861) - 1
#(2.1120217e-5 0.06896552 4.6143552e-5 2.2649287e-5 2.029921e-5 0) - 1
#(1.4080144e-5 0.01724138 3.4607663e-5 1.1324643e-5 2.029921e-5 0) - 1
#(0 0.13793103 0 3.397393e-5 7.104724e-5 0) - 1
#(0 0.25862068 5.767944e-6 3.397393e-5 0 0.011627907) - 1
#(0 0.04310345 6.9215326e-5 5.662322e-5 5.0748025e-5 0) - 1
#(1.4080144e-5 0.01724138 6.344738e-5 0 4.059842e-5 0) - 1
#(2.534426e-4 0.01724138 1.4996655e-4 1.811943e-4 9.134645e-5 0) - 1
#(1.760018e-4 0.112068966 1.21126825e-4 0 3.0448815e-5 0) - 1
#(1.6192166e-4 0.03448276 6.344738e-5 7.9272504e-5 0 0.0058139535) - 1
#(1.1264115e-4 0.12068965 5.767944e-5 2.604668e-4 0 0) - 1
#(2.8160288e-5 0.01724138 1.2689477e-4 1.1324643e-5 2.029921e-5 0) - 1
#(7.040072e-6 0.112068966 5.767944e-6 5.662322e-5 5.0748025e-5 0) - 1
#(7.040072e-6 0.077586204 2.883972e-5 3.397393e-5 2.029921e-5 0) - 1
#(0 0 9.2287104e-5 5.662322e-5 4.059842e-5 0) - 2
#(2.8160288e-5 0.112068966 5.767944e-6 2.2649287e-5 0 0) - 1
#(0 0 6.9215326e-5 1.1324643e-5 0 0.017441861) - 5
#(0 0.0862069 8.651916e-5 2.2649287e-5 4.059842e-5 0) - 1
#(0 0.03448276 8.075122e-5 2.2649287e-5 3.0448815e-5 0) - 1
#(0 0 5.767944e-5 2.2649287e-5 2.029921e-5 0.011627907) - 5
#(0 0.0862069 6.9215326e-5 0 4.059842e-5 0) - 1
#(0 0.06896552 1.3843065e-4 2.2649287e-5 0 0.029069768) - 1
#(0 0.0862069 1.7303832e-5 0 3.0448815e-5 0) - 1
#(5.6320576e-5 0.03448276 1.1535888e-5 9.059715e-5 0 0.023255814) - 1
#(1.1968122e-4 0.0862069 0 1.1324643e-5 0 0) - 1
#(2.8160288e-5 0.02586207 8.651916e-5 1.1324643e-5 0 0.011627907) - 1
#(1.267213e-4 0.00862069 4.7873936e-4 0 2.029921e-5 0) - 1
#(8.448087e-5 0.060344826 9.805505e-5 3.397393e-5 0 0) - 1
#(4.2240434e-5 0 3.5761253e-4 0 0 0) - 2
#(0 0.12068965 0 2.2649287e-5 3.0448815e-5 0.0058139535) - 1
#(3.520036e-5 0.00862069 2.3071776e-5 7.9272504e-5 0 0) - 1
#(0 0.06896552 2.3071776e-5 0 0 0) - 1
#(0 0.060344826 6.344738e-5 0 7.104724e-5 0.0058139535) - 1
#(2.1120217e-5 0.01724138 2.883972e-4 6.794786e-5 1.0149605e-5 0) - 1
#(0 0.04310345 0 1.1324643e-5 0 0) - 1
#(0 0.05172414 2.883972e-5 0 0 0.0058139535) - 1
#(0 0 1.1535888e-5 3.397393e-5 0 0) - 3
#(2.1120217e-5 0.06896552 1.6150244e-4 2.2649288e-4 2.029921e-5 0) - 1
#(7.7440796e-5 0.00862069 2.07646e-4 1.1324643e-5 1.0149605e-5 0) - 1
#(1.6192166e-4 0.00862069 4.0375607e-4 0 3.0448815e-5 0.017441861) - 5
#(4.2240434e-5 0.22413793 1.7303832e-5 0 3.0448815e-5 0) - 1
#(3.520036e-5 0.19827586 8.075122e-5 1.1324643e-5 2.029921e-5 0) - 1
#(4.9280505e-5 0.077586204 0 3.397393e-5 6.089763e-5 0.0058139535) - 1
#(8.448087e-5 0.06896552 5.767944e-6 0 0 0.0058139535) - 1
#(1.478415e-4 0.01724138 9.2287104e-5 0 0 0) - 1
#(7.040072e-5 0.060344826 4.037561e-5 0 3.0448815e-5 0.017441861) - 1

Grupo 0
#(0 0 0.056600835 0 0 0) - 2
#(0 0 0.05518192 0 0 0) - 2
#(0 0 0.05395335 0 0 0) - 2
#(0 0 0.055833697 0 0 0) - 2
#(0 0 0.05624899 0 0 0) - 2
#(0 0 0.054922365 0 0 0) - 2
#(0 0 0.05619708 0 0 0) - 2
#(0 0 0.056179777 0 0 0) - 2
#(0 0 0.056347046 0 0 0) - 2
#(0 0 0.056064416 0 0 0) - 2
#(0 0 0.055851 0 0 0) - 2
#(0 0 0.056393187 0 0 0) - 2
#(0 0 0.056208614 0 0 0) - 2
#(0 0 0.05593752 0 0 0) - 2
#(0 0 0.056243222 0 0 0) - 2
#(0 0 0.056404725 0 0 0) - 2
#(0 0 0.056577764 0 0 0) - 2
#(0 0 0.05653162 0 0 0) - 2

Grupo 0
#(0 0 0 0.111015484 0 0) - 3
#(0 0 0 0.110970184 0 0) - 3
#(0 0 0 0.11183085 0 0) - 3
#(0 0 0 0.11170629 0 0) - 3
#(0 0 0 0.11159304 0 0) - 3
#(0 0 0 0.1111627 0 0) - 3
#(0 0 0 0.11103813 0 0) - 3
#(0 0 0 0.11186483 0 0) - 3
#(0 0 0 0.10905632 0 0) - 3

Grupo 0
#(0 0 0 0 0.09990256 0) - 4
#(0 0 0 0 0.09977062 0) - 4
#(0 0 0 0 0.1002172 0) - 4
#(0 0 0 0 0.10022735 0) - 4
#(0 0 0 0 0.10024765 0) - 4
#(0 0 0 0 0.09981122 0) - 4
#(0 0 0 0 0.10004466 0) - 4
#(0 0 0 0 0.10014615 0) - 4
#(0 0 0 0 0.09999391 0) - 4
#(0 0 0 0 0.09975032 0) - 4

Grupo 0
#(0 0 0 0 0 0.029069768) - 5
#(0 0 0 0 0 0.09883721) - 5
#(0 0 0 0 0 0.017441861) - 5
#(0 0 0 0 0 0.15697674) - 5
#(0 0 0 0 0 0.040697675) - 5
#(0 0 0 0 0 0.09883721) - 5
#(0 0 0 0 0 0.05232558) - 5
#(0 0 0 0 0 0.046511628) - 5
#(0 0 0 0 0 0.10465116) - 5
#(0 0 0 0 0 0.0058139535) - 5
#(0 0 0 0 0 0.06395349) - 5
#(0 0 0 0 0 0.14534883) - 5
#(0 0 0 0 0 0.0872093) - 5
#(0 0 0 0 0 0.0872093) - 5
#(0 0 0 0 0 0.09883721) - 5
#(0 0 0 0 0 0.017441861) - 5
#(0 0 0 0 0 0.034883723) - 5
#(0 0 0 0 0 0.06395349) - 5
#(0 0 0 0 0 0.0872093) - 5
#(0 0 0 0 0 0.069767445) - 5
#(0 0 0 0 0 0.034883723) - 5
#(0 0 0 0 0 0.08139535) - 5
#(0 0 0 0 0 0.075581394) - 5
#(0 0 0 0 0 0.046511628) - 5
#(0 0 0 0 0 0.06395349) - 5
#(0 0 0 0 0 0.12209302) - 5
#(0 0 0 0 0 0.05232558) - 5
#(0 0 0 0 0 0.0872093) - 5
#(0 0 0 0 0 0.15116279) - 5
#(0 0 0 0 0 0.05232558) - 5
#(0 0 0 0 0 0.017441861) - 5
#(0 0 0 0 0 0.18604651) - 5
#(0 0 0 0 0 0.18604651) - 5
#(0 0 0 0 0 0.12790698) - 5
#(0 0 0 0 0 0.034883723) - 5
#(0 0 0 0 0 0.029069768) - 5
#(0 0 0 0 0 0.093023255) - 5
#(0 0 0 0 0 0.11046512) - 5
#(0 0 0 0 0 0.19186047) - 5
#(0 0 0 0 0 0.069767445) - 5
#(0 0 0 0 0 0.05232558) - 5
#(0 0 0 0 0 0.0872093) - 5
