
Grupo 0
#(0.18634841 0 0 0 0 0) - 0
#(0.19639866 0 0 0 0 0) - 0
#(0.13316584 0 0 0 0 0) - 0
#(0.21063651 0 0 0 0 0) - 0
#(0.08082077 0 0 0 0 0) - 0
#(0.10887772 0 0 0 0 0) - 0
#(0.2160804 0 0 0 0 0) - 0
#(0.11725293 0 0 0 0 0) - 0
#(0.1599665 0 0 0 0 0) - 0
#(0.16582915 0 0 0 0 0) - 0
#(0.2319933 0 0 0 0 0) - 0
#(0.111809045 0 0 0 0 0) - 0
#(0.1779732 0 0 0 0 0) - 0
#(0.22068676 0 0 0 0 0) - 0
#(0.15452261 0 0 0 0 0) - 0

Grupo 0
#(0 0 8.6805556e-4 7.917746e-5 0 0) - 2
#(0 0 0 2.2622131e-5 0 0) - 3
#(0 0 0 5.6555327e-5 0 0) - 3
#(0 0 0 2.2622131e-5 0 0) - 3
#(0 0 0 1.13110655e-5 0 0) - 3
#(0 0 0 3.3933196e-5 0 0) - 3
#(0 1.0 0 3.3933196e-5 0 0.06666667) - 1
#(0 0 0 5.6555327e-5 0 0) - 3
#(4.1876046e-4 0 0 0 0 0) - 0
#(0.0050251256 0 0.013020833 2.0359918e-4 0 0) - 2
#(0.0025125628 1.0 0 0 0 0) - 1
#(0.0025125628 0 0 7.917746e-5 0 0) - 0
#(0.0012562814 0 0.0017361111 4.298205e-4 0 0) - 2
#(0 0 0.0052083335 3.3933196e-5 0 0) - 2
#(0 0 0 9.0488524e-5 0 0) - 3
#(0 0 0 3.3933196e-5 0 0) - 3
#(0 0 0 6.786639e-5 0 0) - 3
#(0 0 0 3.3933196e-5 0 0) - 3
#(0 0 0.0017361111 1.13110655e-5 0 0) - 2
#(0 1.0 8.6805556e-4 3.3933196e-5 0 0) - 1
#(0 0 0 2.2622131e-5 0 0) - 3
#(0 0 0 3.3933196e-5 0 0.06666667) - 5
#(0 0 0 1.13110655e-5 0 0) - 3
#(0 0 0 5.6555327e-5 0 0) - 3
#(0 0 0 0 0 0) - 6
#(0.0025125628 1.0 0 1.0179959e-4 0 0) - 1
#(0.0016750419 0 0 1.13110655e-5 0 0) - 0
#(0 0 0 1.13110655e-5 0 0) - 3
#(0 0 0.019097222 0 0 0) - 2
#(4.1876046e-4 0 0.0052083335 4.5244262e-5 0 0) - 2
#(0 0 0.006076389 0 0 0) - 2
#(0 0 0 3.3933196e-5 0 0) - 3
#(0.0025125628 0 8.6805556e-4 7.917746e-5 0 0) - 0
#(0 0 0 2.2622131e-5 0 0) - 3
#(0 0 0 0 0 0.13333334) - 5
#(0 0 0.008680556 6.786639e-5 0 0) - 2
#(0 0 0 1.13110655e-5 0 0.13333334) - 5
#(0 0 0 0 0 0) - 6
#(0 0 0 5.6555327e-5 0 0) - 3
#(0 0 0 2.4884345e-4 0 0) - 3
#(4.1876046e-4 0 0.015625 2.2622131e-5 0 0) - 2
#(4.1876046e-4 0 0.018229166 0 0 0) - 2
#(4.1876046e-4 0.5714286 0 0 0 0) - 1
#(0.0012562814 0 0 1.13110655e-5 0 0) - 0
#(0 0 0 3.3933196e-5 0 0) - 3
#(8.375209e-4 1.0 0 0 0 0) - 1
#(0.0037688443 0 0.0052083335 0 0 0) - 2
#(0.0012562814 1.0 0.0017361111 0 0 0.13333334) - 1

Grupo 0
#(0 0 8.6805556e-4 0 0 0) - 2
#(0 0 0.083333336 0 0 0) - 2
#(0 0 0.2326389 0 0 0) - 2
#(0 0 0.4157986 0 0 0) - 2
#(0 0 0.07725695 0 0 0) - 2
#(0 0 0.3671875 0 0 0) - 2
#(0 0 0.21440972 0 0 0) - 2
#(0 0 0.057291668 0 0 0) - 2
#(0 0 0.12934028 0 0 0) - 2
#(0 0 0.057291668 0 0 0) - 2
#(0 0 0.0234375 0 0 0) - 2
#(0 0 0.073784724 0 0 0) - 2
#(0 0 0.11631945 0 0 0) - 2
#(0 0 0.032118056 0 0 0) - 2
#(0 0 0.2673611 0 0 0) - 2
#(0 0 0.032118056 0 0 0) - 2
#(0 0 0.017361112 0 0 0) - 2
#(0 0 0.010416667 0 0 0) - 2

Grupo 0
#(0 0 0 0.11109728 0 0) - 3
#(0 0 0 0.11122171 0 0) - 3
#(0 0 0 0.11171939 0 0) - 3
#(0 0 0 0.11166284 0 0) - 3
#(0 0 0 0.11156104 0 0) - 3
#(0 0 0 0.11107466 0 0) - 3
#(0 0 0 0.11111991 0 0) - 3
#(0 0 0 0.11174202 0 0) - 3
#(0 0 0 0.10903867 0 0) - 3

Grupo 0
#(0 0 0 0 0.18181819 0) - 4
#(0 0 0 0 0.09090909 0) - 4
#(0 0 0 0 0 0) - 6
#(0 0 0 0 0 0) - 6
#(0 0 0 0 0.27272728 0) - 4
#(0 0 0 0 0.54545456 0) - 4
#(0 0 0 0 0.18181819 0) - 4
#(0 0 0 0 0.18181819 0) - 4
#(0 0 0 0 0.09090909 0) - 4
#(0 0 0 0 0.45454547 0) - 4

Grupo 0
#(0 0 0 2.2622131e-5 0 0) - 3
#(0 0 0 2.2622131e-5 0 0.13333334) - 5
#(0 0 0 2.2622131e-5 0 0) - 3
#(0 0 8.6805556e-4 2.2622131e-5 0 0.33333334) - 5
#(0 0 0 1.3573279e-4 0 0) - 3
#(0 0 0 9.0488524e-5 0 0.06666667) - 5
#(4.1876046e-4 0 0 1.13110655e-5 0 0.26666668) - 5
#(4.1876046e-4 0 8.6805556e-4 9.0488524e-5 0 0.13333334) - 5
#(0 1.0 0 2.2622131e-5 0 0.13333334) - 1
#(0 0 0 1.13110655e-5 0 0) - 3
#(0 0 0 0 0 0.06666667) - 5
#(0 0 0 9.0488524e-5 0 0.46666667) - 5
#(0 0 0 3.3933196e-5 0 0.06666667) - 5
#(0 0 0 0 0 0.33333334) - 5
#(0 0 0 0 0 0.13333334) - 5
#(0 0 0 1.13110655e-5 0 0) - 3
#(0 0 0 1.13110655e-5 0 0.13333334) - 5
#(4.1876046e-4 0 0 0 0 0.06666667) - 5
#(0 0 0 0 0 0.26666668) - 5
#(0 0 0 2.2622131e-5 0 0.06666667) - 5
#(0 0 0.0017361111 4.5244262e-5 0 0) - 2
#(4.1876046e-4 0 0 1.13110655e-5 0 0.13333334) - 5
#(0 0 0.0069444445 0 0 0.13333334) - 5
#(0 0 0 0 0 0.13333334) - 5
#(0 0 0 6.786639e-5 0 0.13333334) - 5
#(0 0 0 2.2622131e-5 0 0) - 3
#(4.1876046e-4 0 8.6805556e-4 0 0 0.13333334) - 5
#(0 0 0 0 0 0.2) - 5
#(0 0 0 1.13110655e-5 0 0.4) - 5
#(0 0 0 4.5244262e-5 0 0.13333334) - 5
#(0 0 0.013888889 2.2622131e-5 0 0) - 2
#(0 0 0.0017361111 0 0 0.13333334) - 5
#(0 0 0 3.3933196e-5 0 0.33333334) - 5
#(0 0 0.0026041667 0 0 0) - 2
#(0 0 0.0069444445 0 0 0) - 2
#(0 0 0 0 0 0) - 6
#(0 0 0 2.2622131e-5 0 0.26666668) - 5
#(0 0 0 0 0 0.2) - 5
#(4.1876046e-4 0 0 1.13110655e-5 0 0.4) - 5
#(0 0 0 1.13110655e-5 0 0.06666667) - 5
#(0 0 8.6805556e-4 4.5244262e-5 0 0) - 2
#(0 0 0 4.5244262e-5 0 0.26666668) - 5
