
Grupo 0
#(0.30627307 0 0 0 0 0) - 0
#(0.27306274 0 0 0 0 0) - 0
#(0.14575645 0 0 0 0 0) - 0
#(0.34870848 0 0 0 0 0) - 0
#(0.22693726 0 0 0 0 0) - 0
#(0.17158672 0 0 0 0 0) - 0
#(0.36715868 0 0 0 0 0) - 0
#(0.10885609 0 0 0 0 0) - 0
#(0.35793358 0 0 0 0 0) - 0
#(0.2915129 0 0 0 0 0) - 0
#(0.37822878 0 0 0 0 0) - 0
#(0.13284133 0 0 0 0 0) - 0
#(0.27859777 0 0 0 0 0) - 0
#(0.44649446 0 0 0 0 0) - 0
#(0.24723247 0 0 0 0 0) - 0

Grupo 0
#(0 0 0 0 0 0) - 6
#(0 0 0 0 0 0) - 6
#(0 0 0 0 0 0) - 6
#(0 0 0 0 0 0) - 6
#(0 0 0 0 0 0) - 6
#(0 0 0 0 0 0) - 6
#(0 1.0 0 0 0 0) - 1
#(0 0 0 0 0 0) - 6
#(0 0 0 0 0 0) - 6
#(0.020295203 0 0.018867925 0 0 0) - 0
#(0.0018450185 1.0 0 0 0 0) - 1
#(0.003690037 0 0 0 0 0) - 0
#(0 0 0 0.08695652 0 0) - 3
#(0 0 0.006289308 0 0 0) - 2
#(0 0 0 0.08695652 0 0) - 3
#(0 0 0 0 0 0) - 6
#(0 0 0 0 0 0) - 6
#(0 0 0 0 0 0) - 6
#(0 0 0 0 0 0) - 6
#(0 1.0 0 0 0 0) - 1
#(0 0 0 0 0 0) - 6
#(0 0 0 0 0 0.125) - 5
#(0 0 0 0 0 0) - 6
#(0 0 0 0 0 0) - 6
#(0 0 0 0 0 0) - 6
#(0.0055350554 1.0 0 0 0 0) - 1
#(0.0018450185 0 0 0 0 0) - 0
#(0 0 0 0 0 0) - 6
#(0 0 0.094339624 0 0 0) - 2
#(0 0 0.012578616 0 0 0) - 2
#(0 0 0.012578616 0 0 0) - 2
#(0 0 0 0 0 0) - 6
#(0.0055350554 0 0 0 0 0) - 0
#(0 0 0 0 0 0) - 6
#(0 0 0 0 0 0) - 6
#(0 0 0.018867925 0 0 0) - 2
#(0 0 0 0 0 0) - 6
#(0 0 0 0 0 0) - 6
#(0 0 0 0 0 0) - 6
#(0 0 0 0 0 0) - 6
#(0 0 0 0 0 0) - 6
#(0 0 0 0 0 0) - 6
#(0 1.0 0 0 0 0) - 1
#(0 0 0 0 0 0) - 6
#(0 0 0 0 0 0) - 6
#(0 1.0 0 0 0 0) - 1
#(0 0 0.006289308 0 0 0) - 2
#(0 1.0 0.012578616 0 0 0.25) - 1

Grupo 0
#(0 0 0 0 0 0) - 6
#(0 0 0.27044025 0 0 0) - 2
#(0 0 0.062893085 0 0 0) - 2
#(0 0 0.6603774 0 0 0) - 2
#(0 0 0.19496855 0 0 0) - 2
#(0 0 0.3207547 0 0 0) - 2
#(0 0 0.48427674 0 0 0) - 2
#(0 0 0.08176101 0 0 0) - 2
#(0 0 0.5786164 0 0 0) - 2
#(0 0 0.10062893 0 0 0) - 2
#(0 0 0.03773585 0 0 0) - 2
#(0 0 0.094339624 0 0 0) - 2
#(0 0 0.2264151 0 0 0) - 2
#(0 0 0.012578616 0 0 0) - 2
#(0 0 0.34591195 0 0 0) - 2
#(0 0 0.031446543 0 0 0) - 2
#(0 0 0.018867925 0 0 0) - 2
#(0 0 0.012578616 0 0 0) - 2

Grupo 0
#(0 0 0 0.08695652 0 0) - 3
#(0 0 0 0.9130435 0 0) - 3
#(0 0 0 0 0 0) - 6
#(0 0 0 0 0 0) - 6
#(0 0 0 0 0 0) - 6
#(0 0 0 0.08695652 0 0) - 3
#(0 0 0 0 0 0) - 6
#(0 0 0 0 0 0) - 6
#(0 0 0 0.9130435 0 0) - 3

Grupo 0
#(0 0 0 0 0.16666667 0) - 4
#(0 0 0 0 0.083333336 0) - 4
#(0 0 0 0 0 0) - 6
#(0 0 0 0 0 0) - 6
#(0 0 0 0 0.25 0) - 4
#(0 0 0 0 0.5833333 0) - 4
#(0 0 0 0 0.16666667 0) - 4
#(0 0 0 0 0.16666667 0) - 4
#(0 0 0 0 0.083333336 0) - 4
#(0 0 0 0 0.5 0) - 4

Grupo 0
#(0 0 0 0 0 0) - 6
#(0 0 0 0 0 0) - 6
#(0 0 0 0 0 0) - 6
#(0 0 0 0 0 0.375) - 5
#(0 0 0 0 0 0) - 6
#(0 0 0 0 0 0) - 6
#(0 0 0 0 0.083333336 0.375) - 5
#(0 0 0 0 0 0) - 6
#(0 1.0 0 0 0 0.25) - 1
#(0 0 0 0 0 0) - 6
#(0 0 0 0 0 0.125) - 5
#(0 0 0 0 0 0.75) - 5
#(0 0 0 0 0 0.125) - 5
#(0 0 0 0 0 0.375) - 5
#(0 0 0 0 0 0.25) - 5
#(0 0 0 0 0 0) - 6
#(0 0 0 0 0 0.25) - 5
#(0 0 0 0 0 0) - 6
#(0 0 0 0 0 0.375) - 5
#(0 0 0 0 0 0) - 6
#(0 0 0 0.08695652 0 0) - 3
#(0 0 0 0 0 0.125) - 5
#(0 0 0.012578616 0 0 0.25) - 5
#(0 0 0 0 0 0) - 6
#(0 0 0 0.08695652 0 0.25) - 5
#(0 0 0 0 0 0) - 6
#(0 0 0.018867925 0 0 0.25) - 5
#(0 0 0 0 0 0.125) - 5
#(0 0 0 0 0 0.375) - 5
#(0 0 0 0 0 0.125) - 5
#(0 0 0.006289308 0 0 0) - 2
#(0 0 0 0 0 0.25) - 5
#(0 0 0 0 0 0.25) - 5
#(0 0 0.018867925 0 0 0) - 2
#(0 0 0 0 0 0) - 6
#(0 0 0 0 0 0) - 6
#(0 0 0 0 0 0.25) - 5
#(0 0 0 0 0 0.25) - 5
#(0 0 0 0 0 0.25) - 5
#(0 0 0 0 0.083333336 0.125) - 5
#(0 0 0 0 0 0) - 6
#(0 0 0 0 0 0.25) - 5
