Resultados/100-21.txt

(#(3081.3071 0.25443426 479.37366 38446.918 47146.89 1.7903066)
 #(0.0 0.0 0.0 0.0 2.8708134 0.165183)) Resultados/100-24.txt

(#(3087.5906 0.90458715 494.9822 38485.223 47188.04 1.7903066)
 #(0.0 0.0 0.0 0.0 2.8708134 0.3916914)) Resultados/100-42.txt

(#(3094.4016 0.90458715 502.68683 38493.06 47196.652 2.025717)
 #(0.0 0.0 0.0 0.0 2.8708134 0.3916914)) Resultados/100-48.txt

(#(3094.4016 0.90458715 512.17084 38498.72 47205.26 2.025717)
 #(0.0 0.0 0.0 0.0 2.8708134 0.3916914)) Resultados/10-0.txt

(#(76557.6 6031.4116 34651.26 38382.492 47097.61 9770.759)
 #(4.6456695 0.0 1.6085409 1.1215687 5.5311003 0.27497527)) Resultados/110-24.txt

(#(3087.5906 0.58654433 494.9822 38485.223 10.526316 1.7903066)
 #(0.0 0.0 0.0 0.0 2.8708134 0.0)) Resultados/110-42.txt

(#(3094.4016 0.58654433 502.68683 38493.06 10.526316 2.025717)
 #(0.0 0.0 0.0 0.0 2.8708134 0.0)) Resultados/110-48.txt

(#(3094.4016 0.58654433 512.17084 38498.72 11.4832535 2.025717)
 #(0.0 0.0 0.0 0.0 2.8708134 0.0)) Resultados/120-24.txt

(#(3087.5906 0.58654433 108.65481 18.282352 10.526316 1.2017804)
 #(0.0 0.0 0.0 0.0 0.0 0.0)) Resultados/120-42.txt

(#(3094.4016 0.58654433 109.24911 18.282352 10.526316 1.2017804)
 #(0.0 0.0 0.0 0.0 0.0 0.0)) Resultados/120-48.txt

(#(3094.4016 0.58654433 111.22776 20.02353 11.4832535 1.2017804)
 #(0.0 0.0 0.0 0.0 0.0 0.0)) Resultados/120-56.txt

(#(3423.6536 0.93088686 111.22776 23.505882 12.440191 1.8615233)
 #(0.0 0.0 0.0 0.0 0.0 0.0)) Resultados/130-24.txt

(#(3087.5906 0.35718656 108.65481 18.282352 10.526316 1.2017804)
 #(0.0 0.0 0.0 0.0 0.0 0.0)) Resultados/130-42.txt

(#(3094.4016 0.35718656 109.24911 18.282352 10.526316 1.2017804)
 #(0.0 0.0 0.0 0.0 0.0 0.0)) Resultados/130-48.txt

(#(3094.4016 0.35718656 111.22776 20.02353 11.4832535 1.2017804)
 #(0.0 0.0 0.0 0.0 0.0 0.0)) Resultados/130-56.txt

(#(3423.6536 0.6250765 111.22776 23.505882 12.440191 1.8615233)
 #(0.0 0.0 0.0 0.0 0.0 0.0)) Resultados/130-62.txt

(#(3433.622 0.6250765 112.01779 23.505882 13.397129 1.8615233)
 #(0.0 0.0 0.0 0.0 0.0 0.0)) Resultados/140-24.txt

(#(1158.5669 0.35718656 108.65481 18.282352 10.526316 1.2017804)
 #(0.0 0.0 0.0 0.0 0.0 0.0)) Resultados/140-42.txt

(#(1161.189 0.35718656 109.24911 18.282352 10.526316 1.2017804)
 #(0.0 0.0 0.0 0.0 0.0 0.0)) Resultados/140-48.txt

(#(1161.189 0.35718656 111.22776 20.02353 11.4832535 1.2017804)
 #(0.0 0.0 0.0 0.0 0.0 0.0)) Resultados/140-56.txt

(#(1336.4961 0.6250765 111.22776 23.505882 12.440191 1.8615233)
 #(0.0 0.0 0.0 0.0 0.0 0.0)) Resultados/140-62.txt

(#(1343.3229 0.6250765 112.01779 23.505882 13.397129 1.8615233)
 #(0.0 0.0 0.0 0.0 0.0 0.0)) Resultados/140-67.txt

(#(1343.3229 0.6250765 135.1637 26.117647 13.397129 1.8615233)
 #(0.0 0.0 0.0 0.0 0.0 0.0)) Resultados/30-0.txt

(#(76557.6 33.002445 34651.26 38382.492 47097.61 76.65777)
 #(3.7716537 0.0 0.42348754 1.1215687 2.8708134 0.165183)) Resultados/50-0.txt

(#(76557.6 4.6685014 34651.26 38382.492 47097.61 10.711177)
 #(2.6220472 0.0 0.0 0.46666667 2.8708134 0.165183)) Resultados/50-21.txt

(#(76763.9 4.6685014 34812.156 38446.918 47146.89 13.549951)
 #(2.6220472 0.0 0.0 0.46666667 2.8708134 0.165183)) Resultados/50-24.txt

(#(76827.16 6.343731 34900.504 38485.223 47188.04 13.549951)
 #(2.6220472 0.0 0.0 0.46666667 2.8708134 0.3916914)) Resultados/60-0.txt

(#(76557.6 4.6685014 439.64767 38382.492 47097.61 10.711177)
 #(2.6220472 0.0 0.0 0.0 2.8708134 0.165183)) Resultados/60-21.txt

(#(76763.9 4.6685014 479.37366 38446.918 47146.89 13.549951)
 #(2.6220472 0.0 0.0 0.0 2.8708134 0.165183)) Resultados/60-24.txt

(#(76827.16 6.343731 494.9822 38485.223 47188.04 13.549951)
 #(2.6220472 0.0 0.0 0.0 2.8708134 0.3916914)) Resultados/70-0.txt

(#(3000.0393 0.9143731 439.64767 38382.492 47097.61 10.711177)
 #(2.6220472 0.0 0.0 0.0 2.8708134 0.165183)) Resultados/70-21.txt

(#(3081.3071 0.9143731 479.37366 38446.918 47146.89 13.549951)
 #(2.6220472 0.0 0.0 0.0 2.8708134 0.165183)) Resultados/70-24.txt

(#(3087.5906 1.8691132 494.9822 38485.223 47188.04 13.549951)
 #(2.6220472 0.0 0.0 0.0 2.8708134 0.3916914)) Resultados/80-0.txt

(#(3000.0393 0.9143731 439.64767 38382.492 47097.61 2.8456974)
 #(2.6220472 0.0 0.0 0.0 2.8708134 0.165183)) Resultados/80-21.txt

(#(3081.3071 0.9143731 479.37366 38446.918 47146.89 4.139466)
 #(2.6220472 0.0 0.0 0.0 2.8708134 0.165183)) Resultados/80-24.txt

(#(3087.5906 1.8691132 494.9822 38485.223 47188.04 4.139466)
 #(2.6220472 0.0 0.0 0.0 2.8708134 0.3916914)) Resultados/90-0.txt

(#(3000.0393 0.25443426 439.64767 38382.492 47097.61 2.8456974)
 #(2.6220472 0.0 0.0 0.0 2.8708134 0.165183)) Resultados/90-21.txt

(#(3081.3071 0.25443426 479.37366 38446.918 47146.89 4.139466)
 #(2.6220472 0.0 0.0 0.0 2.8708134 0.165183)) Resultados/90-24.txt

(#(3087.5906 0.90458715 494.9822 38485.223 47188.04 4.139466)
 #(2.6220472 0.0 0.0 0.0 2.8708134 0.3916914)) Resultados/90-42.txt

(#(3094.4016 0.90458715 502.68683 38493.06 47196.652 4.4688425)
 #(2.6220472 0.0 0.0 0.0 2.8708134 0.3916914)) Resultados/Calculo_coberturas.txt
Resultados/Clasificacion_100-21.txt
Resultados/Clasificacion_100-24.txt
Resultados/Clasificacion_100-42.txt
Resultados/Clasificacion_100-48.txt
Resultados/Clasificacion_110-24.txt
Resultados/Clasificacion_110-42.txt
Resultados/Clasificacion_110-48.txt
Resultados/Clasificacion_120-24.txt
Resultados/Clasificacion_120-42.txt
Resultados/Clasificacion_120-48.txt
Resultados/Clasificacion_120-56.txt
Resultados/Clasificacion_130-24.txt
Resultados/Clasificacion_130-42.txt
Resultados/Clasificacion_130-48.txt
Resultados/Clasificacion_130-56.txt
Resultados/Clasificacion_130-62.txt
Resultados/Clasificacion_140-24.txt
Resultados/Clasificacion_140-42.txt
Resultados/Clasificacion_140-48.txt
Resultados/Clasificacion_140-56.txt
Resultados/Clasificacion_140-62.txt
Resultados/Clasificacion_140-67.txt
Resultados/Clasificacion_50-0.txt
Resultados/Clasificacion_50-21.txt
Resultados/Clasificacion_50-24.txt
Resultados/Clasificacion_60-0.txt
Resultados/Clasificacion_60-21.txt
Resultados/Clasificacion_60-24.txt
Resultados/Clasificacion_70-0.txt
Resultados/Clasificacion_70-21.txt
Resultados/Clasificacion_70-24.txt
Resultados/Clasificacion_80-0.txt
Resultados/Clasificacion_80-21.txt
Resultados/Clasificacion_80-24.txt
Resultados/Clasificacion_90-0.txt
Resultados/Clasificacion_90-21.txt
Resultados/Clasificacion_90-24.txt
Resultados/Clasificacion_90-42.txt
