22
;
#(5 0 2 5 8 1 0 5 2 7 0 2)
#(6 3 8 4 10 6 0 18 2 6 2 7)
#(12 0 13 2 13 10 1 8 1 4 0 2)
#(6 2 8 4 10 6 0 18 2 6 3 7)
#(17 0 7 3 9 12 3 9 2 9 0 3)
#(13 1 4 3 12 18 0 9 6 5 2 4)
#(13 2 9 0 16 12 1 14 3 9 2 5)
#(0 0 18 0 4 14 0 18 3 13 0 7)
#(8 0 12 0 8 12 0 10 7 8 0 10)
#(6 2 9 3 8 9 1 12 2 2 3 5)
#(7 1 11 2 12 10 0 12 2 8 0 4)
#(11 2 10 4 11 6 1 14 1 2 2 5)
#(16 0 4 4 10 8 1 10 3 13 1 4)
#(15 0 8 0 8 9 1 14 1 5 10 2)
#(10 0 6 2 14 5 2 18 0 3 2 13)
#(7 0 5 4 11 10 5 9 0 7 1 13)
#(17 0 5 4 8 8 3 11 1 5 3 4)
#(10 0 3 1 5 11 0 11 0 4 2 9)
#(6 3 10 1 14 13 0 11 1 8 2 7)
#(8 2 10 3 10 15 0 16 0 1 2 8)
#(16 0 3 4 11 10 3 7 1 10 3 6)
#(18 0 2 2 11 2 1 15 1 4 2 1)
