22
;
#(1 18 0 0 0 0 0 0 0 0 )
#(10 8 10 4 0 0 0 0 0 0 )
#(13 5 9 4 0 0 0 0 0 0 )
#(10 8 10 4 0 0 0 0 0 0 )
#(8 6 2 4 4 2 0 0 0 0 )
#(9 6 0 5 3 0 3 0 0 0 )
#(10 6 1 5 4 1 1 1 0 0 )
#(5 3 5 0 9 1 0 0 0 0 )
#(5 3 2 2 4 5 0 0 0 0 )
#(11 8 5 5 0 0 0 0 0 0 )
#(11 6 10 4 0 0 0 0 0 0 )
#(12 7 9 4 0 0 0 0 0 0 )
#(5 7 6 4 3 1 0 0 0 0 )
#(10 4 6 4 3 1 0 0 0 0 )
#(8 8 5 4 4 0 0 0 0 0 )
#(7 7 6 2 5 0 0 0 0 0 )
#(8 0 10 4 3 0 0 0 0 0 )
#(5 6 6 4 1 0 0 0 0 0 )
#(4 15 4 5 2 0 0 0 0 0 )
#(4 13 5 5 2 0 0 0 0 0 )
#(7 11 4 7 1 0 0 0 0 0 )
#(6 5 2 8 1 0 0 0 0 0 )
