#(59 74 43 62 15 19 31 )
#(71 86 55 74 15 19 31 )
#(66 88 55 69 22 14 33 )
#(66 81 48 59 15 11 33 )
#(62 81 50 59 19 9 31 )
#(69 81 57 69 12 12 24 )
#(68 81 57 71 13 14 24 )
#(69 81 57 69 12 12 24 )
#(62 81 45 71 19 26 36 )
#(61 81 49 57 20 8 32 )
#(59 83 43 73 24 30 40 )
#(61 81 43 74 20 31 38 )
#(61 81 38 57 20 19 43 )
#(64 84 50 64 20 14 34 )
#(75 83 59 71 8 12 24 )
#(75 83 59 71 8 12 24 )
#(59 84 43 60 25 17 41 )
#(69 86 50 74 17 24 36 )
#(59 84 50 74 25 24 34 )
#(56 79 47 55 23 8 32 )
#(57 81 48 59 24 11 33 )
#(62 79 50 62 17 12 29 )
#(62 74 50 64 12 14 24 )
#(66 81 59 74 15 15 22 )
#(74 86 62 78 12 16 24 )
#(66 86 57 78 20 21 29 )
#(65 86 47 62 21 15 39 )
#(64 88 48 79 24 31 40 )
#(66 86 43 67 20 24 43 )
#(66 86 43 50 20 7 43 )
#(67 79 31 50 12 19 48 )
