#( 0 1 14 17 5 0 0 )
#( 0 0 1 14 23 8 0 )
#( 0 0 2 14 12 9 0 )
#( 0 0 30 10 20 0 0 )
#( 0 0 38 16 12 0 0 )
#( 0 0 1 28 21 0 0 )
#( 0 0 1 16 25 0 0 )
#( 0 0 2 27 23 0 0 )
#( 0 1 3 14 31 0 0 )
#( 0 0 27 16 17 0 0 )
#( 0 3 21 25 9 0 0 )
#( 0 4 10 20 15 0 0 )
#( 0 2 44 19 8 0 0 )
#( 0 0 7 24 18 1 0 )
#( 0 0 1 30 26 0 0 )
#( 0 0 2 30 20 0 0 )
#( 0 1 14 15 11 3 0 )
#( 0 0 10 11 16 2 0 )
#( 0 0 17 15 21 1 0 )
#( 0 8 24 14 12 0 0 )
#( 0 0 49 9 17 0 0 )
#( 0 0 28 24 5 0 0 )
#( 0 0 10 33 7 0 0 )
#( 0 0 1 27 15 0 0 )
#( 0 0 0 10 33 7 0 )
#( 0 0 4 18 27 5 0 )
#( 0 4 20 14 15 8 0 )
#( 0 0 13 17 23 6 0 )
#( 0 6 14 17 16 4 0 )
#( 0 24 24 17 13 2 0 )
#( 1 3 1 3 5 0 0 )
