#(0.9167 0.9167 0.9167 0.0833 0.0833 0.0833 B )
#(0.9583 0.875 0.9583 0.0417 0.125 0.0417 R )
#(0.8333 0.7083 0.8333 0.1667 0.2917 0.1667 R )
#(0.9583 0.875 0.9583 0.0417 0.125 0.0417 R )
#(0.875 0.7083 0.875 0.125 0.2917 0.125 R )
#(0.9583 0.7917 0.9583 0.0417 0.2083 0.0417 R )
#(1.0 1.0 1.0 0.0 0.0 0.0 B )
#(0.9167 0.75 0.9167 0.0833 0.25 0.0833 R )
#(1.0 1.0 1.0 0.0 0.0 0.0 B )
#(0.7917 0.5417 0.7917 0.2083 0.4583 0.2083 R )
#(1.0 0.875 1.0 0.0 0.125 0.0 R )
#(0.8333 0.75 0.8333 0.1667 0.25 0.1667 R )
#(1.0 0.9167 1.0 0.0 0.0833 0.0 R )
#(0.8333 0.875 0.9583 0.1667 0.125 0.0417 L )
#(0.3333 0.9167 0.9167 0.6667 0.0833 0.0833 L )
#(0.3333 0.9167 0.9167 0.6667 0.0833 0.0833 L )
#(1.0 1.0 1.0 0.0 0.0 0.0 B )
#(0.625 0.8333 0.8333 0.375 0.1667 0.1667 L )
#(1.0 0.8333 1.0 0.0 0.1667 0.0 R )
#(0.8333 0.7917 0.8333 0.1667 0.2083 0.1667 R )
#(1.0 0.8333 1.0 0.0 0.1667 0.0 R )
#(0.8333 0.7917 0.9583 0.1667 0.2083 0.0417 R )
#(0.5 0.5 0.5 0.5 0.5 0.5 B )
