#(0 11 0 3 0 2 0 0 0 0 )
#(1 7 1 6 2 1 0 0 0 0 )
#(1 1 2 7 3 2 2 0 0 0 )
#(1 7 1 6 2 1 0 0 0 0 )
#(2 1 5 6 4 0 0 0 0 0 )
#(0 4 2 6 1 4 0 0 0 0 )
#(0 0 6 2 7 0 1 0 0 0 )
#(0 6 1 4 1 4 1 0 0 0 )
#(5 0 4 1 3 3 0 0 0 0 )
#(6 4 1 5 1 1 0 0 0 0 )
#(1 5 3 9 0 0 0 0 0 0 )
#(1 4 1 8 2 0 0 0 0 0 )
#(1 5 2 9 1 0 0 0 0 0 )
#(0 3 5 8 1 0 0 0 0 0 )
#(0 9 0 0 3 0 0 0 0 0 )
#(2 7 0 0 3 0 0 0 0 0 )
#(12 0 2 6 0 0 0 0 0 0 )
#(5 1 1 2 5 1 0 0 0 0 )
#(2 4 2 9 1 0 0 0 0 0 )
#(0 5 2 8 1 0 0 0 0 0 )
#(2 4 2 9 1 0 0 0 0 0 )
#(0 4 6 5 2 0 0 0 0 0 )
#(0 0 0 1 0 1 0 0 0 0 )
