62
;
#(64 89 41 60 25 19 48 )
#(67 89 41 61 22 20 48 )
#(64 77 55 61 13 6 22 )
#(60 75 46 60 15 14 29 )
#(64 72 48 60 8 12 24 )
#(57 82 45 67 25 22 37 )
#(57 81 45 65 24 20 36 )
#(64 82 48 67 18 19 34 )
#(57 81 41 60 24 19 40 )
#(65 78 40 57 13 17 38 )
#(71 81 47 67 10 20 34 )
#(72 86 45 67 14 22 41 )
#(67 80 55 69 13 14 25 )
#(72 84 56 72 12 16 28 )
#(72 80 55 67 8 12 25 )
#(71 87 51 67 16 16 36 )
#(69 84 55 64 15 9 29 )
#(56 81 45 56 25 11 36 )
#(67 84 55 65 17 10 29 )
#(56 84 45 60 28 15 39 )
#(67 84 52 65 17 13 32 )
#(57 84 36 65 27 29 48 )
#(66 84 36 60 18 24 48 )
#(59 72 50 56 13 6 22 )
#(62 84 54 62 22 8 30 )
#(67 89 55 65 22 10 34 )
#(60 82 48 61 22 13 34 )
#(65 87 57 65 22 8 30 )
#(72 79 48 63 7 15 31 )
#(65 75 45 61 10 16 30 )
#(65 79 38 60 14 22 41 )
#(58 74 34 62 16 28 40 )
#(66 86 45 55 20 10 41 )
#(73 85 44 61 12 17 41 )
#(64 79 48 68 15 20 31 )
#(69 86 36 60 17 24 50 )
#(62 89 41 62 27 21 48 )
#(64 81 55 61 17 6 26 )
#(64 89 41 60 25 19 48 )
#(62 77 46 61 15 15 31 )
#(60 72 48 60 12 12 24 )
#(64 72 48 60 8 12 24 )
#(65 86 45 62 21 17 41 )
#(70 86 52 72 16 20 34 )
#(74 86 46 72 12 26 40 )
#(60 84 43 62 24 19 41 )
#(65 73 52 60 8 8 21 )
#(65 77 48 65 12 17 29 )
#(65 85 50 60 20 10 35 )
#(70 89 44 58 19 14 45 )
#(69 89 48 67 20 19 41 )
#(61 86 50 61 25 11 36 )
#(69 86 48 70 17 22 38 )
#(61 89 50 67 28 17 39 )
#(67 89 52 69 22 17 37 )
#(55 89 48 70 34 22 41 )
#(65 87 41 65 22 24 46 )
#(57 89 45 59 32 14 44 )
#(60 82 48 67 22 19 34 )
#(57 82 45 67 25 22 37 )
#(60 72 48 60 12 12 24 )
#(57 67 41 53 10 12 26 )
