#( 0 2 9 17 27 5 0 )
#( 0 2 5 16 27 5 0 )
#( 0 0 9 28 18 0 0 )
#( 0 1 19 30 3 0 0 )
#( 0 0 23 34 2 0 0 )
#( 0 3 19 20 7 0 0 )
#( 0 3 11 20 4 0 0 )
#( 0 0 13 19 13 0 0 )
#( 0 2 17 20 3 0 0 )
#( 0 4 16 15 18 0 0 )
#( 0 1 1 17 26 0 0 )
#( 0 2 7 6 41 7 0 )
#( 0 0 5 22 15 0 0 )
#( 0 0 3 20 14 2 0 )
#( 0 0 7 17 13 0 0 )
#( 0 0 10 15 9 5 0 )
#( 0 0 6 10 43 3 0 )
#( 0 2 14 13 8 0 0 )
#( 0 0 7 11 37 2 0 )
#( 0 2 12 16 13 1 0 )
#( 0 0 10 11 21 1 0 )
#( 0 5 21 21 15 1 0 )
#( 0 3 7 10 23 2 0 )
#( 0 0 20 26 21 0 0 )
#( 0 0 14 15 30 1 0 )
#( 0 0 10 18 28 4 0 )
#( 0 0 11 26 23 0 0 )
#( 0 0 8 18 23 3 0 )
#( 0 0 18 6 15 0 0 )
#( 0 3 16 14 13 0 0 )
#( 0 8 13 26 17 0 0 )
#( 2 5 11 14 2 0 0 )
#( 0 4 8 5 16 3 0 )
#( 0 2 6 4 14 5 0 )
#( 0 0 4 32 13 0 0 )
#( 0 3 5 6 33 3 0 )
#( 0 5 19 16 6 5 0 )
#( 0 0 7 27 27 0 0 )
#( 0 2 8 14 25 5 0 )
#( 0 1 8 24 16 0 0 )
#( 0 0 23 36 1 0 0 )
#( 0 0 24 32 3 0 0 )
#( 0 2 10 6 12 3 0 )
#( 0 0 9 6 33 4 0 )
#( 0 1 2 10 41 6 0 )
#( 0 7 10 16 27 3 0 )
#( 0 0 17 18 5 0 0 )
#( 0 0 17 13 6 0 0 )
#( 0 0 19 14 14 5 0 )
#( 0 2 21 5 17 4 0 )
#( 0 0 5 14 23 19 0 )
#( 0 0 11 12 10 4 0 )
#( 0 0 8 18 24 7 0 )
#( 0 0 5 14 19 12 0 )
#( 0 0 9 10 9 13 0 )
#( 0 0 8 28 21 7 0 )
#( 0 4 8 6 7 4 0 )
#( 0 4 11 11 2 2 0 )
#( 0 0 8 22 10 0 0 )
#( 0 3 13 14 12 0 0 )
#( 0 0 23 29 2 0 0 )
#( 0 2 4 2 0 0 0 )
