62
;
#(19 0 5 2 13 5 2 11 0 1 0 2)
#(16 0 2 4 7 5 5 11 2 1 0 2)
#(19 0 5 2 10 9 1 5 2 0 0 2)
#(6 1 5 0 9 12 0 15 0 2 1 2)
#(3 0 7 0 14 8 1 24 0 0 0 2)
#(3 0 7 0 6 12 2 11 2 2 0 4)
#(3 0 5 0 8 6 2 5 3 4 0 2)
#(13 0 6 0 7 7 0 5 0 2 0 5)
#(17 0 4 0 10 3 0 7 0 0 0 1)
#(8 3 4 0 18 0 0 1 2 11 0 6)
#(6 0 9 0 1 0 6 7 2 8 0 6)
#(10 0 9 1 7 1 8 8 2 7 0 10)
#(3 1 10 2 2 0 5 4 0 9 4 2)
#(4 1 6 4 0 4 0 9 0 4 7 0)
#(2 1 11 2 0 0 5 4 0 7 5 0)
#(6 1 6 3 1 1 2 8 1 4 5 1)
#(10 3 23 0 3 0 5 9 0 4 0 5)
#(5 1 5 3 5 0 4 5 0 5 1 3)
#(10 3 23 0 1 0 4 7 0 4 0 5)
#(5 1 5 3 5 0 6 8 0 6 1 4)
#(4 3 10 2 5 0 3 6 0 5 0 5)
#(6 0 14 0 6 0 6 13 0 5 0 13)
#(1 2 13 0 1 0 1 16 0 2 5 4)
#(9 2 8 3 0 0 1 24 0 7 11 2)
#(7 9 8 4 3 2 2 14 1 6 4 0)
#(14 1 13 5 0 1 10 7 2 3 1 3)
#(6 3 10 1 4 8 3 7 1 2 6 9)
#(9 3 2 1 8 5 1 7 0 5 11 0)
#(5 1 6 0 3 4 0 4 0 7 8 1)
#(5 2 1 0 7 11 0 8 5 3 3 1)
#(4 3 15 0 6 16 0 3 0 5 11 1)
#(9 0 4 0 1 7 0 3 0 7 3 0)
#(0 7 5 0 7 3 0 4 2 5 3 0)
#(3 0 2 5 0 5 0 5 5 0 1 5)
#(8 1 5 3 2 3 4 12 1 3 0 7)
#(4 1 8 0 6 7 0 13 1 3 0 7)
#(9 0 7 1 10 5 1 9 1 4 0 4)
#(22 0 5 1 11 8 1 8 2 1 0 2)
#(15 0 3 5 10 2 5 10 0 1 0 3)
#(14 1 5 1 6 11 1 4 2 2 1 1)
#(6 0 10 0 9 11 0 21 0 0 0 3)
#(3 0 4 0 13 12 1 25 0 0 0 1)
#(2 2 2 0 4 3 0 5 3 11 1 0)
#(1 1 12 0 6 9 3 6 0 13 0 1)
#(9 3 11 0 9 8 1 8 1 3 0 7)
#(10 0 8 1 10 8 1 11 0 7 0 7)
#(5 0 7 8 0 3 1 10 2 0 0 4)
#(8 0 4 4 0 3 1 7 4 0 4 1)
#(5 1 8 6 3 6 2 11 4 1 1 4)
#(8 0 4 5 1 5 3 16 3 1 0 3)
#(8 0 4 0 5 10 3 23 0 3 0 5)
#(5 0 5 1 3 5 1 5 3 5 0 4)
#(6 0 4 0 5 10 3 23 0 2 0 4)
#(9 0 5 1 5 6 2 11 1 5 0 5)
#(4 0 4 0 3 5 3 9 4 5 0 4)
#(12 0 8 0 11 7 0 13 0 6 0 7)
#(10 0 0 0 7 3 0 7 0 1 1 0)
#(6 0 4 1 5 3 4 5 0 1 0 1)
#(4 0 5 0 7 7 0 6 3 4 0 4)
#(5 0 5 0 7 8 2 4 2 4 0 5)
#(20 0 5 0 10 5 0 11 0 0 0 3)
#(5 0 1 0 1 1 0 0 0 0 0 0)
