#(38 9 0 1 0 0 0 0 0 0 )
#(34 7 1 1 0 0 0 0 0 0 )
#(25 15 0 0 0 0 0 0 0 0 )
#(14 7 7 1 0 0 0 0 0 0 )
#(0 13 11 0 0 0 0 0 0 0 )
#(5 13 3 1 1 0 0 0 0 0 )
#(2 10 4 1 0 0 0 0 0 0 )
#(11 3 1 5 1 0 0 0 0 0 )
#(0 10 2 4 0 0 0 0 0 0 )
#(12 12 0 3 1 0 0 0 0 0 )
#(19 8 2 1 0 0 0 0 0 0 )
#(35 12 0 1 0 0 0 0 0 0 )
#(18 12 0 0 0 0 0 0 0 0 )
#(11 12 0 1 0 0 0 0 0 0 )
#(11 13 0 0 0 0 0 0 0 0 )
#(13 11 0 1 0 0 0 0 0 0 )
#(35 12 1 0 0 0 0 0 0 0 )
#(26 1 3 0 0 0 0 0 0 0 )
#(24 11 1 2 0 0 0 0 0 0 )
#(31 2 3 0 0 0 0 0 0 0 )
#(16 8 1 2 0 0 0 0 0 0 )
#(30 6 3 3 0 0 0 0 0 0 )
#(23 1 0 1 0 0 0 2 0 0 )
#(29 19 0 0 0 0 0 0 0 0 )
#(36 12 0 0 0 0 0 0 0 0 )
#(36 12 0 0 0 0 0 0 0 0 )
#(36 12 0 0 0 0 0 0 0 0 )
#(32 10 0 0 0 0 0 0 0 0 )
#(9 15 0 0 0 0 0 0 0 0 )
#(16 12 2 0 0 0 0 0 0 0 )
#(40 0 8 0 0 0 0 0 0 0 )
#(34 0 0 0 0 0 0 0 0 0 )
#(20 0 0 4 0 0 0 0 0 0 )
#(18 5 1 0 0 0 0 0 0 0 )
#(8 7 9 0 0 0 0 0 0 0 )
#(28 3 4 1 0 0 0 0 0 0 )
#(47 0 0 1 0 0 0 0 0 0 )
#(35 13 0 0 0 0 0 0 0 0 )
#(35 6 1 1 0 0 0 0 0 0 )
#(23 13 0 0 0 0 0 0 0 0 )
#(7 8 11 1 0 0 0 0 0 0 )
#(0 13 11 0 0 0 0 0 0 0 )
#(0 1 0 4 3 0 0 0 0 0 )
#(21 14 1 0 0 0 0 0 0 0 )
#(29 10 1 2 0 0 0 0 0 0 )
#(33 15 0 0 0 0 0 0 0 0 )
#(10 13 0 1 0 0 0 0 0 0 )
#(12 12 0 0 0 0 0 0 0 0 )
#(10 0 14 0 0 0 0 0 0 0 )
#(21 3 6 1 0 0 0 0 0 0 )
#(35 13 0 0 0 0 0 0 0 0 )
#(26 1 3 0 0 0 0 0 0 0 )
#(24 11 1 2 0 0 0 0 0 0 )
#(35 6 1 0 0 0 0 0 0 0 )
#(16 6 3 1 0 0 0 0 0 0 )
#(34 1 4 4 0 0 0 0 0 0 )
#(0 7 0 0 3 0 0 0 0 0 )
#(3 4 0 2 1 1 0 0 0 0 )
#(7 6 4 1 1 0 0 0 0 0 )
#(9 10 0 2 1 0 0 0 0 0 )
#(2 11 2 6 0 0 0 0 0 0 )
#(0 0 0 2 0 0 0 0 0 0 )
