#( 0 3 5 16 24 1 0 )
#( 0 1 23 27 11 0 0 )
#( 0 0 27 36 34 3 0 )
#( 1 6 12 15 41 1 0 )
#( 0 1 0 10 22 12 0 )
#( 0 2 3 18 36 7 0 )
#( 0 1 4 54 24 1 0 )
#( 0 2 6 56 25 2 0 )
#( 0 7 14 31 16 5 0 )
#( 0 10 30 20 16 0 0 )
#( 0 0 6 71 14 0 0 )
#( 0 1 15 24 11 3 0 )
#( 0 0 16 19 14 1 0 )
#( 0 2 7 19 43 0 0 )
#( 0 0 3 71 16 0 0 )
#( 0 0 18 20 24 0 0 )
#( 0 2 8 18 45 0 0 )
#( 0 1 3 17 31 1 0 )
#( 0 3 17 16 15 0 0 )
#( 0 0 32 45 25 0 0 )
#( 1 4 9 14 44 4 0 )
#( 0 3 7 17 21 0 0 )
#( 0 0 13 29 21 0 0 )
#( 0 2 14 25 29 9 0 )
#( 0 1 8 46 25 11 0 )
#( 0 2 31 24 21 2 0 )
#( 2 13 35 17 18 0 0 )
#( 0 1 1 0 5 0 0 )
