#(17 0 6 0 9 6 0 6 0 1 0 4)
#(17 0 9 0 16 7 0 4 0 4 1 4)
#(39 0 4 0 14 19 0 6 0 7 1 10)
#(9 1 8 0 13 7 5 17 1 7 0 8)
#(4 0 21 0 0 0 2 6 0 6 0 6)
#(8 1 16 3 12 2 4 5 1 5 0 9)
#(15 0 12 1 3 4 8 10 3 16 0 12)
#(10 1 17 0 4 4 5 17 2 18 1 12)
#(8 0 13 0 8 3 3 18 0 6 0 14)
#(7 0 4 0 2 1 15 32 0 8 0 7)
#(8 2 16 0 12 0 12 10 4 10 4 13)
#(9 0 7 0 6 1 3 8 0 10 0 10)
#(4 2 7 0 8 3 3 7 2 7 2 5)
#(12 0 5 2 4 4 0 0 14 22 0 8)
#(6 4 10 0 11 4 2 2 16 28 0 7)
#(17 0 3 0 5 10 0 4 0 16 6 1)
#(16 2 9 0 5 6 3 7 2 11 4 8)
#(14 1 7 1 9 6 1 6 1 2 0 5)
#(10 0 10 0 10 8 0 6 0 4 0 3)
#(43 0 2 0 18 18 0 3 0 6 2 10)
#(13 1 8 0 15 8 1 14 1 8 0 7)
#(6 0 5 0 5 2 4 23 0 0 0 3)
#(5 1 7 0 10 10 0 12 2 11 1 4)
#(6 1 15 1 10 14 1 16 1 4 1 9)
#(17 2 17 1 12 11 1 17 0 4 4 5)
#(16 2 9 0 13 8 0 15 0 8 6 3)
#(35 0 5 0 10 8 0 8 0 4 3 12)
#(3 0 1 0 1 1 0 0 0 0 0 1)
