127
;
#( 0 1 23 46 32 0 0 )
#( 0 9 30 34 14 0 0 )
#( 0 0 7 74 22 0 0 )
#( 0 1 19 34 37 0 0 )
#( 0 0 25 27 47 2 0 )
#( 0 2 10 15 4 0 0 )
#( 0 0 8 48 37 0 0 )
#( 0 0 10 47 43 1 0 )
#( 0 0 30 41 53 1 0 )
#( 0 0 35 50 11 0 0 )
#( 0 0 18 83 24 0 0 )
#( 0 8 33 25 46 0 0 )
#( 0 15 15 14 24 0 0 )
#( 0 0 14 16 5 0 0 )
#( 0 4 8 20 20 0 0 )
#( 0 0 10 19 4 0 0 )
#( 0 0 9 21 18 0 0 )
#( 0 0 2 20 15 0 0 )
#( 0 0 4 37 13 0 0 )
#( 0 2 11 6 8 0 0 )
#( 0 2 15 17 13 0 0 )
#( 0 3 18 13 7 0 0 )
#( 0 2 20 20 10 0 0 )
#( 0 1 9 15 9 0 0 )
#( 0 0 24 17 12 0 0 )
#( 0 0 21 2 14 0 0 )
#( 0 10 9 24 9 0 0 )
#( 0 10 0 9 0 0 0 )
#( 0 0 12 27 7 0 0 )
#( 0 0 9 4 23 0 0 )
#( 0 0 13 19 21 0 0 )
#( 0 1 21 12 7 0 0 )
#( 0 12 10 17 8 0 0 )
#( 0 13 6 16 3 0 0 )
#( 0 9 4 25 15 0 0 )
#( 0 0 4 22 2 0 0 )
#( 0 0 4 26 19 0 0 )
#( 0 9 8 14 5 0 0 )
#( 0 2 11 23 16 0 0 )
#( 0 1 17 5 15 0 0 )
#( 0 6 9 27 7 0 0 )
#( 0 1 29 61 14 0 0 )
#( 0 5 28 3 61 0 0 )
#( 0 1 39 29 35 2 0 )
#( 0 0 34 15 43 5 0 )
#( 0 3 25 52 33 0 0 )
#( 0 11 31 18 29 0 0 )
#( 0 0 30 45 31 0 0 )
#( 0 6 35 24 25 0 0 )
#( 0 0 7 32 11 0 0 )
#( 0 16 5 7 6 0 0 )
#( 0 3 8 19 19 0 0 )
#( 0 1 11 16 8 0 0 )
#( 1 4 19 21 12 0 0 )
#( 0 2 21 11 0 0 0 )
#( 0 2 11 12 25 0 0 )
#( 0 0 7 7 34 0 0 )
#( 0 0 7 20 27 0 0 )
#( 0 0 11 21 10 0 0 )
#( 0 4 15 21 7 0 0 )
#( 0 19 1 9 10 0 0 )
#( 0 2 19 29 8 0 0 )
#( 0 3 15 9 4 0 0 )
#( 0 0 19 23 13 0 0 )
#( 0 3 5 10 3 0 0 )
#( 0 2 17 32 45 1 0 )
#( 0 14 30 11 27 0 0 )
#( 0 6 27 32 38 0 0 )
#( 0 4 31 31 17 0 0 )
#( 0 10 34 48 18 0 0 )
#( 0 18 11 14 14 0 0 )
#( 0 0 12 30 24 6 0 )
#( 0 0 3 37 44 0 0 )
#( 0 1 27 37 16 0 0 )
#( 0 3 26 13 25 1 0 )
#( 0 1 21 34 30 0 0 )
#( 0 7 23 7 35 0 0 )
#( 0 7 14 46 33 0 0 )
#( 0 3 44 29 3 0 0 )
#( 0 9 6 13 8 0 0 )
#( 0 2 38 27 24 0 0 )
#( 0 0 19 25 33 0 0 )
#( 0 8 28 30 22 0 0 )
#( 0 0 21 29 18 1 0 )
#( 0 1 28 25 34 0 0 )
#( 0 2 21 21 24 0 0 )
#( 0 0 27 37 28 0 0 )
#( 0 20 20 21 16 0 0 )
#( 0 1 6 13 10 0 0 )
#( 0 0 19 25 33 0 0 )
#( 0 1 29 22 16 0 0 )
#( 0 0 26 32 22 0 0 )
#( 0 1 24 7 17 0 0 )
#( 0 11 14 21 24 0 0 )
#( 0 0 24 14 6 0 0 )
#( 0 18 11 25 23 1 0 )
#( 0 13 16 14 15 0 0 )
#( 0 1 42 42 34 0 0 )
#( 0 11 37 10 45 0 0 )
#( 0 2 49 28 34 0 0 )
#( 0 29 26 16 36 0 0 )
#( 0 0 37 55 29 0 0 )
#( 0 6 14 28 16 0 0 )
#( 0 9 48 42 46 0 0 )
#( 0 4 35 53 33 0 0 )
#( 0 15 49 50 40 0 0 )
#( 0 3 43 69 35 0 0 )
#( 0 21 34 35 45 0 0 )
#( 0 7 10 5 9 0 0 )
#( 0 5 34 37 31 0 0 )
#( 0 8 19 36 26 0 0 )
#( 0 0 19 47 48 2 0 )
#( 0 7 17 23 36 0 0 )
#( 0 5 27 56 27 0 0 )
#( 0 11 29 23 30 0 0 )
#( 0 4 2 15 13 0 0 )
#( 0 3 17 46 46 0 0 )
#( 0 12 55 20 14 0 0 )
#( 0 22 30 48 29 0 0 )
#( 0 7 59 60 42 0 0 )
#( 0 20 31 34 47 0 0 )
#( 0 12 14 45 17 0 0 )
#( 0 27 14 23 29 0 0 )
#( 0 5 23 34 47 1 0 )
#( 0 15 27 42 12 0 0 )
#( 0 12 33 23 47 0 0 )
#( 0 3 9 11 1 0 0 )
