127
;
#(0.9844 0.7813 0.9844 0.0156 0.2188 0.0156 R )
#(0.7813 0.9844 1.0 0.2188 0.0156 0.0 L )
#(0.7813 1.0 1.0 0.2188 0.0 0.0 L )
#(1.0 0.9219 1.0 0.0 0.0781 0.0 R )
#(1.0 1.0 1.0 0.0 0.0 0.0 B )
#(1.0 1.0 1.0 0.0 0.0 0.0 B )
#(0.9063 0.4688 0.9688 0.0938 0.5313 0.0313 R )
#(1.0 0.9375 1.0 0.0 0.0625 0.0 R )
#(1.0 1.0 1.0 0.0 0.0 0.0 B )
#(0.9375 0.9375 1.0 0.0625 0.0625 0.0 B )
#(1.0 1.0 1.0 0.0 0.0 0.0 B )
#(1.0 0.9688 1.0 0.0 0.0313 0.0 R )
#(0.9583 1.0 1.0 0.0417 0.0 0.0 L )
#(1.0 0.5833 1.0 0.0 0.4167 0.0 R )
#(1.0 1.0 1.0 0.0 0.0 0.0 B )
#(0.9167 1.0 1.0 0.0833 0.0 0.0 L )
#(0.8333 0.8333 1.0 0.1667 0.1667 0.0 B )
#(0.9167 1.0 1.0 0.0833 0.0 0.0 L )
#(1.0 1.0 1.0 0.0 0.0 0.0 B )
#(1.0 0.875 1.0 0.0 0.125 0.0 R )
#(1.0 1.0 1.0 0.0 0.0 0.0 B )
#(1.0 1.0 1.0 0.0 0.0 0.0 B )
#(1.0 1.0 1.0 0.0 0.0 0.0 B )
#(1.0 0.5 1.0 0.0 0.5 0.0 R )
#(1.0 1.0 1.0 0.0 0.0 0.0 B )
#(1.0 1.0 1.0 0.0 0.0 0.0 B )
#(1.0 1.0 1.0 0.0 0.0 0.0 B )
#(0.8889 0.8889 0.8889 0.0 0.0 0.0 B )
#(1.0 0.5 1.0 0.0 0.5 0.0 R )
#(1.0 1.0 1.0 0.0 0.0 0.0 B )
#(0.8333 1.0 1.0 0.1667 0.0 0.0 L )
#(0.9167 1.0 1.0 0.0833 0.0 0.0 L )
#(1.0 1.0 1.0 0.0 0.0 0.0 B )
#(1.0 0.8333 1.0 0.0 0.1667 0.0 R )
#(1.0 0.8333 1.0 0.0 0.1667 0.0 R )
#(1.0 1.0 1.0 0.0 0.0 0.0 B )
#(1.0 1.0 1.0 0.0 0.0 0.0 B )
#(1.0 1.0 1.0 0.0 0.0 0.0 B )
#(0.9167 1.0 1.0 0.0833 0.0 0.0 L )
#(1.0 1.0 1.0 0.0 0.0 0.0 B )
#(1.0 1.0 1.0 0.0 0.0 0.0 B )
#(0.9375 0.9844 1.0 0.0625 0.0156 0.0 L )
#(1.0 0.9688 1.0 0.0 0.0313 0.0 R )
#(0.9375 1.0 1.0 0.0625 0.0 0.0 L )
#(1.0 0.9688 1.0 0.0 0.0313 0.0 R )
#(0.9688 1.0 1.0 0.0313 0.0 0.0 L )
#(0.9688 0.9375 1.0 0.0313 0.0625 0.0 R )
#(0.9688 0.9688 1.0 0.0313 0.0313 0.0 B )
#(1.0 1.0 1.0 0.0 0.0 0.0 B )
#(0.9583 0.9167 1.0 0.0417 0.0833 0.0 R )
#(0.9167 0.9583 1.0 0.0833 0.0417 0.0 L )
#(0.9583 1.0 1.0 0.0417 0.0 0.0 L )
#(1.0 1.0 1.0 0.0 0.0 0.0 B )
#(0.8333 1.0 1.0 0.1667 0.0 0.0 L )
#(0.9167 0.9583 1.0 0.0833 0.0417 0.0 L )
#(0.9583 0.9167 1.0 0.0417 0.0833 0.0 R )
#(1.0 1.0 1.0 0.0 0.0 0.0 B )
#(1.0 1.0 1.0 0.0 0.0 0.0 B )
#(1.0 0.9167 1.0 0.0 0.0833 0.0 R )
#(0.9167 0.9583 1.0 0.0833 0.0417 0.0 L )
#(1.0 1.0 1.0 0.0 0.0 0.0 B )
#(1.0 1.0 1.0 0.0 0.0 0.0 B )
#(1.0 1.0 1.0 0.0 0.0 0.0 B )
#(1.0 0.9583 1.0 0.0 0.0417 0.0 R )
#(0.8333 1.0 1.0 0.1667 0.0 0.0 L )
#(0.9688 0.625 1.0 0.0313 0.375 0.0 R )
#(1.0 0.9063 1.0 0.0 0.0938 0.0 R )
#(1.0 0.875 1.0 0.0 0.125 0.0 R )
#(1.0 1.0 1.0 0.0 0.0 0.0 B )
#(1.0 0.9219 1.0 0.0 0.0781 0.0 R )
#(1.0 1.0 1.0 0.0 0.0 0.0 B )
#(0.9583 0.7083 0.9583 0.0417 0.2917 0.0417 R )
#(1.0 1.0 1.0 0.0 0.0 0.0 B )
#(0.8333 0.9583 1.0 0.1667 0.0417 0.0 L )
#(0.9583 1.0 1.0 0.0417 0.0 0.0 L )
#(1.0 1.0 1.0 0.0 0.0 0.0 B )
#(1.0 1.0 1.0 0.0 0.0 0.0 B )
#(1.0 1.0 1.0 0.0 0.0 0.0 B )
#(1.0 1.0 1.0 0.0 0.0 0.0 B )
#(0.6667 0.6667 0.6667 0.3333 0.3333 0.3333 B )
#(1.0 0.9792 1.0 0.0 0.0208 0.0 R )
#(1.0 1.0 1.0 0.0 0.0 0.0 B )
#(1.0 1.0 1.0 0.0 0.0 0.0 B )
#(1.0 1.0 1.0 0.0 0.0 0.0 B )
#(1.0 1.0 1.0 0.0 0.0 0.0 B )
#(1.0 1.0 1.0 0.0 0.0 0.0 B )
#(1.0 1.0 1.0 0.0 0.0 0.0 B )
#(1.0 0.9792 1.0 0.0 0.0208 0.0 R )
#(1.0 1.0 1.0 0.0 0.0 0.0 B )
#(1.0 0.75 1.0 0.0 0.25 0.0 R )
#(1.0 1.0 1.0 0.0 0.0 0.0 B )
#(1.0 1.0 1.0 0.0 0.0 0.0 B )
#(0.75 0.9167 1.0 0.25 0.0833 0.0 L )
#(1.0 0.9167 1.0 0.0 0.0833 0.0 R )
#(1.0 1.0 1.0 0.0 0.0 0.0 B )
#(1.0 1.0 1.0 0.0 0.0 0.0 B )
#(0.9167 1.0 1.0 0.0833 0.0 0.0 L )
#(0.9531 0.9688 1.0 0.0469 0.0313 0.0 L )
#(1.0 1.0 1.0 0.0 0.0 0.0 B )
#(1.0 0.9844 1.0 0.0 0.0156 0.0 R )
#(0.9688 0.9688 1.0 0.0313 0.0313 0.0 B )
#(1.0 1.0 1.0 0.0 0.0 0.0 B )
#(1.0 1.0 1.0 0.0 0.0 0.0 B )
#(0.9792 0.9167 1.0 0.0208 0.0833 0.0 R )
#(0.8438 0.8125 1.0 0.1563 0.1875 0.0 R )
#(1.0 1.0 1.0 0.0 0.0 0.0 B )
#(0.9479 0.9271 1.0 0.0521 0.0729 0.0 R )
#(0.8958 0.8958 1.0 0.1042 0.1042 0.0 B )
#(1.0 1.0 1.0 0.0 0.0 0.0 B )
#(0.9063 1.0 1.0 0.0938 0.0 0.0 L )
#(0.8906 0.9219 1.0 0.1094 0.0781 0.0 L )
#(1.0 0.9844 1.0 0.0 0.0156 0.0 R )
#(0.7188 0.8594 1.0 0.2813 0.1406 0.0 L )
#(0.9219 0.9531 1.0 0.0781 0.0469 0.0 L )
#(0.9844 0.9531 1.0 0.0156 0.0469 0.0 R )
#(1.0 1.0 1.0 0.0 0.0 0.0 B )
#(0.8906 0.6563 1.0 0.1094 0.3438 0.0 R )
#(0.6719 0.9531 1.0 0.3281 0.0469 0.0 L )
#(0.9375 1.0 1.0 0.0625 0.0 0.0 L )
#(0.9844 1.0 1.0 0.0156 0.0 0.0 L )
#(1.0 1.0 1.0 0.0 0.0 0.0 B )
#(0.9219 0.75 1.0 0.0781 0.25 0.0 R )
#(1.0 1.0 1.0 0.0 0.0 0.0 B )
#(0.9531 1.0 1.0 0.0469 0.0 0.0 L )
#(1.0 1.0 1.0 0.0 0.0 0.0 B )
#(1.0 1.0 1.0 0.0 0.0 0.0 B )
#(1.0 1.0 1.0 0.0 0.0 0.0 B )
