127
;
#(40 23 0 0 0 0 0 0 0 0 )
#(41 23 0 0 0 0 0 0 0 0 )
#(41 23 0 0 0 0 0 0 0 0 )
#(35 28 0 0 0 0 0 0 0 0 )
#(43 21 0 0 0 0 0 0 0 0 )
#(6 10 0 0 1 0 0 0 0 0 )
#(47 15 0 0 0 0 0 0 0 0 )
#(27 37 0 0 0 0 0 0 0 0 )
#(17 46 0 0 0 0 0 0 0 0 )
#(34 31 0 0 0 0 0 0 0 0 )
#(19 45 0 0 0 0 0 0 0 0 )
#(18 47 0 0 0 0 0 0 0 0 )
#(12 20 0 0 0 0 0 0 0 0 )
#(13 11 0 0 0 0 0 0 0 0 )
#(12 12 0 0 0 0 0 0 0 0 )
#(13 10 0 0 0 0 0 0 0 0 )
#(16 8 0 0 0 0 0 0 0 0 )
#(11 13 0 0 0 0 0 0 0 0 )
#(8 15 0 0 0 0 0 0 0 0 )
#(21 3 0 0 0 0 0 0 0 0 )
#(17 7 0 0 0 0 0 0 0 0 )
#(7 17 0 0 0 0 0 0 0 0 )
#(10 13 0 0 0 0 0 0 0 0 )
#(14 10 0 0 0 0 0 0 0 0 )
#(11 13 0 0 0 0 0 0 0 0 )
#(11 13 0 0 0 0 0 0 0 0 )
#(10 13 0 0 0 0 0 0 0 0 )
#(3 8 0 0 0 0 0 0 0 0 )
#(18 6 0 0 0 0 0 0 0 0 )
#(12 12 0 0 0 0 0 0 0 0 )
#(11 13 0 0 0 0 0 0 0 0 )
#(7 17 0 0 0 0 0 0 0 0 )
#(15 8 0 0 0 0 0 0 0 0 )
#(10 14 0 0 0 0 0 0 0 0 )
#(11 13 0 0 0 0 0 0 0 0 )
#(20 4 0 0 0 0 0 0 0 0 )
#(13 10 0 0 0 0 0 0 0 0 )
#(10 13 0 0 0 0 0 0 0 0 )
#(12 12 0 0 0 0 0 0 0 0 )
#(8 15 0 0 0 0 0 0 0 0 )
#(3 15 0 0 0 0 0 0 0 0 )
#(33 28 0 0 0 0 0 0 0 0 )
#(31 33 0 0 0 0 0 0 0 0 )
#(38 26 0 0 0 0 0 0 0 0 )
#(31 33 0 0 0 0 0 0 0 0 )
#(31 33 0 0 0 0 0 0 0 0 )
#(39 25 0 0 0 0 0 0 0 0 )
#(38 26 0 0 0 0 0 0 0 0 )
#(22 34 0 0 0 0 0 0 0 0 )
#(22 6 0 0 0 0 0 0 0 0 )
#(22 6 0 0 0 0 0 0 0 0 )
#(19 7 0 0 0 0 0 0 0 0 )
#(18 9 0 0 0 0 0 0 0 0 )
#(17 12 0 0 0 0 0 0 0 0 )
#(22 6 0 0 0 0 0 0 0 0 )
#(22 6 0 0 0 0 0 0 0 0 )
#(24 12 0 0 0 0 0 0 0 0 )
#(22 8 0 0 0 0 0 0 0 0 )
#(24 9 0 0 0 0 0 0 0 0 )
#(17 7 0 0 0 0 0 0 0 0 )
#(17 11 0 0 0 0 0 0 0 0 )
#(16 13 0 0 0 0 0 0 0 0 )
#(19 6 0 0 0 0 0 0 0 0 )
#(21 9 0 0 0 0 0 0 0 0 )
#(7 7 0 0 0 0 0 0 0 0 )
#(33 24 0 0 0 0 0 0 0 0 )
#(40 21 0 0 0 0 0 0 0 0 )
#(31 28 0 0 0 0 0 0 0 0 )
#(41 21 0 0 0 0 0 0 0 0 )
#(34 30 0 0 0 0 0 0 0 0 )
#(21 18 0 0 0 0 0 0 0 0 )
#(22 17 0 0 0 0 0 0 0 0 )
#(12 36 0 0 0 0 0 0 0 0 )
#(15 25 0 0 0 0 0 0 0 0 )
#(22 23 0 0 0 0 0 0 0 0 )
#(22 24 0 0 0 0 0 0 0 0 )
#(24 24 0 0 0 0 0 0 0 0 )
#(12 36 0 0 0 0 0 0 0 0 )
#(17 31 0 0 0 0 0 0 0 0 )
#(4 6 0 1 0 0 0 0 0 0 )
#(21 27 0 0 0 0 0 0 0 0 )
#(19 29 0 0 0 0 0 0 0 0 )
#(24 24 0 0 0 0 0 0 0 0 )
#(27 21 0 0 0 0 0 0 0 0 )
#(24 24 0 0 0 0 0 0 0 0 )
#(28 20 0 0 0 0 0 0 0 0 )
#(20 28 0 0 0 0 0 0 0 0 )
#(19 29 0 0 0 0 0 0 0 0 )
#(4 5 0 0 0 0 0 0 0 0 )
#(11 25 0 0 0 0 0 0 0 0 )
#(4 32 0 0 0 0 0 0 0 0 )
#(8 28 0 0 0 0 0 0 0 0 )
#(23 13 0 0 0 0 0 0 0 0 )
#(18 18 0 0 0 0 0 0 0 0 )
#(28 8 0 0 0 0 0 0 0 0 )
#(10 26 0 0 0 0 0 0 0 0 )
#(10 24 0 0 0 0 0 0 0 0 )
#(25 39 0 0 0 0 0 0 0 0 )
#(25 39 0 0 0 0 0 0 0 0 )
#(27 35 0 0 0 0 0 0 0 0 )
#(21 43 0 0 0 0 0 0 0 0 )
#(23 41 0 0 0 0 0 0 0 0 )
#(18 23 0 0 0 0 0 0 0 0 )
#(63 33 0 0 0 0 0 0 0 0 )
#(67 29 0 0 0 0 0 0 0 0 )
#(54 42 0 0 0 0 0 0 0 0 )
#(42 54 0 0 0 0 0 0 0 0 )
#(73 23 0 0 0 0 0 0 0 0 )
#(5 13 0 0 0 0 0 0 0 0 )
#(37 27 0 0 0 0 0 0 0 0 )
#(39 25 0 0 0 0 0 0 0 0 )
#(28 36 0 0 0 0 0 0 0 0 )
#(45 19 0 0 0 0 0 0 0 0 )
#(29 35 0 0 0 0 0 0 0 0 )
#(35 29 0 0 0 0 0 0 0 0 )
#(8 5 0 0 0 0 0 0 0 0 )
#(72 12 0 0 0 0 0 0 0 0 )
#(63 19 0 0 0 0 0 0 0 0 )
#(55 29 0 0 0 0 0 0 0 0 )
#(24 72 0 0 0 0 0 0 0 0 )
#(26 45 0 0 0 0 0 0 0 0 )
#(28 22 0 0 0 0 0 0 0 0 )
#(27 33 0 0 0 0 0 0 0 0 )
#(32 31 0 0 0 0 0 0 0 0 )
#(28 34 0 0 0 0 0 0 0 0 )
#(27 36 0 0 0 0 0 0 0 0 )
#(6 9 0 0 0 0 0 0 0 0 )
