#(69 79 53 67 10 14 26 )
#(69 79 58 67 10 9 21 )
#(58 89 46 65 31 19 43 )
#(64 86 48 60 22 12 38 )
#(72 86 57 72 14 15 29 )
#(60 84 36 72 24 36 48 )
#(65 77 46 65 12 19 31 )
#(60 74 41 57 14 16 33 )
#(62 82 46 62 20 16 36 )
#(64 82 45 62 18 17 37 )
#(64 86 52 60 22 8 34 )
#(69 86 54 70 17 16 32 )
#(64 84 47 64 20 17 37 )
#(60 88 48 65 28 17 40 )
#(65 89 45 67 24 22 44 )
#(57 86 41 65 29 24 45 )
#(64 82 41 64 18 23 41 )
#(64 86 46 63 22 17 40 )
#(65 89 53 65 24 12 36 )
#(74 89 53 64 15 11 36 )
#(73 87 50 67 14 17 37 )
#(61 78 50 62 17 12 28 )
#(74 89 60 75 15 15 29 )
#(70 89 58 75 19 17 31 )
#(69 79 53 67 10 14 26 )
#(69 89 51 67 20 16 38 )
#(58 82 46 58 24 12 36 )
#(67 85 47 70 18 23 38 )
#(65 79 53 67 14 14 26 )
#(53 77 29 65 24 36 48 )
#(53 70 34 58 17 24 36 )
#(57 67 38 55 10 17 29 )
#(65 82 46 72 17 26 36 )
#(69 87 50 67 18 17 37 )
#(69 89 57 65 20 8 32 )
#(57 89 50 75 32 25 39 )
#(74 87 66 77 13 11 21 )
#(72 89 50 70 17 20 39 )
#(58 79 46 58 21 12 33 )
#(65 89 50 70 24 20 39 )
#(65 87 53 72 22 19 34 )
#(62 79 46 70 17 24 33 )
