42
;
#( 0 0 4 23 17 0 0 )
#( 0 0 2 33 30 0 0 )
#( 0 3 14 13 16 10 0 )
#( 0 0 21 22 25 6 0 )
#( 0 0 8 16 40 4 0 )
#( 0 2 2 25 35 5 0 )
#( 0 2 7 24 12 0 0 )
#( 0 7 12 23 8 0 0 )
#( 0 2 8 22 23 0 0 )
#( 0 2 22 29 28 0 0 )
#( 0 0 28 27 22 5 0 )
#( 0 0 6 16 20 4 0 )
#( 0 1 16 32 17 3 0 )
#( 0 0 17 31 35 6 0 )
#( 0 2 35 13 22 10 0 )
#( 0 2 19 22 16 3 0 )
#( 0 10 9 13 13 0 0 )
#( 0 1 17 20 21 3 0 )
#( 0 0 26 44 23 5 0 )
#( 0 0 22 42 32 15 0 )
#( 0 0 18 22 30 15 0 )
#( 0 0 20 18 24 0 0 )
#( 0 0 0 20 32 16 0 )
#( 0 0 2 12 37 15 0 )
#( 0 0 4 33 21 0 0 )
#( 0 0 4 19 32 10 0 )
#( 0 7 20 18 16 0 0 )
#( 0 2 8 12 21 2 0 )
#( 0 0 4 39 28 0 0 )
#( 1 1 13 32 25 0 0 )
#( 1 2 16 26 0 0 0 )
#( 0 9 17 26 0 0 0 )
#( 0 1 2 17 28 0 0 )
#( 0 0 11 25 30 8 0 )
#( 0 0 8 66 27 11 0 )
#( 0 0 13 6 16 10 0 )
#( 0 0 0 10 25 9 0 )
#( 0 0 7 33 20 4 0 )
#( 0 3 23 37 16 0 0 )
#( 0 0 9 35 36 9 0 )
#( 0 0 21 30 21 14 0 )
#( 0 1 12 10 15 0 0 )
