42
;
#(6 0 8 0 7 8 0 7 0 6 0 2)
#(8 0 11 0 14 9 3 10 0 6 0 4)
#(14 0 5 0 12 6 0 11 0 4 0 4)
#(12 1 19 0 4 0 8 6 0 12 0 12)
#(9 3 16 0 7 0 5 9 0 11 0 8)
#(4 9 25 0 3 0 6 8 1 8 0 5)
#(9 2 6 1 7 0 2 6 0 4 0 8)
#(6 2 11 0 4 0 2 8 0 7 0 10)
#(8 3 6 1 8 0 3 10 1 6 0 9)
#(12 2 23 0 6 0 14 11 0 9 0 4)
#(10 5 30 0 2 0 10 4 0 8 4 9)
#(7 1 3 3 9 2 2 5 1 4 0 9)
#(9 1 11 1 6 4 7 11 0 8 0 11)
#(11 0 10 1 7 4 6 23 0 11 0 16)
#(12 0 17 0 3 1 9 19 0 6 0 15)
#(10 0 9 1 6 1 7 16 0 5 1 6)
#(10 0 4 0 1 0 8 6 0 9 0 7)
#(7 4 13 0 5 3 2 7 2 7 2 10)
#(1 4 18 0 18 3 1 28 0 13 12 0)
#(10 0 20 0 8 42 3 12 5 5 0 6)
#(7 0 11 7 22 7 1 3 6 9 0 12)
#(6 0 3 9 23 5 0 2 4 6 0 4)
#(3 0 12 2 4 18 0 15 2 2 0 10)
#(8 1 9 2 11 10 1 10 3 6 0 5)
#(6 0 11 0 9 11 1 10 0 6 0 4)
#(8 0 11 0 12 10 2 13 0 4 0 5)
#(19 0 4 0 13 3 0 10 0 3 8 1)
#(3 2 1 4 6 2 4 10 1 9 1 2)
#(8 0 9 0 10 9 4 19 0 7 0 5)
#(6 1 10 0 4 6 9 26 0 3 0 7)
#(10 0 3 0 8 6 2 8 0 6 0 2)
#(5 1 8 1 10 10 1 8 1 5 0 2)
#(13 0 4 0 7 5 3 8 0 6 0 2)
#(11 1 8 0 8 10 2 16 0 9 0 9)
#(5 0 15 4 9 17 6 38 0 0 0 18)
#(5 0 3 0 9 8 2 4 3 5 2 4)
#(5 1 7 0 9 8 0 4 2 5 0 3)
#(26 0 3 0 5 6 4 9 4 6 0 1)
#(15 0 12 0 12 11 0 8 1 9 5 6)
#(21 0 11 0 17 12 0 10 1 7 4 6)
#(23 0 6 1 17 12 0 13 1 2 1 10)
#(9 0 3 0 6 7 0 5 0 3 1 4)
