#(18 13 0 0 0 0 0 0 0 0 )
#(23 18 2 0 0 0 0 0 0 0 )
#(25 8 5 0 0 0 0 0 0 0 )
#(30 22 0 0 0 0 0 0 0 0 )
#(20 24 0 0 0 0 0 0 0 0 )
#(34 11 1 1 0 1 0 0 0 0 )
#(21 7 2 1 0 0 0 0 0 0 )
#(33 7 1 0 0 0 0 0 0 0 )
#(19 10 4 1 0 0 0 0 0 0 )
#(41 17 2 0 0 0 0 0 0 0 )
#(30 26 0 0 0 0 0 0 0 0 )
#(25 6 3 0 0 0 0 0 0 0 )
#(26 11 7 0 0 0 0 0 0 0 )
#(29 18 8 0 0 0 0 0 0 0 )
#(34 19 2 1 0 0 0 0 0 0 )
#(13 18 3 1 0 0 0 0 0 0 )
#(17 14 0 0 0 0 0 0 0 0 )
#(21 16 3 0 0 0 0 0 0 0 )
#(30 34 0 0 0 0 0 0 0 0 )
#(21 45 0 0 0 0 0 0 0 0 )
#(39 17 4 0 0 0 0 0 0 0 )
#(35 0 9 0 0 0 0 0 0 0 )
#(38 2 6 2 0 0 0 0 0 0 )
#(40 7 0 3 0 0 0 0 0 0 )
#(19 18 1 0 0 0 0 0 0 0 )
#(30 10 5 0 0 0 0 0 0 0 )
#(22 18 1 0 0 0 0 0 0 0 )
#(23 11 0 0 0 0 0 0 0 0 )
#(25 23 0 0 0 0 0 0 0 0 )
#(29 18 1 1 0 0 0 0 0 0 )
#(21 4 2 1 0 1 0 0 0 0 )
#(32 10 0 0 0 0 0 0 0 0 )
#(19 4 4 1 1 0 0 0 0 0 )
#(41 15 1 0 0 0 0 0 0 0 )
#(32 16 16 0 0 0 0 0 0 0 )
#(25 7 2 0 0 0 0 0 0 0 )
#(24 4 4 0 0 0 0 0 0 0 )
#(12 8 12 0 0 0 0 0 0 0 )
#(37 14 3 0 1 0 0 0 0 0 )
#(31 14 10 0 0 0 0 0 0 0 )
#(28 27 0 1 0 0 0 0 0 0 )
#(5 10 3 1 0 0 0 0 0 0 )
