1011
;
#( 0 1 14 21 7 0 0 )
#( 0 5 25 30 16 0 0 )
#( 0 4 20 29 7 0 0 )
#( 0 5 25 25 20 0 0 )
#( 0 9 22 24 6 0 0 )
#( 0 17 21 11 22 0 0 )
#( 0 12 27 25 6 0 0 )
#( 0 16 20 12 23 0 0 )
#( 0 5 26 26 12 0 0 )
#( 0 1 15 12 17 1 0 )
#( 0 0 17 14 17 1 0 )
#( 0 6 16 12 16 2 0 )
#( 0 8 16 9 14 1 0 )
#( 7 8 14 13 3 0 0 )
#( 1 7 12 17 33 0 0 )
#( 8 9 13 16 20 0 0 )
#( 4 8 12 22 24 0 0 )
#( 12 14 5 40 26 0 0 )
#( 8 8 10 23 19 1 0 )
#( 0 0 17 14 17 1 0 )
#( 0 6 16 12 16 2 0 )
#( 0 8 16 9 14 1 0 )
#( 1 3 15 12 8 1 0 )
#( 1 1 10 7 4 3 0 )
#( 0 4 16 18 5 0 0 )
#( 0 3 17 13 9 1 0 )
#( 0 2 18 16 6 1 0 )
#( 0 4 12 17 10 0 0 )
#( 0 4 16 18 5 0 0 )
#( 0 2 10 18 10 3 0 )
#( 0 0 16 15 8 0 0 )
#( 0 3 11 12 8 0 0 )
#( 0 2 9 10 22 1 0 )
#( 0 3 15 18 23 4 0 )
#( 0 1 15 10 20 8 0 )
#( 0 4 12 18 17 0 0 )
#( 0 3 9 8 16 4 0 )
#( 0 3 15 18 23 4 0 )
#( 0 1 17 8 15 11 0 )
#( 0 1 15 10 13 9 0 )
#( 0 4 6 2 14 0 0 )
#( 0 4 24 16 4 0 0 )
#( 0 2 22 15 17 0 0 )
#( 0 3 13 27 1 0 0 )
#( 0 6 12 15 10 1 0 )
#( 0 4 24 16 4 0 0 )
#( 0 2 22 13 16 0 0 )
#( 0 2 22 11 18 0 0 )
#( 1 5 8 18 7 0 0 )
#( 0 3 7 15 1 0 0 )
#( 1 4 11 17 1 0 0 )
#( 1 4 4 20 3 0 0 )
#( 0 5 12 18 3 0 0 )
#( 0 5 5 15 6 0 0 )
#( 1 4 11 17 1 0 0 )
#( 1 4 13 18 10 0 0 )
#( 0 3 18 15 6 0 0 )
#( 0 8 9 16 5 0 0 )
#( 0 6 9 9 12 3 0 )
#( 0 3 6 7 5 2 0 )
#( 0 5 15 24 0 0 0 )
#( 0 6 12 16 8 0 0 )
#( 1 6 15 12 12 11 0 )
#( 0 5 13 14 11 0 0 )
#( 0 5 8 11 15 9 0 )
#( 0 6 12 17 8 0 0 )
#( 1 4 17 11 10 11 0 )
#( 0 6 18 21 6 0 0 )
#( 0 4 15 17 5 0 0 )
#( 1 4 12 10 6 6 0 )
#( 4 5 15 9 14 14 0 )
#( 4 9 17 8 13 11 0 )
#( 1 4 17 12 14 14 0 )
#( 0 2 14 19 17 7 0 )
#( 0 6 12 14 7 6 0 )
#( 1 6 15 14 13 5 0 )
#( 0 5 12 14 13 3 0 )
#( 0 5 9 12 13 6 0 )
#( 0 6 12 14 7 6 0 )
#( 1 4 18 15 9 5 0 )
#( 0 6 18 20 6 0 0 )
#( 0 4 14 16 8 0 0 )
#( 1 4 15 19 14 3 0 )
#( 1 4 15 16 12 0 0 )
#( 2 6 14 15 23 5 0 )
#( 1 8 7 14 8 0 0 )
#( 0 5 10 15 9 0 0 )
#( 1 7 12 11 11 11 0 )
#( 0 5 15 16 10 0 0 )
#( 0 5 11 11 15 8 0 )
#( 0 5 10 16 10 1 0 )
#( 1 5 14 11 10 11 0 )
#( 0 4 20 20 4 0 0 )
#( 0 6 12 21 13 0 0 )
#( 0 1 2 4 13 11 1 )
#( 2 2 3 9 3 0 0 )
#( 0 2 22 25 4 0 0 )
#( 1 5 10 36 22 0 0 )
#( 0 2 15 28 42 12 0 )
#( 0 4 15 40 23 0 0 )
#( 0 2 27 28 12 0 0 )
#( 3 7 9 21 14 0 0 )
#( 0 6 12 16 25 2 0 )
#( 0 5 14 21 40 8 0 )
#( 0 5 12 17 28 2 0 )
#( 0 1 14 18 28 6 0 )
#( 0 7 15 12 27 11 0 )
#( 0 8 24 22 43 12 0 )
#( 1 4 17 26 30 5 0 )
#( 0 3 20 18 28 8 0 )
#( 0 2 19 19 23 9 0 )
#( 1 12 17 22 20 2 0 )
#( 0 0 17 21 12 0 0 )
#( 0 0 16 21 15 0 0 )
#( 0 0 22 18 13 0 0 )
#( 0 2 15 11 21 0 0 )
#( 0 8 17 17 2 1 0 )
#( 0 4 14 19 35 3 0 )
#( 0 6 11 17 33 7 0 )
#( 0 4 14 19 35 3 0 )
#( 0 2 11 20 21 4 0 )
#( 0 2 2 2 2 1 0 )
#( 0 6 9 14 6 0 0 )
#( 0 2 20 16 26 6 0 )
#( 0 5 12 22 12 3 0 )
#( 0 0 0 12 23 27 0 )
#( 0 0 12 21 29 0 0 )
#( 0 3 19 29 29 3 0 )
#( 0 6 21 32 26 5 0 )
#( 0 4 22 30 28 4 0 )
#( 0 7 19 25 26 4 0 )
#( 0 2 5 17 20 1 0 )
#( 0 7 14 29 22 0 0 )
#( 0 18 28 32 22 1 0 )
#( 0 7 22 39 24 0 0 )
#( 2 13 17 27 35 2 0 )
#( 1 7 21 30 6 0 0 )
#( 1 6 20 21 37 2 0 )
#( 0 8 18 20 19 10 0 )
#( 0 3 18 17 29 5 0 )
#( 0 7 16 16 17 1 0 )
#( 0 5 14 19 9 0 0 )
#( 0 7 16 24 15 0 0 )
#( 0 5 18 24 15 0 0 )
#( 0 6 17 23 14 0 0 )
#( 0 6 22 18 20 0 0 )
#( 0 7 13 13 15 8 0 )
#( 0 4 19 13 19 12 0 )
#( 0 3 15 13 17 16 0 )
#( 0 5 17 16 21 0 0 )
#( 0 4 14 19 17 0 0 )
#( 0 7 16 25 15 0 0 )
#( 0 5 18 22 15 0 0 )
#( 0 5 20 20 18 0 0 )
#( 0 5 16 22 14 0 0 )
#( 0 2 14 21 13 0 0 )
#( 0 6 15 22 9 0 0 )
#( 0 7 12 9 22 3 0 )
#( 0 6 22 11 20 2 0 )
#( 0 5 19 25 20 1 0 )
#( 1 6 13 27 17 1 0 )
#( 0 2 20 16 24 2 0 )
#( 0 5 8 15 14 0 0 )
#( 0 3 14 22 12 0 0 )
#( 0 5 15 21 10 0 0 )
#( 0 6 15 16 15 0 0 )
#( 0 7 17 9 21 4 0 )
#( 0 0 0 11 22 0 0 )
#( 0 9 11 20 15 5 0 )
#( 0 8 16 20 23 3 0 )
#( 0 9 11 19 15 5 0 )
#( 0 7 13 19 23 2 0 )
#( 0 11 13 22 14 0 0 )
#( 0 8 16 15 27 7 0 )
#( 0 7 12 20 16 4 0 )
#( 0 7 15 13 17 7 0 )
#( 0 10 12 18 17 0 0 )
#( 0 8 14 21 20 4 0 )
#( 0 9 13 18 18 4 0 )
#( 0 8 14 21 20 4 0 )
#( 1 7 10 15 16 4 0 )
#( 0 8 19 16 12 1 0 )
#( 0 7 17 20 9 0 0 )
#( 0 8 21 16 13 1 0 )
#( 0 7 16 24 9 0 0 )
#( 0 7 15 29 34 2 0 )
#( 0 5 17 10 15 7 0 )
#( 0 9 15 29 34 0 0 )
#( 0 5 18 25 11 0 0 )
#( 1 3 2 3 2 0 0 )
#( 0 5 6 18 8 0 0 )
#( 0 6 18 10 11 0 0 )
#( 0 3 23 15 11 0 0 )
#( 0 6 18 15 12 0 0 )
#( 0 3 23 15 11 0 0 )
#( 0 8 7 33 10 2 0 )
#( 0 10 7 15 13 5 0 )
#( 0 6 14 7 12 4 0 )
#( 0 7 15 9 6 0 0 )
#( 0 5 19 13 12 2 0 )
#( 0 14 18 7 10 6 0 )
#( 0 6 15 17 23 2 0 )
#( 1 2 6 23 15 1 0 )
#( 4 8 20 20 33 2 0 )
#( 3 8 21 19 33 5 0 )
#( 0 7 23 19 27 5 0 )
#( 0 7 15 32 8 0 0 )
#( 4 8 20 22 4 0 0 )
#( 2 8 22 24 26 3 0 )
#( 3 8 21 22 4 0 0 )
#( 4 7 17 20 18 5 0 )
#( 0 2 2 3 4 1 0 )
#( 0 1 13 15 3 0 0 )
#( 0 10 22 17 26 4 0 )
#( 1 13 15 13 26 1 0 )
#( 0 9 19 21 30 1 0 )
#( 0 8 16 16 15 3 0 )
#( 0 3 15 9 33 9 0 )
#( 0 5 18 15 29 0 0 )
#( 0 3 14 10 29 12 0 )
#( 0 1 11 30 11 2 0 )
#( 0 7 8 11 25 3 0 )
#( 0 10 22 17 26 4 0 )
#( 1 13 15 13 26 1 0 )
#( 0 9 17 21 30 1 0 )
#( 0 9 16 15 12 3 0 )
#( 0 0 15 27 5 0 0 )
#( 0 4 14 27 12 0 0 )
#( 0 0 17 27 6 0 0 )
#( 0 0 8 24 12 4 0 )
#( 0 1 18 12 19 1 0 )
#( 0 0 12 17 25 2 0 )
#( 0 1 14 20 16 1 0 )
#( 0 5 20 19 20 0 0 )
#( 0 2 18 17 13 0 0 )
#( 8 17 17 17 11 0 0 )
#( 0 12 19 20 12 5 0 )
#( 0 8 22 22 14 0 0 )
#( 0 12 19 21 7 0 0 )
#( 1 10 15 27 22 0 0 )
#( 0 11 13 18 14 2 0 )
#( 0 11 16 16 23 4 0 )
#( 2 9 15 24 18 0 0 )
#( 0 6 18 20 26 1 0 )
#( 0 2 10 11 22 4 0 )
#( 0 8 16 23 16 0 0 )
#( 0 8 16 17 39 9 0 )
#( 0 8 16 25 15 0 0 )
#( 0 5 9 38 33 2 0 )
#( 0 9 19 10 11 0 0 )
#( 0 5 17 18 16 5 0 )
#( 0 5 19 12 14 0 0 )
#( 0 2 20 14 14 5 0 )
#( 1 12 13 8 17 12 0 )
#( 0 11 11 1 23 14 0 )
#( 0 18 7 21 9 7 0 )
#( 13 1 0 28 12 0 0 )
#( 0 4 13 6 26 0 0 )
#( 0 4 18 18 15 3 0 )
#( 0 6 18 13 16 2 0 )
#( 0 2 21 15 14 3 0 )
#( 2 6 7 5 10 2 0 )
#( 0 3 11 26 14 1 0 )
#( 0 8 12 29 20 0 0 )
#( 0 7 10 18 21 3 0 )
#( 0 8 12 29 20 0 0 )
#( 0 12 18 24 13 2 0 )
#( 0 1 14 29 7 0 0 )
#( 0 0 18 30 8 0 0 )
#( 0 0 13 33 4 0 0 )
#( 0 2 17 23 19 0 0 )
#( 0 7 11 21 14 0 0 )
#( 0 8 12 25 24 2 0 )
#( 0 7 10 22 17 1 0 )
#( 0 8 12 26 23 2 0 )
#( 0 7 23 21 12 0 0 )
#( 0 5 18 19 18 0 0 )
#( 1 2 14 18 19 0 0 )
#( 0 5 21 12 24 0 0 )
#( 1 6 14 17 14 3 0 )
#( 0 7 22 30 20 2 0 )
#( 0 5 23 31 22 1 0 )
#( 0 11 17 26 21 2 0 )
#( 2 9 15 20 18 0 0 )
#( 1 7 15 18 12 3 0 )
#( 0 5 22 13 29 11 0 )
#( 0 7 22 16 22 7 0 )
#( 0 5 19 12 31 13 0 )
#( 0 8 17 15 34 24 0 )
#( 0 6 13 30 40 2 0 )
#( 0 3 15 25 48 0 0 )
#( 0 7 14 32 38 0 0 )
#( 0 0 23 35 16 0 0 )
#( 0 8 17 18 21 3 0 )
#( 0 5 22 15 27 8 0 )
#( 0 7 22 14 24 10 0 )
#( 0 5 17 14 36 26 0 )
#( 0 6 14 15 31 10 0 )
#( 0 7 13 16 25 0 0 )
#( 0 2 13 19 19 6 0 )
#( 0 11 14 14 26 0 0 )
#( 1 5 14 21 20 3 0 )
#( 0 3 17 31 14 1 0 )
#( 0 5 21 27 17 0 0 )
#( 0 3 19 25 14 3 0 )
#( 0 8 18 28 15 0 0 )
#( 0 7 12 29 17 2 0 )
#( 0 14 30 20 1 0 0 )
#( 1 9 19 20 17 0 0 )
#( 1 11 18 21 18 1 0 )
#( 2 8 20 19 29 5 0 )
#( 1 13 25 24 32 0 0 )
#( 1 8 20 17 31 5 0 )
#( 0 7 24 26 28 0 0 )
#( 0 5 23 16 38 5 0 )
#( 0 11 22 20 24 4 0 )
#( 1 11 20 22 12 0 0 )
#( 1 9 17 20 18 0 0 )
#( 1 11 20 21 17 1 0 )
#( 2 8 22 15 49 5 0 )
#( 0 13 24 20 27 0 0 )
#( 0 7 21 16 39 0 0 )
#( 0 12 24 7 35 1 0 )
#( 1 9 15 22 30 1 0 )
#( 1 8 21 24 5 0 0 )
#( 0 17 19 7 16 0 0 )
#( 1 10 14 29 0 0 0 )
#( 0 10 18 17 0 0 0 )
#( 0 12 22 17 24 0 0 )
#( 0 7 21 16 39 0 0 )
#( 0 12 24 7 35 1 0 )
#( 1 9 15 22 30 1 0 )
#( 1 10 9 13 8 1 0 )
#( 0 1 14 24 11 0 0 )
#( 0 4 22 29 21 0 0 )
#( 0 2 18 32 17 0 0 )
#( 0 5 21 29 22 0 0 )
#( 0 6 24 25 25 4 0 )
#( 0 7 15 20 27 1 0 )
#( 0 3 11 16 33 9 0 )
#( 0 6 16 20 33 1 0 )
#( 0 4 15 24 12 2 0 )
#( 0 5 23 24 11 0 0 )
#( 0 5 21 29 22 0 0 )
#( 0 1 18 32 16 0 0 )
#( 0 8 20 25 36 4 0 )
#( 0 7 14 34 34 6 0 )
#( 1 11 14 33 38 9 0 )
#( 0 7 14 36 39 13 0 )
#( 0 4 10 21 24 15 0 )
#( 3 9 21 34 16 0 0 )
#( 0 14 26 23 49 4 0 )
#( 2 11 16 26 41 0 0 )
#( 1 14 29 29 35 2 0 )
#( 3 12 18 24 1 0 0 )
#( 0 8 18 18 10 4 0 )
#( 3 14 14 24 5 0 0 )
#( 0 0 3 39 25 18 0 )
#( 0 0 32 29 27 3 0 )
#( 0 12 20 23 17 6 0 )
#( 0 16 26 13 28 4 0 )
#( 0 14 26 9 28 7 0 )
#( 0 10 21 7 36 10 0 )
#( 0 8 18 13 15 1 0 )
#( 0 11 19 31 9 3 0 )
#( 3 8 9 30 14 8 0 )
#( 0 0 16 32 29 13 0 )
#( 0 3 19 22 12 0 0 )
#( 2 9 21 27 32 8 0 )
#( 0 10 17 37 26 0 0 )
#( 0 8 23 25 36 13 0 )
#( 2 15 19 15 18 6 0 )
#( 1 9 15 16 39 12 0 )
#( 1 10 15 20 47 6 0 )
#( 1 8 14 15 41 12 0 )
#( 1 9 20 25 29 0 0 )
#( 0 5 5 7 8 2 0 )
#( 2 9 19 16 22 0 0 )
#( 0 12 20 20 34 4 0 )
#( 0 3 17 19 18 0 0 )
#( 0 3 17 23 28 0 0 )
#( 1 5 14 19 18 0 0 )
#( 0 4 14 21 20 0 0 )
#( 0 4 16 8 35 21 0 )
#( 0 1 19 17 9 2 0 )
#( 0 4 18 8 37 21 0 )
#( 0 3 14 23 14 2 0 )
#( 0 4 16 8 35 21 0 )
#( 0 1 19 17 9 2 0 )
#( 0 1 19 17 9 2 0 )
#( 0 3 17 23 17 6 0 )
#( 0 3 15 14 7 0 0 )
#( 0 1 18 18 4 0 0 )
#( 0 3 18 16 4 0 0 )
#( 0 1 18 21 5 0 0 )
#( 0 3 16 13 3 0 0 )
#( 0 1 17 14 5 0 0 )
#( 0 1 15 14 11 2 0 )
#( 0 1 10 13 12 1 0 )
#( 0 3 13 19 6 1 0 )
#( 0 1 17 14 5 0 0 )
#( 0 1 15 14 11 2 0 )
#( 0 1 12 12 15 1 0 )
#( 1 8 14 16 25 1 0 )
#( 1 4 18 12 11 0 0 )
#( 0 4 24 16 2 0 0 )
#( 0 4 24 13 9 0 0 )
#( 0 1 23 4 19 0 0 )
#( 0 3 17 12 10 0 0 )
#( 0 1 15 13 9 0 0 )
#( 0 2 14 17 13 0 0 )
#( 0 1 14 13 10 0 0 )
#( 0 3 7 9 9 5 0 )
#( 0 0 12 16 20 0 0 )
#( 0 0 12 16 16 3 0 )
#( 0 1 13 18 20 0 0 )
#( 2 6 10 11 18 4 0 )
#( 0 3 3 4 9 0 0 )
#( 0 1 18 23 8 0 0 )
#( 0 12 18 36 20 0 0 )
#( 3 14 11 34 23 0 0 )
#( 0 10 16 37 16 0 0 )
#( 0 15 16 26 11 0 0 )
#( 0 11 31 25 41 4 0 )
#( 0 6 16 31 28 0 0 )
#( 0 10 30 22 39 4 0 )
#( 0 7 25 7 25 4 0 )
#( 0 10 15 34 18 0 0 )
#( 3 16 15 36 26 0 0 )
#( 0 10 14 35 17 0 0 )
#( 0 15 16 30 11 0 0 )
#( 1 8 16 28 27 2 0 )
#( 0 12 18 11 31 4 0 )
#( 3 10 13 25 34 2 0 )
#( 3 8 17 18 18 3 0 )
#( 0 11 22 23 19 2 0 )
#( 2 13 17 18 23 2 0 )
#( 1 10 19 22 26 2 0 )
#( 1 5 16 23 15 0 0 )
#( 0 9 20 14 7 1 0 )
#( 0 7 17 10 12 4 0 )
#( 0 1 19 28 12 0 0 )
#( 2 11 17 27 18 0 0 )
#( 2 14 20 28 16 0 0 )
#( 0 8 24 19 23 0 0 )
#( 0 9 23 30 29 0 0 )
#( 0 9 23 18 41 2 0 )
#( 2 8 21 23 14 0 0 )
#( 2 11 16 18 14 2 0 )
#( 0 5 23 23 14 2 0 )
#( 2 6 13 27 16 0 0 )
#( 2 14 20 29 16 0 0 )
#( 1 9 16 20 22 0 0 )
#( 1 7 14 19 37 0 0 )
#( 0 8 18 26 32 0 0 )
#( 0 7 14 28 22 0 0 )
#( 1 9 18 28 16 0 0 )
#( 0 11 23 5 29 0 0 )
#( 0 8 22 9 33 1 0 )
#( 0 11 21 5 29 0 0 )
#( 0 10 22 8 25 1 0 )
#( 1 3 2 3 2 0 0 )
#( 0 3 13 30 17 1 0 )
#( 0 8 18 15 32 1 0 )
#( 0 9 17 16 23 1 0 )
#( 0 6 18 19 31 1 0 )
#( 0 8 12 24 12 0 0 )
#( 0 4 19 30 19 0 0 )
#( 0 7 14 23 17 1 0 )
#( 0 5 22 24 11 0 0 )
#( 0 6 16 22 18 0 0 )
#( 0 6 19 24 16 0 0 )
#( 0 8 18 15 32 1 0 )
#( 0 9 17 16 23 1 0 )
#( 0 6 18 20 32 1 0 )
#( 0 7 11 22 10 0 0 )
#( 0 6 12 21 18 1 0 )
#( 0 8 16 19 21 1 0 )
#( 0 10 19 12 26 1 0 )
#( 0 7 16 14 34 0 0 )
#( 0 12 16 11 25 7 0 )
#( 0 12 16 8 27 9 0 )
#( 0 12 16 8 29 11 0 )
#( 0 10 17 11 34 5 0 )
#( 0 10 14 14 29 2 0 )
#( 0 1 17 19 3 0 0 )
#( 0 7 17 37 3 0 0 )
#( 0 8 19 16 20 6 0 )
#( 0 12 20 25 28 0 0 )
#( 0 11 21 28 26 0 0 )
#( 0 7 15 24 8 0 0 )
#( 1 10 18 22 12 1 0 )
#( 0 9 20 28 7 0 0 )
#( 1 10 18 22 12 1 0 )
#( 1 9 18 25 13 0 0 )
#( 1 7 12 28 28 0 0 )
#( 2 7 25 32 4 0 0 )
#( 2 9 20 22 28 0 0 )
#( 3 13 15 17 32 0 0 )
#( 0 5 19 33 11 0 0 )
#( 0 8 23 19 18 0 0 )
#( 0 9 23 11 22 5 0 )
#( 0 0 16 20 8 0 0 )
#( 1 6 13 20 29 6 0 )
#( 1 5 10 18 36 9 0 )
#( 1 11 19 31 27 1 0 )
#( 0 7 17 37 3 0 0 )
#( 0 8 19 16 20 6 0 )
#( 0 12 20 25 28 0 0 )
#( 0 11 21 28 26 0 0 )
#( 0 2 6 12 35 3 0 )
#( 0 2 5 38 12 0 0 )
#( 1 2 1 3 5 0 0 )
#( 0 5 14 19 8 0 0 )
#( 0 6 15 22 14 1 0 )
#( 0 10 21 12 35 0 0 )
#( 0 6 15 22 14 1 0 )
#( 0 7 23 16 16 1 0 )
#( 0 6 17 8 19 17 0 )
#( 0 6 26 12 18 6 0 )
#( 0 8 15 6 20 18 0 )
#( 0 7 21 7 15 4 0 )
#( 1 7 10 7 15 8 0 )
#( 0 5 16 9 20 6 0 )
#( 1 3 14 11 18 7 0 )
#( 0 7 14 11 20 6 0 )
#( 0 9 11 19 14 5 0 )
#( 0 11 12 4 6 0 0 )
#( 0 12 10 4 5 0 0 )
#( 0 5 15 4 17 1 0 )
#( 1 7 10 4 25 2 0 )
#( 0 7 14 12 20 4 0 )
#( 1 1 16 8 18 9 0 )
#( 0 7 14 12 20 4 0 )
#( 0 7 10 16 15 8 0 )
#( 0 1 1 2 4 2 0 )
#( 0 7 19 21 9 0 0 )
#( 1 9 14 17 11 0 0 )
#( 0 0 1 34 28 15 0 )
#( 0 0 32 32 23 1 0 )
#( 0 7 23 22 16 5 0 )
#( 0 10 22 20 24 0 0 )
#( 0 9 22 14 27 5 0 )
#( 0 11 21 20 16 0 0 )
#( 0 10 22 29 11 0 0 )
#( 0 9 21 26 14 0 0 )
#( 1 4 6 23 11 7 0 )
#( 0 0 16 28 36 9 0 )
#( 0 2 25 39 21 0 0 )
#( 0 10 16 27 33 0 0 )
#( 1 10 15 24 37 0 0 )
#( 0 6 16 20 37 6 0 )
#( 0 5 18 29 26 1 0 )
#( 0 6 17 23 23 2 0 )
#( 0 10 21 22 21 0 0 )
#( 0 5 18 26 24 2 0 )
#( 1 13 17 36 6 0 0 )
#( 1 3 2 4 5 0 0 )
#( 0 0 13 43 4 0 0 )
#( 0 2 23 14 30 3 0 )
#( 1 6 17 14 35 5 0 )
#( 0 6 18 5 29 11 0 )
#( 0 8 19 23 20 1 0 )
#( 0 6 15 12 33 9 0 )
#( 0 6 18 9 37 8 0 )
#( 0 6 15 12 33 8 0 )
#( 0 3 17 28 23 0 0 )
#( 0 2 16 18 24 2 0 )
#( 0 3 24 12 30 3 0 )
#( 0 5 20 12 35 5 0 )
#( 0 9 17 16 19 9 0 )
#( 0 9 15 23 36 1 0 )
#( 0 6 22 25 30 0 0 )
#( 0 7 20 22 37 0 0 )
#( 0 12 17 16 40 0 0 )
#( 0 5 17 16 27 2 0 )
#( 0 4 11 12 19 2 0 )
#( 0 0 28 21 17 0 0 )
#( 0 2 17 24 9 1 0 )
#( 0 0 28 17 17 0 0 )
#( 0 0 9 29 20 0 0 )
#( 0 2 23 14 30 3 0 )
#( 1 6 17 14 35 5 0 )
#( 0 6 18 5 30 11 0 )
#( 0 8 18 17 22 1 0 )
#( 0 2 7 2 16 1 0 )
#( 0 4 6 27 20 2 0 )
#( 1 7 21 17 25 0 0 )
#( 0 10 18 20 17 2 0 )
#( 1 7 21 18 24 0 0 )
#( 0 9 19 31 6 0 0 )
#( 0 6 19 22 18 3 0 )
#( 0 2 22 24 25 4 0 )
#( 0 5 22 22 24 3 0 )
#( 0 9 20 8 40 26 0 )
#( 3 13 15 17 22 2 0 )
#( 2 12 21 30 37 6 0 )
#( 3 13 18 24 27 6 0 )
#( 2 10 17 23 43 14 0 )
#( 2 10 19 17 19 3 0 )
#( 3 8 21 23 24 2 0 )
#( 3 9 20 9 26 5 0 )
#( 2 5 19 28 25 1 0 )
#( 2 10 16 29 21 1 0 )
#( 0 2 20 20 20 18 0 )
#( 0 2 11 21 21 6 0 )
#( 0 1 16 9 31 10 0 )
#( 0 1 18 6 36 8 0 )
#( 0 1 18 9 29 10 0 )
#( 0 9 14 21 26 4 0 )
#( 1 2 9 12 35 0 0 )
#( 0 0 16 31 14 0 0 )
#( 0 0 16 17 32 0 0 )
#( 0 2 13 42 9 0 0 )
#( 1 4 15 12 25 0 0 )
#( 0 2 18 21 26 1 0 )
#( 0 2 14 15 28 0 0 )
#( 0 3 13 25 22 5 0 )
#( 0 2 10 23 23 7 0 )
#( 0 2 15 10 30 10 0 )
#( 0 2 17 7 31 8 0 )
#( 0 0 17 8 36 10 0 )
#( 0 8 18 20 25 4 0 )
#( 0 4 16 18 19 2 0 )
#( 0 4 19 18 22 0 0 )
#( 0 4 13 27 25 7 0 )
#( 0 7 15 33 18 0 0 )
#( 0 7 16 27 11 0 0 )
#( 0 8 20 22 15 0 0 )
#( 0 8 20 27 12 0 0 )
#( 0 6 21 27 10 0 0 )
#( 0 3 4 8 0 0 0 )
#( 0 2 22 21 0 0 0 )
#( 0 6 18 20 18 1 0 )
#( 0 9 11 17 17 0 0 )
#( 0 5 18 21 21 2 0 )
#( 0 10 18 17 19 0 0 )
#( 0 4 18 21 28 2 0 )
#( 0 5 21 11 22 1 0 )
#( 0 5 20 19 34 2 0 )
#( 0 5 22 23 8 0 0 )
#( 0 4 8 15 8 1 0 )
#( 0 9 13 18 22 4 0 )
#( 0 5 12 12 30 7 0 )
#( 0 9 13 18 21 5 0 )
#( 0 6 14 24 8 0 0 )
#( 0 4 16 19 7 0 0 )
#( 0 6 18 20 18 1 0 )
#( 0 9 11 18 17 0 0 )
#( 0 5 18 21 21 2 0 )
#( 0 10 18 17 19 0 0 )
#( 1 3 2 3 3 0 0 )
#( 0 3 17 19 6 0 0 )
#( 0 6 24 27 15 1 0 )
#( 0 8 23 21 15 0 0 )
#( 0 6 24 34 8 0 0 )
#( 0 6 19 42 7 0 0 )
#( 0 9 23 23 18 3 0 )
#( 0 13 25 31 21 3 0 )
#( 0 3 25 36 8 3 0 )
#( 0 11 23 29 26 0 0 )
#( 0 9 21 17 12 0 0 )
#( 0 7 25 26 16 0 0 )
#( 0 7 22 22 15 0 0 )
#( 0 2 23 45 5 0 0 )
#( 0 7 21 24 4 0 0 )
#( 0 6 47 17 3 0 0 )
#( 0 4 43 25 4 0 0 )
#( 0 0 38 29 5 0 0 )
#( 0 2 16 36 6 0 0 )
#( 0 6 16 19 31 0 0 )
#( 0 5 24 21 18 0 0 )
#( 0 5 16 19 31 0 0 )
#( 0 1 17 26 15 0 0 )
#( 0 2 4 2 4 1 0 )
#( 0 5 15 9 15 0 0 )
#( 0 4 20 32 13 0 0 )
#( 0 2 18 27 20 0 0 )
#( 0 4 15 29 13 3 0 )
#( 0 3 17 27 31 0 0 )
#( 0 7 15 14 20 3 0 )
#( 0 6 17 9 24 11 0 )
#( 0 6 16 13 25 5 0 )
#( 0 14 16 27 27 0 0 )
#( 1 7 17 24 7 0 0 )
#( 0 4 20 31 13 0 0 )
#( 0 2 17 28 20 0 0 )
#( 0 5 12 22 27 3 0 )
#( 0 8 17 31 19 0 0 )
#( 4 12 16 44 10 0 0 )
#( 0 10 22 32 21 0 0 )
#( 4 12 17 45 9 0 0 )
#( 2 15 13 13 5 0 0 )
#( 0 8 22 12 19 0 0 )
#( 0 9 19 10 26 8 0 )
#( 0 8 22 12 19 0 0 )
#( 0 10 14 19 20 0 0 )
#( 1 3 2 3 2 0 0 )
#( 0 1 21 21 1 0 0 )
#( 0 7 15 13 29 1 0 )
#( 0 10 19 17 28 1 0 )
#( 0 7 15 13 29 1 0 )
#( 0 9 19 18 21 1 0 )
#( 0 7 17 27 23 0 0 )
#( 0 8 24 21 29 10 0 )
#( 0 5 21 27 29 1 0 )
#( 0 10 22 32 27 0 0 )
#( 0 8 14 13 24 3 0 )
#( 0 7 19 15 27 1 0 )
#( 0 10 15 15 30 1 0 )
#( 0 7 18 15 27 1 0 )
#( 0 11 18 26 11 1 0 )
#( 0 13 19 38 3 0 0 )
#( 0 4 20 30 23 0 0 )
#( 0 17 12 37 3 0 0 )
#( 2 13 13 28 11 0 0 )
#( 0 2 13 20 40 0 0 )
#( 3 7 20 18 37 2 0 )
#( 0 2 13 20 40 0 0 )
#( 1 7 13 18 42 0 0 )
#( 0 3 1 2 4 1 0 )
#( 0 3 18 18 2 0 0 )
#( 0 7 20 9 22 5 0 )
#( 0 7 17 9 25 7 0 )
#( 0 7 20 11 19 5 0 )
#( 0 8 14 29 5 0 0 )
#( 0 7 15 14 3 1 0 )
#( 0 8 22 17 16 0 0 )
#( 1 9 16 18 14 2 0 )
#( 0 7 25 21 13 0 0 )
#( 0 3 20 22 5 0 0 )
#( 0 1 22 22 17 0 0 )
#( 0 3 19 18 22 0 0 )
#( 0 5 20 19 22 0 0 )
#( 0 8 14 20 10 0 0 )
#( 0 2 18 27 18 0 0 )
#( 0 5 14 17 14 0 0 )
#( 0 2 18 27 18 0 0 )
#( 0 5 16 19 12 0 0 )
#( 0 3 20 21 30 7 0 )
#( 0 4 20 12 26 2 0 )
#( 0 3 18 20 36 7 0 )
#( 0 6 20 12 24 2 0 )
#( 0 2 11 3 7 2 0 )
#( 0 1 17 23 4 0 0 )
#( 0 7 23 22 10 0 0 )
#( 0 8 19 22 14 0 0 )
#( 0 7 20 21 12 0 0 )
#( 0 3 19 17 10 0 0 )
#( 0 3 22 16 20 3 0 )
#( 0 5 20 10 17 4 0 )
#( 0 9 15 17 17 1 0 )
#( 0 5 25 4 16 7 0 )
#( 0 4 12 12 8 0 0 )
#( 0 3 21 21 4 0 0 )
#( 0 3 21 17 3 0 0 )
#( 0 2 21 17 3 0 0 )
#( 0 5 18 12 2 0 0 )
#( 0 2 24 24 3 0 0 )
#( 0 9 9 12 9 0 0 )
#( 0 4 19 13 15 1 0 )
#( 0 2 21 11 6 0 0 )
#( 0 1 21 19 3 0 0 )
#( 0 8 20 18 8 0 0 )
#( 0 7 24 24 14 0 0 )
#( 0 8 18 20 10 0 0 )
#( 0 4 23 17 14 0 0 )
#( 0 1 5 8 1 0 0 )
#( 1 1 19 31 6 0 0 )
#( 0 2 17 41 11 0 0 )
#( 0 4 24 40 10 0 0 )
#( 0 2 17 40 13 0 0 )
#( 0 8 17 27 40 3 0 )
#( 0 3 16 20 34 2 0 )
#( 0 6 14 30 40 5 0 )
#( 0 3 16 25 40 1 0 )
#( 1 8 17 16 25 6 0 )
#( 0 2 14 34 13 0 0 )
#( 0 4 22 48 6 0 0 )
#( 0 2 19 34 15 0 0 )
#( 0 8 17 31 30 0 0 )
#( 0 2 19 38 30 3 0 )
#( 0 8 28 44 8 0 0 )
#( 0 4 24 45 18 0 0 )
#( 0 13 17 40 0 0 0 )
#( 0 7 15 16 19 8 0 )
#( 0 11 16 9 32 28 0 )
#( 0 9 16 11 34 28 0 )
#( 0 12 16 8 34 23 0 )
#( 0 8 13 15 32 3 0 )
#( 0 4 16 16 4 0 0 )
#( 0 12 19 10 23 2 0 )
#( 0 9 18 19 24 1 0 )
#( 0 12 21 11 20 3 0 )
#( 0 12 22 20 27 0 0 )
#( 0 7 16 24 16 0 0 )
#( 0 8 24 38 17 0 0 )
#( 0 6 15 23 18 0 0 )
#( 0 6 15 25 26 0 0 )
#( 0 12 15 18 17 0 0 )
#( 0 12 19 9 23 2 0 )
#( 0 9 18 19 24 1 0 )
#( 0 12 21 9 24 3 0 )
#( 0 9 19 21 30 6 0 )
#( 1 7 22 11 35 14 0 )
#( 1 10 18 8 41 19 0 )
#( 0 4 19 6 30 14 0 )
#( 0 10 19 18 35 1 0 )
#( 3 11 20 12 37 1 0 )
#( 5 8 15 21 36 9 0 )
#( 4 12 20 10 39 1 0 )
#( 5 9 14 19 34 9 0 )
#( 0 8 6 8 6 1 0 )
#( 0 0 6 16 14 1 0 )
#( 0 2 20 23 27 0 0 )
#( 0 0 23 19 20 4 0 )
#( 0 2 20 24 26 0 0 )
#( 0 1 19 10 33 11 0 )
#( 0 12 14 20 30 1 0 )
#( 0 12 16 27 31 0 0 )
#( 0 7 18 21 31 0 0 )
#( 0 13 9 19 27 7 0 )
#( 0 2 23 14 23 0 0 )
#( 0 0 22 20 25 2 0 )
#( 0 2 21 22 22 2 0 )
#( 0 0 15 19 32 8 0 )
#( 0 5 24 20 20 4 0 )
#( 0 4 25 29 17 0 0 )
#( 0 7 21 32 12 0 0 )
#( 0 4 16 38 11 0 0 )
#( 0 7 13 18 18 0 0 )
#( 0 15 7 23 31 0 0 )
#( 0 16 7 31 21 0 0 )
#( 0 10 10 15 39 0 0 )
#( 0 3 8 30 18 0 0 )
#( 0 0 13 19 6 0 0 )
#( 0 5 16 18 23 2 0 )
#( 0 5 16 19 35 2 0 )
#( 0 7 16 19 23 3 0 )
#( 0 7 16 18 23 10 0 )
#( 0 3 16 26 21 0 0 )
#( 0 0 16 36 15 2 0 )
#( 0 0 16 23 24 7 0 )
#( 0 3 15 23 19 0 0 )
#( 0 4 16 26 18 0 0 )
#( 0 7 18 20 25 3 0 )
#( 0 5 16 18 33 2 0 )
#( 0 9 16 15 25 8 0 )
#( 0 4 16 23 21 4 0 )
#( 0 5 17 26 8 0 0 )
#( 0 6 18 16 16 0 0 )
#( 0 7 17 26 9 0 0 )
#( 0 5 19 22 18 0 0 )
#( 0 7 18 23 28 0 0 )
#( 0 8 19 24 23 2 0 )
#( 0 7 18 23 28 0 0 )
#( 1 9 15 24 12 0 0 )
#( 0 0 4 17 15 11 0 )
#( 0 1 6 16 14 7 0 )
#( 0 5 10 24 13 0 0 )
#( 0 8 11 14 12 0 0 )
#( 0 4 8 12 25 7 0 )
#( 0 0 4 17 15 11 0 )
#( 0 2 14 16 18 0 0 )
#( 0 2 21 16 27 6 0 )
#( 0 2 22 14 24 7 0 )
#( 0 9 19 21 16 4 0 )
#( 0 1 16 25 18 1 0 )
#( 0 0 10 17 15 6 0 )
#( 0 6 10 19 9 1 0 )
#( 0 2 9 26 17 0 0 )
#( 0 0 10 21 10 0 0 )
#( 0 2 11 22 9 2 0 )
#( 0 0 10 17 15 6 0 )
#( 0 11 14 20 20 0 0 )
#( 0 9 15 20 19 0 0 )
#( 0 2 10 20 10 0 0 )
#( 0 0 14 29 19 0 0 )
#( 0 3 5 10 7 1 0 )
#( 0 4 17 13 11 7 0 )
#( 0 4 19 15 5 5 0 )
#( 0 0 0 38 24 29 0 )
#( 0 1 32 35 27 2 0 )
#( 0 8 19 17 19 1 0 )
#( 0 6 24 16 23 22 0 )
#( 0 6 24 23 27 11 0 )
#( 0 5 26 24 21 13 0 )
#( 0 8 24 25 10 0 0 )
#( 0 4 22 16 14 12 0 )
#( 0 3 13 14 7 6 0 )
#( 0 0 3 50 25 25 0 )
#( 0 3 31 23 25 0 0 )
#( 3 8 13 16 34 5 0 )
#( 3 9 13 14 34 5 0 )
#( 0 8 16 16 24 13 0 )
#( 1 9 17 16 21 3 0 )
#( 3 11 16 20 26 3 0 )
#( 0 10 20 24 27 4 0 )
#( 1 10 21 22 29 4 0 )
#( 0 2 26 32 19 1 0 )
#( 1 7 14 17 7 0 0 )
#( 0 4 17 19 6 0 0 )
#( 1 7 17 29 23 0 0 )
#( 1 6 18 28 24 0 0 )
#( 1 4 17 35 23 0 0 )
#( 1 12 25 22 13 0 0 )
#( 1 14 16 19 17 0 0 )
#( 0 7 15 25 36 4 0 )
#( 0 7 17 24 28 1 0 )
#( 0 8 21 28 26 0 0 )
#( 1 10 22 18 14 0 0 )
#( 1 7 17 29 23 0 0 )
#( 1 6 18 28 24 0 0 )
#( 0 3 18 39 22 0 0 )
#( 4 13 19 24 13 0 0 )
#( 6 14 11 24 10 0 0 )
#( 1 7 7 22 34 12 0 )
#( 5 8 10 24 21 5 0 )
#( 1 9 12 20 37 9 0 )
#( 4 6 11 23 19 1 0 )
#( 0 5 12 19 27 15 0 )
#( 1 4 11 20 24 10 0 )
#( 0 5 13 20 31 14 0 )
#( 1 7 14 24 29 4 0 )
#( 0 2 3 2 4 1 0 )
#( 0 0 14 18 9 0 0 )
#( 0 4 23 24 15 0 0 )
#( 0 10 18 16 23 1 0 )
#( 0 4 27 21 15 0 0 )
#( 0 6 18 30 9 0 0 )
#( 0 3 18 29 9 0 0 )
#( 3 13 19 21 7 0 0 )
#( 0 4 21 24 13 0 0 )
#( 0 7 22 27 10 0 0 )
#( 0 5 15 15 20 0 0 )
#( 0 6 28 29 6 0 0 )
#( 0 8 17 9 32 1 0 )
#( 0 6 28 28 6 0 0 )
#( 0 3 19 31 21 0 0 )
#( 0 4 20 36 12 0 0 )
#( 0 4 22 26 23 0 0 )
#( 0 8 18 25 22 2 0 )
#( 2 10 17 16 23 2 0 )
#( 0 10 17 29 13 0 0 )
#( 0 8 18 26 16 0 0 )
#( 0 14 16 22 15 0 0 )
#( 1 9 19 29 14 0 0 )
#( 0 1 15 17 2 0 0 )
#( 0 0 15 37 17 0 0 )
#( 0 10 17 28 37 1 0 )
#( 0 0 14 36 17 0 0 )
#( 0 5 20 23 41 17 0 )
#( 1 8 15 17 34 6 0 )
#( 0 11 19 14 39 4 0 )
#( 1 11 16 16 36 4 0 )
#( 0 6 16 23 24 0 0 )
#( 0 10 18 46 12 1 0 )
#( 2 13 20 55 11 0 0 )
#( 0 10 18 53 5 0 0 )
#( 0 10 21 38 31 0 0 )
#( 0 12 18 17 32 6 0 )
#( 0 6 16 16 37 16 0 )
#( 0 9 18 12 33 17 0 )
#( 0 6 16 16 37 16 0 )
#( 0 8 15 12 29 12 0 )
#( 0 0 9 24 12 0 0 )
#( 0 5 26 38 8 0 0 )
#( 0 8 18 16 25 0 0 )
#( 0 5 23 38 8 0 0 )
#( 0 1 24 14 19 0 0 )
#( 0 8 24 18 30 5 0 )
#( 1 13 16 28 32 0 0 )
#( 0 9 25 19 35 3 0 )
#( 0 13 17 32 18 0 0 )
#( 0 8 22 27 12 3 0 )
#( 0 5 22 26 18 0 0 )
#( 0 8 19 28 15 0 0 )
#( 0 2 24 25 15 0 0 )
#( 0 4 18 21 19 0 0 )
#( 0 9 16 23 29 0 0 )
#( 0 6 20 19 20 0 0 )
#( 0 9 16 23 28 0 0 )
#( 0 6 9 25 11 0 0 )
#( 0 5 17 14 37 2 0 )
#( 0 11 20 13 33 0 0 )
#( 0 8 16 17 31 0 0 )
#( 0 6 11 21 19 1 0 )
#( 0 6 20 18 2 0 0 )
#( 0 8 16 19 29 0 0 )
#( 0 7 15 21 22 0 0 )
#( 0 7 16 13 35 4 0 )
#( 0 11 19 20 31 0 0 )
#( 1 9 20 35 7 0 0 )
#( 0 9 23 11 25 0 0 )
#( 0 6 23 30 20 0 0 )
#( 0 1 11 22 13 1 0 )
#( 0 10 14 40 13 0 0 )
#( 0 8 16 18 30 0 0 )
#( 0 7 16 22 21 0 0 )
#( 0 7 19 10 48 4 0 )
#( 1 6 9 25 18 0 0 )
#( 0 7 14 20 27 1 0 )
#( 0 4 16 21 23 1 0 )
#( 0 4 14 28 22 0 0 )
#( 0 6 16 19 22 1 0 )
#( 2 12 9 21 18 0 0 )
#( 0 8 18 30 33 5 0 )
#( 0 3 16 23 31 0 0 )
#( 0 9 18 25 33 5 0 )
#( 1 8 14 24 18 0 0 )
#( 1 6 3 7 8 1 0 )
