23
;
#(65 77 41 60 12 19 36 )
#(70 89 39 63 19 24 50 )
#(70 89 41 64 19 23 48 )
#(63 89 39 63 26 24 50 )
#(62 79 40 63 17 23 39 )
#(62 86 38 62 24 24 48 )
#(67 82 38 63 15 25 44 )
#(66 86 33 62 20 29 53 )
#(67 82 38 62 15 24 44 )
#(65 79 38 63 14 25 41 )
#(65 79 46 63 14 17 33 )
#(65 82 43 63 17 20 39 )
#(67 82 39 63 15 24 43 )
#(62 82 40 62 20 22 42 )
#(67 79 46 65 12 19 33 )
#(65 79 41 63 14 22 38 )
#(67 79 46 65 12 19 33 )
#(62 79 41 62 17 21 38 )
#(63 86 46 63 23 17 40 )
#(67 84 46 63 17 17 38 )
#(67 86 46 63 19 17 40 )
#(67 84 41 65 17 24 43 )
#(70 87 39 63 17 24 48 )
