23
;
#( 0 3 18 18 2 0 0 )
#( 0 7 20 9 22 5 0 )
#( 0 7 17 9 25 7 0 )
#( 0 7 20 11 19 5 0 )
#( 0 8 14 29 5 0 0 )
#( 0 7 15 14 3 1 0 )
#( 0 8 22 17 16 0 0 )
#( 1 9 16 18 14 2 0 )
#( 0 7 25 21 13 0 0 )
#( 0 3 20 22 5 0 0 )
#( 0 1 22 22 17 0 0 )
#( 0 3 19 18 22 0 0 )
#( 0 5 20 19 22 0 0 )
#( 0 8 14 20 10 0 0 )
#( 0 2 18 27 18 0 0 )
#( 0 5 14 17 14 0 0 )
#( 0 2 18 27 18 0 0 )
#( 0 5 16 19 12 0 0 )
#( 0 3 20 21 30 7 0 )
#( 0 4 20 12 26 2 0 )
#( 0 3 18 20 36 7 0 )
#( 0 6 20 12 24 2 0 )
#( 0 2 11 3 7 2 0 )
