23
;
#(0.8125 0.8438 0.875 0.1875 0.1563 0.125 L )
#(0.9375 1.0 1.0 0.0625 0.0 0.0 L )
#(0.9375 1.0 1.0 0.0625 0.0 0.0 L )
#(0.9375 1.0 1.0 0.0625 0.0 0.0 L )
#(0.9375 1.0 1.0 0.0625 0.0 0.0 L )
#(0.6875 0.75 0.75 0.0625 0.0 0.0 L )
#(1.0 1.0 1.0 0.0 0.0 0.0 B )
#(0.9375 1.0 1.0 0.0625 0.0 0.0 L )
#(1.0 1.0 1.0 0.0 0.0 0.0 B )
#(1.0 1.0 1.0 0.0 0.0 0.0 B )
#(1.0 1.0 1.0 0.0 0.0 0.0 B )
#(1.0 1.0 1.0 0.0 0.0 0.0 B )
#(1.0 1.0 1.0 0.0 0.0 0.0 B )
#(0.9375 0.75 0.9375 0.0625 0.25 0.0625 R )
#(1.0 1.0 1.0 0.0 0.0 0.0 B )
#(1.0 1.0 1.0 0.0 0.0 0.0 B )
#(1.0 1.0 1.0 0.0 0.0 0.0 B )
#(1.0 1.0 1.0 0.0 0.0 0.0 B )
#(1.0 1.0 1.0 0.0 0.0 0.0 B )
#(1.0 1.0 1.0 0.0 0.0 0.0 B )
#(1.0 1.0 1.0 0.0 0.0 0.0 B )
#(1.0 1.0 1.0 0.0 0.0 0.0 B )
#(0.875 0.875 0.875 0.125 0.125 0.125 B )
