18
;
#(6 1 9 0 2 7 3 14 4 8 1 4)
#(12 0 7 0 14 10 0 16 0 2 2 8)
#(13 0 12 2 6 6 5 9 0 11 0 3)
#(11 0 8 0 15 10 0 17 0 2 1 7)
#(20 0 1 3 6 4 4 11 4 8 0 4)
#(15 2 8 0 8 12 0 12 0 4 0 7)
#(13 0 5 2 22 5 1 9 9 7 0 4)
#(15 2 8 0 8 12 0 13 0 8 2 8)
#(11 2 6 4 26 21 1 22 3 3 2 2)
#(19 0 10 0 8 5 0 11 0 7 12 0)
#(15 0 7 0 23 8 2 25 0 10 0 18)
#(7 0 8 4 11 12 2 11 0 20 0 16)
#(7 5 9 2 10 12 4 16 6 25 8 5)
#(9 2 5 0 9 7 0 24 0 6 0 8)
#(14 0 7 2 13 10 1 20 0 5 0 9)
#(12 2 8 0 10 7 0 20 0 3 0 10)
#(17 0 4 0 13 14 0 18 3 5 2 4)
#(14 4 6 2 21 11 0 19 0 0 0 2)
