#( 0 2 22 25 4 0 0 )
#( 1 5 10 36 22 0 0 )
#( 0 2 15 28 42 12 0 )
#( 0 4 15 40 23 0 0 )
#( 0 2 27 28 12 0 0 )
#( 3 7 9 21 14 0 0 )
#( 0 6 12 16 25 2 0 )
#( 0 5 14 21 40 8 0 )
#( 0 5 12 17 28 2 0 )
#( 0 1 14 18 28 6 0 )
#( 0 7 15 12 27 11 0 )
#( 0 8 24 22 43 12 0 )
#( 1 4 17 26 30 5 0 )
#( 0 3 20 18 28 8 0 )
#( 0 2 19 19 23 9 0 )
#( 1 12 17 22 20 2 0 )
#( 0 0 17 21 12 0 0 )
#( 0 0 16 21 15 0 0 )
#( 0 0 22 18 13 0 0 )
#( 0 2 15 11 21 0 0 )
#( 0 8 17 17 2 1 0 )
#( 0 4 14 19 35 3 0 )
#( 0 6 11 17 33 7 0 )
#( 0 4 14 19 35 3 0 )
#( 0 2 11 20 21 4 0 )
#( 0 2 2 2 2 1 0 )
