#(8 2 4 3 9 4 1 9 2 7 0 4)
#(14 0 1 3 20 2 6 27 0 0 0 1)
#(12 3 9 3 18 9 3 22 2 5 1 12)
#(12 1 6 2 17 4 4 28 1 2 1 4)
#(7 2 9 3 8 10 1 8 2 15 0 4)
#(6 2 5 2 5 3 3 14 1 8 0 5)
#(15 0 3 0 8 12 0 7 0 12 0 4)
#(19 2 4 2 16 12 0 8 0 19 0 6)
#(11 0 3 0 11 12 0 8 1 12 1 5)
#(12 0 12 1 15 5 1 13 0 4 0 4)
#(29 2 0 18 3 0 0 10 9 0 1 0)
#(26 0 8 0 20 13 0 20 0 13 0 9)
#(13 0 8 18 3 9 0 11 4 4 12 1)
#(10 0 6 22 12 6 0 10 4 0 7 0)
#(15 3 2 0 9 7 4 14 4 10 0 4)
#(3 6 11 0 10 6 3 0 5 18 0 12)
#(5 0 5 0 8 8 1 16 0 2 0 5)
#(7 0 6 0 10 6 0 16 0 4 0 3)
#(9 0 5 4 8 4 3 13 2 2 0 3)
#(13 2 6 0 8 4 0 14 0 0 0 2)
#(2 3 10 1 6 1 5 11 0 4 0 2)
#(16 0 5 0 12 15 0 10 0 13 0 4)
#(13 2 2 2 13 10 0 4 1 19 1 7)
#(15 0 5 0 14 14 0 11 0 12 0 4)
#(9 0 10 1 8 3 1 18 0 4 0 4)
#(6 0 0 0 2 0 0 1 0 0 0 0)
