21
;
#(71 79 60 65 8 5 19 )
#(74 88 55 67 14 12 33 )
#(71 79 60 65 8 5 19 )
#(60 88 48 65 28 17 40 )
#(62 69 47 55 7 8 22 )
#(64 76 47 62 12 15 29 )
#(69 86 54 62 17 8 32 )
#(74 88 54 67 14 13 34 )
#(71 86 47 67 15 20 39 )
#(62 79 47 60 17 13 32 )
#(66 83 55 62 17 7 28 )
#(71 79 60 65 8 5 19 )
#(74 88 55 67 14 12 33 )
#(71 79 60 65 8 5 19 )
#(60 88 48 65 28 17 40 )
#(62 69 47 55 7 8 22 )
#(67 81 52 65 14 13 29 )
#(62 69 47 55 7 8 22 )
#(67 84 52 65 17 13 32 )
#(67 74 48 67 7 19 26 )
#(72 84 48 52 12 4 36 )
