21
;
#(22 0 4 0 16 3 0 3 0 0 0 2)
#(6 0 6 0 5 4 0 9 0 3 0 6)
#(22 0 4 0 16 3 0 3 0 0 0 2)
#(7 0 4 0 7 4 0 6 1 4 0 5)
#(2 0 8 0 10 3 0 16 0 1 0 2)
#(4 0 8 0 5 1 2 12 0 5 0 4)
#(3 0 20 0 1 0 2 2 0 8 0 10)
#(5 0 14 0 3 0 3 7 0 8 0 6)
#(4 0 7 0 4 0 4 15 0 6 0 7)
#(6 0 6 0 2 0 1 13 0 4 0 7)
#(1 0 1 0 0 0 1 4 1 5 1 5)
#(22 0 4 0 16 3 0 3 0 0 0 2)
#(6 0 6 0 5 4 0 9 0 3 0 6)
#(22 0 4 0 16 3 0 3 0 0 0 2)
#(7 0 4 0 7 4 0 6 1 4 0 5)
#(2 0 8 0 10 3 0 16 0 1 0 2)
#(10 0 11 0 4 6 0 5 0 6 0 5)
#(2 0 8 0 10 3 0 16 0 1 0 2)
#(10 0 12 0 3 7 0 6 0 6 0 6)
#(16 0 8 0 4 2 0 3 0 0 0 6)
#(5 0 0 0 6 0 0 2 0 0 0 0)
