#(6 4 12 0 0 0 0 0 0 0 )
#(28 1 3 0 0 0 0 0 0 0 )
#(6 4 12 0 0 0 0 0 0 0 )
#(21 4 3 0 0 0 0 0 0 0 )
#(3 9 7 0 0 0 0 0 0 0 )
#(3 10 6 0 0 0 0 0 0 0 )
#(5 7 9 0 0 0 0 0 0 0 )
#(22 1 6 1 0 0 0 0 0 0 )
#(25 0 6 1 0 0 0 0 0 0 )
#(16 0 5 2 0 0 0 0 0 0 )
#(13 0 2 0 0 0 0 0 0 0 )
#(6 4 12 0 0 0 0 0 0 0 )
#(28 1 3 0 0 0 0 0 0 0 )
#(6 4 12 0 0 0 0 0 0 0 )
#(21 4 3 0 0 0 0 0 0 0 )
#(3 9 7 0 0 0 0 0 0 0 )
#(11 3 10 0 0 0 0 0 0 0 )
#(3 9 7 0 0 0 0 0 0 0 )
#(14 3 10 0 0 0 0 0 0 0 )
#(21 0 6 0 0 0 0 0 0 0 )
#(4 0 3 0 0 0 0 0 0 0 )
