23
;
#(58 72 46 60 14 14 26 )
#(70 86 41 62 16 21 45 )
#(69 86 36 65 17 29 50 )
#(70 86 41 62 16 21 45 )
#(62 86 41 63 24 22 45 )
#(62 81 41 63 19 22 40 )
#(65 89 41 63 24 22 48 )
#(64 84 41 63 20 22 43 )
#(64 82 37 63 18 26 45 )
#(64 86 41 63 22 22 45 )
#(70 86 41 63 16 22 45 )
#(69 86 36 65 17 29 50 )
#(70 86 41 63 16 22 45 )
#(57 86 39 62 29 23 47 )
#(57 75 39 58 18 19 36 )
#(57 82 39 62 25 23 43 )
#(57 72 39 51 15 12 33 )
#(55 79 34 58 24 24 45 )
#(66 82 46 59 16 13 36 )
#(62 84 34 63 22 29 50 )
#(66 82 46 59 16 13 36 )
#(62 82 34 62 20 28 48 )
#(67 87 39 51 20 12 48 )
