23
;
#(4 0 6 2 6 2 0 12 2 8 0 2)
#(18 0 2 2 18 3 0 19 0 2 1 0)
#(16 0 9 2 8 5 4 13 4 6 0 8)
#(18 0 2 2 18 3 0 19 0 2 1 0)
#(19 0 2 0 10 8 1 13 6 7 0 2)
#(5 2 12 0 3 13 2 12 3 9 1 12)
#(15 0 5 0 16 8 0 28 0 7 0 13)
#(12 2 13 2 3 11 2 16 1 9 1 11)
#(25 0 0 3 18 8 3 19 8 7 0 0)
#(11 2 4 1 9 7 1 17 1 2 1 6)
#(22 0 1 1 14 6 0 15 4 5 1 0)
#(12 0 10 3 12 2 4 17 0 3 0 8)
#(21 0 1 1 14 6 0 15 4 5 1 0)
#(19 0 3 0 9 8 1 12 3 8 2 2)
#(23 0 4 4 11 7 2 13 0 8 0 1)
#(7 0 1 5 16 2 5 18 0 8 0 15)
#(22 0 2 4 8 10 2 11 1 8 1 0)
#(16 0 5 1 10 5 0 19 0 4 0 7)
#(20 0 2 16 14 0 0 11 11 0 1 0)
#(13 1 10 1 14 9 1 23 0 2 1 12)
#(20 0 2 16 14 0 0 11 11 0 1 0)
#(21 0 8 0 12 8 0 18 1 5 0 8)
#(6 0 0 0 2 0 0 3 0 0 0 0)
