23
;
#(0 22 0 0 0 0 0 0 0 0 )
#(13 4 5 6 1 0 0 0 0 0 )
#(9 7 4 6 2 1 0 0 0 0 )
#(13 4 5 6 1 0 0 0 0 0 )
#(10 3 3 7 3 0 0 0 0 0 )
#(8 1 6 3 3 2 1 0 0 0 )
#(4 0 8 2 5 4 1 0 0 0 )
#(8 1 7 1 3 2 3 0 0 0 )
#(4 0 10 1 2 6 1 0 0 0 )
#(14 2 4 4 2 1 0 0 0 0 )
#(10 5 5 6 2 0 0 0 0 0 )
#(12 6 4 6 1 1 0 0 0 0 )
#(10 6 4 6 2 0 0 0 0 0 )
#(10 4 4 8 1 0 0 0 0 0 )
#(12 4 5 7 2 0 0 0 0 0 )
#(10 4 5 6 4 0 0 0 0 0 )
#(13 1 4 8 2 0 0 0 0 0 )
#(12 2 5 4 4 0 0 0 0 0 )
#(8 6 3 4 6 0 0 0 0 0 )
#(1 13 4 7 4 0 0 0 0 0 )
#(8 6 3 4 6 0 0 0 0 0 )
#(7 2 7 7 3 1 0 0 0 0 )
#(1 0 0 0 2 0 0 0 0 0 )
