#( 0 0 0 24 14 1 0 )
#( 0 0 2 30 19 0 0 )
#( 0 0 3 26 18 1 0 )
#( 0 0 3 29 22 0 0 )
#( 0 3 7 25 23 3 0 )
#( 0 8 14 10 24 1 0 )
#( 0 0 8 9 18 0 0 )
#( 0 2 12 10 24 1 0 )
#( 0 1 19 5 25 1 0 )
#( 0 0 11 8 18 1 0 )
#( 0 0 12 9 28 5 0 )
#( 0 0 8 14 24 3 0 )
#( 0 1 26 27 20 2 0 )
#( 0 0 1 37 7 10 0 )
#( 0 0 4 31 22 20 0 )
#( 0 0 13 15 30 18 0 )
#( 0 3 6 23 10 0 0 )
#( 0 0 5 23 31 24 0 )
#( 0 3 22 15 28 19 0 )
#( 0 2 4 11 11 0 0 )
#( 0 1 5 8 5 6 0 )
#( 1 8 9 18 6 1 0 )
#( 2 4 12 10 14 2 0 )
#( 0 0 2 26 15 2 0 )
#( 0 0 2 30 19 0 0 )
#( 0 0 3 26 24 1 0 )
#( 0 0 3 29 25 1 0 )
#( 0 1 18 12 25 15 0 )
#( 0 0 16 12 31 25 0 )
#( 0 0 0 18 46 2 0 )
#( 0 0 0 20 32 2 0 )
#( 0 20 12 32 2 0 0 )
#( 0 2 10 29 19 0 0 )
#( 0 0 0 25 17 8 0 )
#( 0 0 10 25 26 7 0 )
#( 0 16 26 18 11 0 0 )
#( 0 1 20 21 13 0 0 )
#( 0 0 14 21 11 3 0 )
#( 0 0 14 19 18 3 0 )
#( 0 0 24 17 21 0 0 )
#( 0 1 21 32 23 0 0 )
#( 0 4 13 30 29 0 0 )
#( 0 3 3 15 16 4 0 )
#( 0 1 8 41 32 0 0 )
#( 0 2 14 31 36 0 0 )
#( 0 0 8 4 44 4 0 )
#( 0 4 9 10 20 10 0 )
#( 0 0 0 25 23 1 0 )
#( 0 0 1 32 22 0 0 )
#( 0 0 15 16 23 1 0 )
#( 0 1 23 10 22 5 0 )
#( 0 4 15 29 20 5 0 )
#( 0 8 28 24 2 0 0 )
#( 0 2 6 3 15 0 0 )
#( 0 10 14 4 9 0 0 )
#( 0 1 12 37 33 0 0 )
#( 0 4 19 33 32 2 0 )
#( 0 0 8 22 23 14 0 )
#( 0 4 17 12 22 4 0 )
#( 0 8 14 11 27 0 0 )
#( 0 0 17 17 28 4 0 )
#( 0 22 2 16 3 1 0 )
#( 0 29 9 19 0 0 0 )
#( 0 1 3 1 0 0 0 )
