#(53 84 36 60 31 24 48 )
#(63 79 36 63 16 27 43 )
#(67 84 36 65 17 29 48 )
#(63 79 36 63 16 27 43 )
#(57 84 36 65 27 29 48 )
#(57 76 41 64 19 23 35 )
#(64 76 50 65 12 15 26 )
#(60 76 48 64 16 16 28 )
#(64 79 46 64 15 18 33 )
#(60 74 36 60 14 24 38 )
#(65 84 36 65 19 29 48 )
#(63 84 36 65 21 29 48 )
#(65 84 36 65 19 29 48 )
#(57 82 36 63 25 27 46 )
#(65 79 41 64 14 23 38 )
#(65 82 34 67 17 33 48 )
#(65 82 41 64 17 23 41 )
#(64 86 34 63 22 29 52 )
#(65 84 39 63 19 24 45 )
#(65 84 38 63 19 25 46 )
#(64 84 39 62 20 23 45 )
#(65 82 34 63 17 29 48 )
