#(12 0 13 0 6 0 0 13 0 5 0 6)
#(8 2 5 4 8 7 3 14 2 7 3 6)
#(13 0 7 1 11 2 4 14 0 4 0 3)
#(8 2 5 4 8 7 3 14 2 7 3 6)
#(13 0 6 1 12 5 2 13 0 10 0 7)
#(7 0 7 0 7 7 0 18 0 1 0 4)
#(8 0 3 2 11 4 2 9 1 7 0 9)
#(4 0 7 0 8 7 0 18 0 1 0 5)
#(4 0 6 0 9 12 0 20 0 8 0 2)
#(9 2 2 2 5 3 0 15 0 7 1 7)
#(13 0 5 3 15 6 3 14 2 6 2 2)
#(8 2 7 2 4 3 4 14 0 5 1 7)
#(11 0 7 2 15 6 3 15 2 6 2 2)
#(14 0 7 0 3 12 2 5 0 12 4 4)
#(13 0 8 0 12 3 1 9 1 7 0 6)
#(10 0 2 1 12 4 1 13 0 6 0 5)
#(13 0 5 2 8 4 3 11 2 8 0 6)
#(16 0 7 0 8 9 1 6 0 5 0 3)
#(17 0 7 2 8 5 0 24 0 11 0 7)
#(18 0 7 2 12 8 0 21 0 11 0 3)
#(22 0 5 6 6 3 4 18 4 7 0 2)
#(19 0 7 0 11 3 0 18 0 2 0 4)
