#(3 24 0 1 0 0 0 0 0 0 )
#(8 9 5 2 4 0 0 0 0 0 )
#(12 6 2 6 1 0 0 0 0 0 )
#(8 9 5 2 4 0 0 0 0 0 )
#(12 8 1 7 2 0 0 0 0 0 )
#(16 6 5 2 0 0 0 0 0 0 )
#(14 9 4 3 0 0 0 0 0 0 )
#(12 7 5 1 1 0 0 0 0 0 )
#(9 7 7 3 1 0 0 0 0 0 )
#(13 5 4 2 2 0 0 0 0 0 )
#(10 10 1 7 2 0 0 0 0 0 )
#(10 5 6 1 3 0 0 0 0 0 )
#(10 10 1 7 2 0 0 0 0 0 )
#(9 5 3 5 3 0 0 0 0 0 )
#(11 8 4 4 1 0 0 0 0 0 )
#(12 6 3 4 1 0 0 0 0 0 )
#(11 8 2 6 1 0 0 0 0 0 )
#(13 8 3 3 1 0 0 0 0 0 )
#(9 11 1 8 3 0 0 0 0 0 )
#(9 11 0 9 3 0 0 0 0 0 )
#(8 11 6 6 1 0 0 0 0 0 )
#(3 11 3 5 2 0 0 0 0 0 )
